
*********************************************
* Sustained Attention and Recognition Memory Experiment - Sustained Attention Task v.1.0
* Date/Time: 13-Nov-2015 13:31:06
* Seed: 213292.0516
* Subject Number: 23
* Subject Name: SR
* Run Number: 1
* debug: 0
*********************************************

run	trl	tdf	sct	simg	crsp	rsp	acc	rt
1	1	0.012	1	532	11	NaN	0	NaN
1	2	0.012	1	31	11	11	1	0.738
1	3	0.012	1	417	11	11	1	0.602
1	4	0.012	1	375	11	11	1	0.609
1	5	0.013	2	239	13	13	1	0.601
1	6	0.013	1	306	11	11	1	0.817
1	7	0.013	1	168	11	11	1	0.672
1	8	0.013	1	32	11	11	1	0.648
1	9	0.013	1	20	11	11	1	0.768
1	10	0.014	1	522	11	11	1	0.504
1	11	0.014	1	218	11	11	1	0.616
1	12	0.014	1	335	11	11	1	0.503
1	13	0.014	1	86	11	11	1	0.687
1	14	0.001	1	151	11	11	1	0.492
1	15	0.001	1	55	11	11	1	0.677
1	16	0.001	1	197	11	11	1	0.637
1	17	0.002	1	347	11	11	1	0.676
1	18	0.002	1	325	11	11	1	0.548
1	19	0.002	1	106	11	11	1	0.572
1	20	0.002	1	362	11	11	1	0.475
1	21	0.002	1	342	11	11	1	0.531
1	22	0.003	1	395	11	11	1	0.507
1	23	0.003	2	228	13	13	1	0.787
1	24	0.003	1	81	11	NaN	0	NaN
1	25	0.003	1	492	11	11	1	0.795
1	26	0.003	1	293	11	11	1	0.675
1	27	0.004	1	211	11	11	1	0.570
1	28	0.004	1	392	11	11	1	0.538
1	29	0.004	1	102	11	11	1	0.586
1	30	0.004	1	383	11	11	1	0.466
1	31	0.004	1	5	11	11	1	0.641
1	32	0.005	1	254	11	11	1	0.745
1	33	0.005	1	281	11	11	1	0.561
1	34	0.005	1	210	11	11	1	0.465
1	35	0.005	1	338	11	11	1	0.536
1	36	0.005	1	158	11	11	1	0.561
1	37	0.006	1	40	11	11	1	0.600
1	38	0.006	1	95	11	11	1	0.512
1	39	0.006	1	303	11	11	1	0.488
1	40	0.006	1	229	11	11	1	0.496
1	41	0.006	1	209	11	11	1	0.535
1	42	0.007	1	180	11	11	1	0.456
1	43	0.007	1	451	11	11	1	0.431
1	44	0.007	2	478	13	13	1	0.751
1	45	0.007	2	206	13	13	1	0.615
1	46	0.007	1	423	11	11	1	0.495
1	47	0.007	1	284	11	11	1	0.630
1	48	0.008	1	297	11	11	1	0.558
1	49	0.008	2	170	13	11	0	0.534
1	50	0.008	1	380	11	11	1	0.797
1	51	0.008	1	402	11	11	1	0.877
1	52	0.008	1	123	11	11	1	0.629
1	53	0.009	2	165	13	13	1	0.637
1	54	0.009	1	144	11	11	1	0.653
1	55	0.009	1	6	11	11	1	0.676
1	56	0.009	1	337	11	11	1	0.621
1	57	0.009	1	112	11	11	1	0.532
1	58	0.010	1	388	11	11	1	0.564
1	59	0.010	1	166	11	11	1	0.468
1	60	0.010	1	523	11	11	1	0.683
1	61	0.010	1	169	11	11	1	0.651
1	62	0.010	1	387	11	11	1	0.555
1	63	0.011	1	262	11	11	1	0.548
1	64	0.011	1	148	11	11	1	0.595
1	65	0.011	1	215	11	11	1	0.707
1	66	0.011	1	340	11	11	1	0.523
1	67	0.011	1	189	11	11	1	0.451
1	68	0.011	1	448	11	11	1	0.443
1	69	0.012	1	396	11	11	1	0.522
1	70	0.012	1	471	11	11	1	0.482
1	71	0.012	1	135	11	11	1	0.410
1	72	0.012	1	511	11	11	1	0.474
1	73	0.012	1	115	11	11	1	0.497
1	74	0.013	1	368	11	11	1	0.401
1	75	0.013	1	233	11	11	1	0.489
1	76	0.013	1	67	11	11	1	0.392
1	77	0.013	1	111	11	11	1	0.441
1	78	0.013	1	66	11	11	1	0.449
1	79	0.014	1	199	11	11	1	0.480
1	80	0.014	1	129	11	11	1	0.448
1	81	0.014	1	384	11	11	1	0.456
1	82	0.014	1	474	11	11	1	0.407
1	83	0.001	1	390	11	11	1	0.421
1	84	0.001	1	455	11	11	1	0.565
1	85	0.001	1	450	11	11	1	0.565
1	86	0.002	1	203	11	11	1	0.461
1	87	0.002	1	238	11	11	1	0.516
1	88	0.002	1	498	11	11	1	0.428
1	89	0.002	1	288	11	11	1	0.531
1	90	0.002	1	482	11	11	1	0.460
1	91	0.003	1	331	11	11	1	0.395
1	92	0.003	1	142	11	11	1	0.491
1	93	0.003	1	376	11	11	1	0.499
1	94	0.003	1	283	11	11	1	0.459
1	95	0.003	1	147	11	11	1	0.411
1	96	0.004	1	372	11	11	1	0.474
1	97	0.004	1	51	11	11	1	0.450
1	98	0.004	1	216	11	11	1	0.522
1	99	0.004	1	73	11	11	1	0.490
1	100	0.004	1	314	11	11	1	0.442
1	101	0.005	1	136	11	11	1	0.385
1	102	0.005	1	494	11	11	1	0.441
1	103	0.005	1	493	11	11	1	0.441
1	104	0.005	1	72	11	11	1	0.488
1	105	0.005	1	22	11	11	1	0.465
1	106	0.006	1	322	11	11	1	0.496
1	107	0.006	1	184	11	11	1	0.480
1	108	0.006	1	208	11	11	1	0.440
1	109	0.006	1	47	11	11	1	0.423
1	110	0.006	1	512	11	11	1	0.431
1	111	0.006	1	393	11	11	1	0.432
1	112	0.007	1	15	11	11	1	0.536
1	113	0.007	1	370	11	11	1	0.487
1	114	0.007	1	509	11	11	1	0.423
1	115	0.007	1	27	11	11	1	0.495
1	116	0.007	1	264	11	11	1	0.486
1	117	0.008	1	506	11	11	1	0.543
1	118	0.008	1	253	11	11	1	0.590
1	119	0.008	2	455	13	NaN	0	NaN
1	120	0.008	1	458	11	11	1	0.765
1	121	0.008	1	540	11	NaN	0	NaN
1	122	0.009	1	547	11	11	1	0.629
1	123	0.009	2	76	13	13	1	0.661
1	124	0.009	1	462	11	11	1	0.757
1	125	0.009	1	260	11	11	1	0.741
1	126	0.009	1	317	11	11	1	0.820
1	127	0.010	2	294	13	13	1	0.540
1	128	0.010	1	360	11	11	1	0.724
1	129	0.010	1	420	11	11	1	0.540
1	130	0.010	1	449	11	NaN	0	NaN
1	131	0.010	2	93	13	13	1	0.692
1	132	0.011	1	12	11	11	1	0.547
1	133	0.011	1	154	11	11	1	0.611
1	134	0.011	1	500	11	11	1	0.627
1	135	0.011	1	440	11	11	1	0.627
1	136	0.011	2	465	13	13	1	0.707
1	137	0.012	1	104	11	11	1	0.547
1	138	0.012	1	58	11	11	1	0.875
1	139	0.012	1	457	11	11	1	0.682
1	140	0.012	2	533	13	13	1	0.593
1	141	0.012	1	207	11	11	1	0.794
1	142	0.012	1	164	11	NaN	0	NaN
1	143	0.013	1	489	11	11	1	0.049
1	144	0.013	1	232	11	11	1	0.561
1	145	0.013	2	211	13	13	1	0.641
1	146	0.013	1	134	11	11	1	0.616
1	147	0.013	1	190	11	11	1	0.560
1	148	0.014	1	429	11	11	1	0.504
1	149	0.014	1	286	11	11	1	0.664
1	150	0.014	1	422	11	11	1	0.584
1	151	0.001	1	255	11	11	1	0.685
1	152	0.001	1	357	11	11	1	0.557
1	153	0.001	1	307	11	11	1	0.564
1	154	0.001	1	367	11	11	1	0.581
1	155	0.002	1	356	11	11	1	0.628
1	156	0.002	1	502	11	11	1	0.564
1	157	0.002	1	13	11	11	1	0.564
1	158	0.002	1	406	11	11	1	0.476
1	159	0.002	1	344	11	11	1	0.579
1	160	0.003	1	103	11	11	1	0.548
1	161	0.003	1	4	11	11	1	0.467
1	162	0.003	1	258	11	11	1	0.427
1	163	0.003	1	382	11	11	1	0.499
1	164	0.003	1	26	11	11	1	0.410
1	165	0.004	1	517	11	11	1	0.522
1	166	0.004	1	88	11	11	1	0.514
1	167	0.004	1	437	11	11	1	0.465
1	168	0.004	1	525	11	11	1	0.465
1	169	0.004	1	63	11	11	1	0.521
1	170	0.005	1	330	11	11	1	0.441
1	171	0.005	1	37	11	11	1	0.433
1	172	0.005	1	90	11	11	1	0.409
1	173	0.005	1	353	11	11	1	0.369
1	174	0.005	1	295	11	11	1	0.369
1	175	0.006	2	310	13	11	0	0.337
1	176	0.006	1	266	11	11	1	0.473
1	177	0.006	1	139	11	11	1	0.568
1	178	0.006	1	33	11	11	1	0.567
1	179	0.006	1	226	11	11	1	0.623
1	180	0.006	1	263	11	11	1	0.543
1	181	0.007	1	315	11	11	1	0.439
1	182	0.007	1	64	11	11	1	0.511
1	183	0.007	1	304	11	11	1	0.455
1	184	0.007	1	1	11	11	1	0.518
1	185	0.008	1	316	11	11	1	0.614
1	186	0.008	1	100	11	11	1	0.598
1	187	0.008	1	309	11	11	1	0.598
1	188	0.008	1	398	11	11	1	0.614
1	189	0.008	1	48	11	11	1	0.645
1	190	0.008	1	442	11	11	1	0.621
1	191	0.009	2	348	13	13	1	0.677
1	192	0.009	1	505	11	11	1	0.685
1	193	0.009	1	16	11	11	1	0.605
1	194	0.009	1	172	11	11	1	0.509
1	195	0.009	1	491	11	11	1	0.580
1	196	0.010	1	544	11	11	1	0.540
1	197	0.010	1	508	11	11	1	0.500
1	198	0.010	1	294	11	11	1	0.828
1	199	0.010	1	239	11	11	1	0.540
1	200	0.010	1	170	11	11	1	0.580
1	201	0.011	2	217	13	13	1	0.603
1	202	0.011	1	519	11	11	1	0.628
1	203	0.011	1	399	11	11	1	0.675
1	204	0.011	1	257	11	11	1	0.659
1	205	0.011	2	308	13	13	1	0.618
1	206	0.012	1	428	11	11	1	0.618
1	207	0.012	1	192	11	11	1	0.722
1	208	0.012	1	467	11	11	1	0.618
1	209	0.012	1	80	11	11	1	0.529
1	210	0.012	1	82	11	11	1	0.642
1	211	0.012	1	194	11	11	1	0.554
1	212	0.013	1	352	11	11	1	0.673
1	213	0.013	1	157	11	11	1	0.593
1	214	0.013	1	480	11	11	1	0.529
1	215	0.013	1	276	11	11	1	0.449
1	216	0.013	1	205	11	11	1	0.472
1	217	0.014	1	496	11	11	1	0.520
1	218	0.014	1	54	11	11	1	0.504
1	219	0.014	1	272	11	11	1	0.480
1	220	0.014	1	251	11	11	1	0.631
1	221	0.001	1	515	11	11	1	0.508
1	222	0.001	1	101	11	11	1	0.532
1	223	0.002	1	426	11	11	1	0.476
1	224	0.002	1	79	11	11	1	0.404
1	225	0.002	1	327	11	11	1	0.436
1	226	0.002	1	93	11	11	1	0.396
1	227	0.002	2	328	13	13	1	0.596
1	228	0.002	1	127	11	11	1	0.547
1	229	0.003	1	62	11	11	1	0.515
1	230	0.003	1	225	11	11	1	0.507
1	231	0.003	1	175	11	11	1	0.723
1	232	0.003	1	529	11	11	1	0.603
1	233	0.003	1	453	11	11	1	0.474
1	234	0.004	1	490	11	11	1	0.434
1	235	0.004	1	270	11	11	1	0.482
1	236	0.004	1	167	11	11	1	0.450
1	237	0.004	1	114	11	11	1	0.442
1	238	0.004	1	446	11	11	1	0.513
1	239	0.005	1	299	11	11	1	0.489
1	240	0.005	1	408	11	11	1	0.529
1	241	0.005	1	69	11	11	1	0.425
1	242	0.005	1	76	11	11	1	0.481
1	243	0.005	1	473	11	11	1	0.528
1	244	0.006	1	454	11	11	1	0.528
1	245	0.006	1	504	11	11	1	0.536
1	246	0.006	1	265	11	11	1	0.512
1	247	0.006	1	510	11	11	1	0.528
1	248	0.006	1	358	11	11	1	0.487
1	249	0.007	1	385	11	11	1	0.471
1	250	0.007	1	394	11	11	1	0.535
1	251	0.007	1	520	11	11	1	0.503
1	252	0.007	1	541	11	11	1	0.463
1	253	0.007	1	89	11	11	1	0.606
1	254	0.008	1	349	11	11	1	0.502
1	255	0.008	1	212	11	11	1	0.662
1	256	0.008	1	140	11	11	1	0.590
1	257	0.008	1	403	11	11	1	0.686
1	258	0.008	2	500	13	13	1	0.765
1	259	0.008	1	10	11	11	1	0.726
1	260	0.009	1	120	11	11	1	0.733
1	261	0.009	1	447	11	11	1	0.653
1	262	0.009	2	531	13	13	1	0.628
1	263	0.009	1	279	11	11	1	0.676
1	264	0.009	1	336	11	NaN	0	NaN
1	265	0.010	1	77	11	11	1	0.748
1	266	0.010	2	360	13	13	1	0.740
1	267	0.010	1	60	11	11	1	0.556
1	268	0.010	1	96	11	11	1	0.459
1	269	0.010	1	334	11	11	1	0.476
1	270	0.011	1	191	11	11	1	0.435
1	271	0.011	1	436	11	11	1	0.459
1	272	0.011	1	354	11	11	1	0.419
1	273	0.011	1	110	11	11	1	0.475
1	274	0.011	1	3	11	11	1	0.418
1	275	0.012	1	53	11	11	1	0.371
1	276	0.012	2	433	13	13	1	0.570
1	277	0.012	1	7	11	11	1	0.650
1	278	0.012	1	206	11	11	1	0.562
1	279	0.012	1	138	11	11	1	0.530
1	280	0.012	1	345	11	11	1	0.521
1	281	0.013	1	17	11	11	1	0.506
1	282	0.013	1	277	11	11	1	0.393
1	283	0.013	1	312	11	11	1	0.377
1	284	0.013	1	439	11	11	1	0.393
1	285	0.013	2	313	13	13	1	0.600
1	286	0.014	1	310	11	11	1	0.545
1	287	0.014	1	68	11	11	1	0.472
1	288	0.014	1	413	11	11	1	0.400
1	289	0.001	1	160	11	11	1	0.485
1	290	0.001	1	143	11	11	1	0.461
1	291	0.001	1	83	11	11	1	0.453
1	292	0.001	1	533	11	11	1	0.420
1	293	0.002	1	245	11	11	1	0.452
1	294	0.002	1	85	11	11	1	0.500
1	295	0.002	1	410	11	11	1	0.484
1	296	0.002	1	75	11	11	1	0.436
1	297	0.002	1	228	11	11	1	0.452
1	298	0.003	1	244	11	11	1	0.411
1	299	0.003	1	411	11	11	1	0.419
1	300	0.003	1	280	11	11	1	0.403
1	301	0.003	1	99	11	11	1	0.467
1	302	0.003	1	220	11	11	1	0.530
1	303	0.004	1	401	11	11	1	0.546
1	304	0.004	1	240	11	11	1	0.482
1	305	0.004	1	499	11	11	1	0.410
1	306	0.004	1	236	11	11	1	0.449
1	307	0.004	1	503	11	11	1	0.706
1	308	0.005	1	319	11	11	1	0.457
1	309	0.005	1	550	11	11	1	0.441
1	310	0.005	1	405	11	11	1	0.385
1	311	0.005	1	497	11	11	1	0.385
1	312	0.005	1	42	11	11	1	0.457
1	313	0.005	1	202	11	11	1	0.401
1	314	0.006	1	407	11	11	1	0.400
1	315	0.006	1	243	11	11	1	0.512
1	316	0.006	1	28	11	11	1	0.520
1	317	0.006	1	301	11	11	1	0.527
1	318	0.007	1	371	11	11	1	0.639
1	319	0.007	1	224	11	11	1	0.591
1	320	0.007	1	545	11	11	1	0.687
1	321	0.007	2	421	13	13	1	0.879
1	322	0.007	1	539	11	11	1	0.623
1	323	0.008	1	528	11	11	1	0.543
1	324	0.008	1	91	11	11	1	0.414
1	325	0.008	1	421	11	11	1	0.406
1	326	0.008	1	94	11	11	1	0.414
1	327	0.008	1	198	11	11	1	0.413
1	328	0.008	1	153	11	11	1	0.477
1	329	0.009	1	24	11	11	1	0.437
1	330	0.009	1	56	11	11	1	0.469
1	331	0.009	1	219	11	11	1	0.484
1	332	0.009	1	25	11	11	1	0.429
1	333	0.009	1	108	11	11	1	0.420
1	334	0.010	1	524	11	11	1	0.372
1	335	0.010	1	128	11	11	1	0.348
1	336	0.010	2	453	13	11	0	0.564
1	337	0.010	1	30	11	11	1	0.500
1	338	0.010	1	156	11	11	1	0.547
1	339	0.011	1	416	11	11	1	0.443
1	340	0.011	1	548	11	11	1	0.523
1	341	0.011	1	483	11	11	1	0.475
1	342	0.011	1	187	11	11	1	0.539
1	343	0.011	1	343	11	11	1	0.747
1	344	0.011	1	431	11	11	1	0.474
1	345	0.012	1	126	11	11	1	0.434
1	346	0.012	1	248	11	11	1	0.418
1	347	0.012	1	35	11	11	1	0.474
1	348	0.012	1	468	11	NaN	0	NaN
1	349	0.012	1	348	11	11	1	0.665
1	350	0.013	1	534	11	11	1	0.802
1	351	0.013	2	11	13	13	1	0.624
1	352	0.013	1	241	11	11	1	0.465
1	353	0.013	1	269	11	11	1	0.545
1	354	0.013	1	274	11	11	1	0.424
1	355	0.014	1	201	11	11	1	0.376
1	356	0.014	1	8	11	11	1	0.424
1	357	0.014	1	546	11	11	1	0.424
1	358	0.001	1	355	11	11	1	0.413
1	359	0.001	1	132	11	11	1	0.404
1	360	0.001	1	296	11	11	1	0.365
1	361	0.002	1	149	11	11	1	0.436
1	362	0.002	1	124	11	11	1	0.436
1	363	0.002	1	400	11	11	1	0.452
1	364	0.002	1	249	11	11	1	0.443
1	365	0.002	1	298	11	11	1	0.420
1	366	0.002	1	530	11	11	1	0.412
1	367	0.003	1	507	11	11	1	0.348
1	368	0.003	1	481	11	11	1	0.355
1	369	0.003	2	152	13	13	1	0.515
1	370	0.003	1	29	11	11	1	0.475
1	371	0.003	1	133	11	11	1	0.547
1	372	0.004	1	195	11	11	1	0.466
1	373	0.004	1	289	11	11	1	0.442
1	374	0.004	1	513	11	11	1	0.497
1	375	0.004	1	165	11	11	1	0.417
1	376	0.004	1	150	11	11	1	0.354
1	377	0.005	1	386	11	11	1	0.369
1	378	0.005	1	287	11	11	1	0.393
1	379	0.005	1	369	11	11	1	0.401
1	380	0.005	1	465	11	11	1	0.361
1	381	0.005	1	361	11	11	1	0.360
1	382	0.006	1	460	11	11	1	0.384
1	383	0.006	1	250	11	11	1	0.432
1	384	0.006	1	174	11	11	1	0.376
1	385	0.006	1	84	11	11	1	0.392
1	386	0.006	1	235	11	11	1	0.407
1	387	0.007	1	61	11	11	1	0.391
1	388	0.007	1	36	11	11	1	0.431
1	389	0.007	1	14	11	11	1	0.407
1	390	0.007	1	44	11	11	1	0.375
1	391	0.007	1	305	11	11	1	0.335
1	392	0.008	1	441	11	11	1	0.366
1	393	0.008	1	161	11	11	1	0.310
1	394	0.008	2	1	13	11	0	0.382
1	395	0.008	1	397	11	11	1	0.598
1	396	0.008	1	122	11	11	1	0.558
1	397	0.009	1	318	11	11	1	0.637
1	398	0.009	2	539	13	13	1	0.605
1	399	0.009	1	181	11	11	1	0.709
1	400	0.009	1	389	11	11	1	0.845
1	401	0.009	1	535	11	11	1	0.580
1	402	0.009	2	538	13	13	1	0.612
1	403	0.010	1	273	11	11	1	0.740
1	404	0.010	1	300	11	11	1	0.772
1	405	0.010	1	434	11	11	1	0.500
1	406	0.010	2	479	13	13	1	0.660
1	407	0.010	1	438	11	11	1	0.588
1	408	0.011	1	409	11	11	1	0.531
1	409	0.011	1	282	11	11	1	0.483
1	410	0.011	1	366	11	11	1	0.507
1	411	0.011	1	182	11	11	1	0.490
1	412	0.011	1	324	11	11	1	0.466
1	413	0.012	1	43	11	11	1	0.459
1	414	0.012	1	311	11	11	1	0.611
1	415	0.012	1	475	11	11	1	0.498
1	416	0.012	1	227	11	11	1	0.497
1	417	0.012	1	204	11	11	1	0.722
1	418	0.012	1	78	11	11	1	0.473
1	419	0.013	1	71	11	11	1	0.481
1	420	0.013	1	256	11	11	1	0.449
1	421	0.013	1	464	11	11	1	0.393
1	422	0.013	1	196	11	11	1	0.441
1	423	0.013	1	242	11	11	1	0.496
1	424	0.014	1	476	11	11	1	0.512
1	425	0.014	1	2	11	11	1	0.440
1	426	0.014	1	328	11	11	1	0.536
1	427	0.001	1	487	11	11	1	0.469
1	428	0.001	1	118	11	11	1	0.493
1	429	0.001	1	516	11	11	1	0.517
1	430	0.002	1	171	11	11	1	0.700
1	431	0.002	1	200	11	11	1	0.685
1	432	0.002	2	498	13	13	1	0.716
1	433	0.002	1	188	11	11	1	0.619
1	434	0.002	1	131	11	11	1	0.604
1	435	0.003	1	11	11	11	1	0.676
1	436	0.003	2	496	13	13	1	0.595
1	437	0.003	1	49	11	11	1	0.747
1	438	0.003	1	116	11	11	1	0.514
1	439	0.003	1	107	11	11	1	0.570
1	440	0.003	1	479	11	11	1	0.458
1	441	0.004	1	193	11	11	1	0.594
1	442	0.004	1	23	11	11	1	0.514
1	443	0.004	1	391	11	11	1	0.490
1	444	0.004	1	488	11	11	1	0.506
1	445	0.004	1	459	11	11	1	0.617
1	446	0.005	1	461	11	11	1	0.505
1	447	0.005	1	531	11	11	1	0.649
1	448	0.005	1	109	11	11	1	0.777
1	449	0.005	1	381	11	11	1	0.593
1	450	0.005	1	121	11	11	1	0.705
1	451	0.005	1	213	11	11	1	0.536
1	452	0.006	1	65	11	11	1	0.440
1	453	0.006	1	45	11	11	1	0.423
1	454	0.006	1	178	11	11	1	0.391
1	455	0.006	1	159	11	11	1	0.359
1	456	0.007	1	432	11	11	1	0.359
1	457	0.007	2	495	13	13	1	0.583
1	458	0.007	1	291	11	11	1	0.590
1	459	0.007	1	321	11	11	1	0.823
1	460	0.007	1	186	11	11	1	0.558
1	461	0.008	1	452	11	11	1	0.503
1	462	0.008	1	41	11	11	1	0.526
1	463	0.008	1	18	11	11	1	0.461
1	464	0.008	1	146	11	11	1	0.422
1	465	0.008	1	87	11	11	1	0.597
1	466	0.009	1	246	11	11	1	0.557
1	467	0.009	1	119	11	11	1	0.549
1	468	0.009	1	486	11	11	1	0.517
1	469	0.009	1	404	11	11	1	0.469
1	470	0.009	1	425	11	11	1	0.428
1	471	0.009	2	376	13	13	1	0.524
1	472	0.010	1	341	11	11	1	0.548
1	473	0.010	1	117	11	11	1	0.740
1	474	0.010	1	537	11	11	1	0.540
1	475	0.010	1	351	11	11	1	0.539
1	476	0.010	2	297	13	13	1	0.652
1	477	0.011	1	472	11	11	1	0.875
1	478	0.011	1	365	11	11	1	0.595
1	479	0.011	1	173	11	11	1	0.515
1	480	0.011	1	113	11	11	1	0.499
1	481	0.011	1	470	11	11	1	0.458
1	482	0.012	1	377	11	11	1	0.418
1	483	0.012	1	466	11	11	1	0.370
1	484	0.012	1	183	11	11	1	0.426
1	485	0.012	1	538	11	11	1	0.498
1	486	0.012	1	526	11	11	1	0.385
1	487	0.012	1	70	11	11	1	0.425
1	488	0.013	1	478	11	11	1	0.385
1	489	0.013	1	162	11	11	1	0.385
1	490	0.013	1	19	11	11	1	0.489
1	491	0.013	1	152	11	11	1	0.417
1	492	0.013	1	247	11	11	1	0.409
1	493	0.014	1	308	11	11	1	0.472
1	494	0.014	1	527	11	11	1	0.400
1	495	0.014	1	105	11	11	1	0.360
1	496	0.001	1	125	11	11	1	0.437
1	497	0.001	1	373	11	11	1	0.493
1	498	0.001	1	98	11	11	1	0.421
1	499	0.002	1	261	11	11	1	0.452
1	500	0.002	1	268	11	11	1	0.484

*********************************************
* Sustained Attention and Recognition Memory Experiment - Memory Test v.1.0
* Date/Time: 13-Nov-2015 13:44:14
* Seed: 212357.1048
* Subject Number: 23
* Subject Name: SR
* Run Number: 1
* debug: 0
*********************************************

1	1	2	2	360	31	0	3.801
1	2	2	4	378	32	0	3.605
1	3	2	2	453	31	0	4.964
1	4	1	1	72	33	1	2.371
1	5	1	3	484	31	1	3.490
1	6	1	1	197	32	1	1.500
1	7	2	2	165	33	1	1.251
1	8	2	4	235	30	1	5.368
1	9	1	3	46	32	0	1.872
1	10	1	1	115	33	1	3.971
1	11	2	4	423	30	1	2.327
1	12	2	2	228	33	1	1.922
1	13	1	1	156	32	1	4.311
1	14	1	3	231	31	1	6.084
1	15	2	4	454	30	1	2.388
1	16	2	4	214	30	1	1.955
1	17	2	4	77	30	1	1.731
1	18	1	1	4	33	1	1.750
1	19	1	1	287	32	1	2.234
1	20	1	3	285	32	0	2.236
1	21	1	3	230	31	1	3.680
1	22	1	1	425	33	1	2.325
1	23	1	1	20	32	1	1.383
1	24	1	3	374	32	0	1.303
1	25	1	1	94	32	1	2.174
1	26	1	3	275	31	1	1.990
1	27	1	3	222	30	1	2.204
1	28	1	3	412	31	1	1.906
1	29	1	3	469	30	1	1.974
1	30	1	3	52	31	1	1.963
1	31	1	3	259	32	0	1.594
1	32	1	3	59	31	1	1.500
1	33	1	1	1	33	1	2.204
1	34	1	3	313	32	0	2.795
1	35	1	3	326	31	1	4.081
1	36	1	3	179	30	1	3.099
1	37	2	2	294	33	1	2.478
1	38	2	2	538	33	1	2.273
1	39	2	2	478	32	1	2.413
1	40	2	4	335	30	1	2.559
1	41	2	2	479	31	0	2.043
1	42	2	4	224	31	1	2.131
1	43	1	1	342	32	1	2.877
1	44	2	4	26	30	1	2.732
1	45	2	2	495	33	1	1.924
1	46	2	4	66	31	1	4.117
1	47	1	1	354	33	1	2.549
1	48	1	1	330	32	1	1.991
1	49	1	3	320	31	1	3.333
1	50	1	1	158	31	0	2.714
1	51	2	2	308	32	1	4.516
1	52	1	3	350	32	0	5.892
1	53	1	1	513	31	0	3.740
1	54	1	3	185	31	1	2.110
1	55	1	3	290	32	0	2.913
1	56	2	4	119	30	1	3.643
1	57	2	2	500	31	0	3.951
1	58	1	3	444	32	0	2.798
1	59	2	4	174	31	1	2.882
1	60	2	2	533	33	1	2.324
1	61	1	3	433	32	0	4.030
1	62	1	3	57	31	1	2.048
1	63	2	4	210	30	1	1.567
1	64	2	4	156	31	1	3.436
1	65	1	1	399	30	0	2.803
1	66	1	1	366	32	1	2.174
1	67	2	2	152	32	1	4.612
1	68	1	1	306	31	0	2.341
1	69	1	3	445	32	0	2.808
1	70	1	1	88	32	1	3.644
1	71	2	2	217	30	0	3.460
1	72	1	1	150	30	0	1.840
1	73	2	2	348	31	0	1.282
1	74	2	4	46	30	1	2.020
1	75	1	3	332	30	1	2.855
1	76	1	3	252	31	1	2.256
1	77	2	4	286	31	1	2.028
1	78	1	3	414	32	0	2.135
1	79	2	4	307	30	1	2.447
1	80	1	1	160	32	1	4.403
1	81	1	1	250	32	1	1.412
1	82	1	1	256	30	0	3.695
1	83	1	3	430	32	0	3.808
1	84	1	1	108	31	0	2.917
1	85	1	3	39	32	0	1.964
1	86	2	4	510	30	1	2.228
1	87	1	1	473	30	0	1.685
1	88	2	4	133	30	1	3.118
1	89	1	1	388	32	1	2.426
1	90	1	3	443	32	0	1.518
1	91	2	4	504	31	1	2.830
1	92	1	1	273	31	0	1.925
1	93	1	1	28	31	0	1.965
1	94	1	3	177	32	0	4.282
1	95	1	1	515	33	1	0.934
1	96	1	1	349	31	0	2.618
1	97	1	3	379	32	0	1.610
1	98	1	1	272	32	1	1.724
1	99	2	4	361	31	1	1.878
1	100	2	2	421	30	0	1.579
1	101	1	1	535	32	1	2.520
1	102	1	1	527	33	1	1.228
1	103	2	4	266	31	1	2.710
1	104	1	3	518	30	1	1.318
1	105	2	2	11	31	0	2.048
1	106	1	1	382	32	1	1.612
1	107	1	3	495	32	0	1.236
1	108	1	3	333	30	1	1.507
1	109	1	3	542	32	0	1.494
1	110	2	2	93	30	0	1.499
1	111	1	3	217	31	1	2.101
1	112	2	4	324	30	1	1.501
1	113	2	2	76	32	1	2.444
1	114	1	3	521	31	1	1.725
1	115	2	4	260	30	1	1.680
1	116	2	2	496	33	1	1.788
1	117	2	4	320	31	1	1.929
1	118	1	1	89	33	1	1.432
1	119	1	1	409	32	1	1.035
1	120	1	3	549	31	1	1.582
1	121	1	3	74	31	1	1.781
1	122	1	3	221	31	1	1.332
1	123	1	1	133	32	1	1.006
1	124	2	4	274	30	1	1.558
1	125	2	2	239	33	1	2.467
1	126	2	4	481	31	1	1.938
1	127	1	1	104	32	1	2.087
1	128	2	4	381	31	1	1.830
1	129	2	4	147	30	1	2.373
1	130	1	1	6	32	1	2.189
1	131	1	1	136	31	0	1.535
1	132	1	3	137	30	1	2.692
1	133	1	3	292	32	0	1.158
1	134	2	4	491	31	1	1.061
1	135	1	3	485	31	1	2.495
1	136	2	2	433	31	0	1.743
1	137	2	2	1	31	0	3.182
1	138	1	1	498	32	1	3.296
1	139	2	4	396	30	1	1.269
1	140	1	1	286	31	0	1.188
1	141	2	2	297	30	0	1.140
1	142	2	2	376	33	1	1.508
1	143	1	1	261	31	0	1.232
1	144	2	2	170	30	0	1.282
1	145	2	2	328	31	0	1.447
1	146	1	1	334	31	0	1.228
1	147	2	2	310	31	0	1.596
1	148	2	4	331	31	1	0.856
1	149	1	3	378	31	1	1.120
1	150	2	2	455	30	0	1.175
1	151	1	1	367	30	0	1.135
1	152	1	3	339	31	1	1.316
1	153	2	4	16	30	1	1.011
1	154	2	2	206	31	0	2.443
1	155	1	3	267	31	1	2.764
1	156	2	4	183	30	1	0.847
1	157	1	3	176	30	1	1.454
1	158	1	1	216	32	1	1.539
1	159	1	1	165	32	1	1.163
1	160	2	2	539	31	0	1.277
1	161	2	4	151	30	1	1.800
1	162	1	3	234	30	1	1.919
1	163	2	2	211	30	0	1.422
1	164	1	1	246	33	1	2.168
1	165	2	2	498	32	1	2.370
1	166	2	2	465	31	0	2.287
1	167	1	1	327	32	1	1.263
1	168	1	1	49	31	0	1.507
1	169	2	2	531	31	0	1.438
1	170	2	2	313	33	1	2.106
1	171	2	4	21	30	1	1.556
1	172	1	3	435	31	1	1.223
