
*********************************************
* Sustained Attention and Recognition Memory Experiment - Sustained Attention Task v.1.0
* Date/Time: 01-Nov-2015 12:02:20
* Seed: 204573.9154
* Subject Number: 10
* Subject Name: ES
* Run Number: 1
* debug: 0
*********************************************

run	trl	tdf	sct	simg	crsp	rsp	acc	rt
1	1	0.013	2	170	11	NaN	0	NaN
1	2	0.013	2	319	11	NaN	0	NaN
1	3	0.013	2	333	11	NaN	0	NaN
1	4	0.013	2	446	11	NaN	0	NaN
1	5	0.013	2	320	11	11	1	0.716
1	6	0.013	2	48	11	11	1	0.796
1	7	0.014	2	30	11	11	1	0.587
1	8	0.014	2	493	11	11	1	0.683
1	9	0.014	1	285	13	13	1	0.619
1	10	0.001	2	509	11	11	1	0.568
1	11	0.001	2	268	11	11	1	0.600
1	12	0.001	2	143	11	11	1	0.663
1	13	0.001	2	369	11	11	1	0.607
1	14	0.002	2	367	11	11	1	0.639
1	15	0.002	2	323	11	11	1	0.519
1	16	0.002	2	366	11	11	1	0.646
1	17	0.002	2	476	11	11	1	0.607
1	18	0.003	2	332	11	11	1	0.726
1	19	0.003	2	22	11	11	1	0.582
1	20	0.003	2	126	11	11	1	0.558
1	21	0.003	2	241	11	11	1	0.494
1	22	0.003	2	86	11	11	1	0.478
1	23	0.003	2	261	11	11	1	0.550
1	24	0.004	2	42	11	11	1	0.525
1	25	0.004	2	360	11	11	1	0.550
1	26	0.004	1	395	13	13	1	0.717
1	27	0.004	2	426	11	11	1	0.844
1	28	0.004	2	276	11	11	1	0.581
1	29	0.005	2	378	11	11	1	0.485
1	30	0.005	2	62	11	11	1	0.852
1	31	0.005	2	14	11	NaN	0	NaN
1	32	0.005	2	370	11	11	1	0.588
1	33	0.005	2	404	11	11	1	0.515
1	34	0.006	2	463	11	11	1	0.476
1	35	0.006	2	203	11	11	1	0.459
1	36	0.006	2	368	11	11	1	0.523
1	37	0.006	2	253	11	11	1	0.483
1	38	0.006	2	508	11	11	1	0.403
1	39	0.007	2	29	11	11	1	0.395
1	40	0.007	2	549	11	11	1	0.450
1	41	0.007	1	435	13	13	1	0.562
1	42	0.007	2	401	11	11	1	0.665
1	43	0.007	2	60	11	11	1	0.633
1	44	0.008	2	263	11	11	1	0.585
1	45	0.008	2	489	11	11	1	0.665
1	46	0.008	1	288	13	13	1	0.745
1	47	0.008	1	169	13	13	1	0.737
1	48	0.008	2	449	11	NaN	0	NaN
1	49	0.009	2	247	11	11	1	0.025
1	50	0.009	2	502	11	11	1	0.608
1	51	0.009	1	21	13	11	0	0.616
1	52	0.009	2	161	11	11	1	0.623
1	53	0.009	2	292	11	11	1	0.512
1	54	0.009	2	334	11	11	1	0.392
1	55	0.010	2	147	11	11	1	0.407
1	56	0.010	2	501	11	11	1	0.487
1	57	0.010	2	461	11	11	1	0.407
1	58	0.010	2	297	11	11	1	0.367
1	59	0.010	2	114	11	11	1	0.390
1	60	0.011	2	225	11	11	1	0.494
1	61	0.011	2	336	11	11	1	0.694
1	62	0.011	2	164	11	11	1	0.582
1	63	0.011	2	21	11	11	1	0.526
1	64	0.011	2	447	11	11	1	0.518
1	65	0.011	2	150	11	11	1	0.493
1	66	0.012	2	466	11	11	1	0.437
1	67	0.012	2	479	11	11	1	0.469
1	68	0.012	2	68	11	11	1	0.684
1	69	0.012	2	483	11	11	1	0.501
1	70	0.012	2	391	11	11	1	0.828
1	71	0.013	1	342	13	13	1	0.604
1	72	0.013	2	142	11	11	1	0.556
1	73	0.013	2	284	11	11	1	0.524
1	74	0.013	2	398	11	11	1	0.484
1	75	0.013	2	494	11	11	1	0.476
1	76	0.014	2	131	11	13	0	0.563
1	77	0.014	2	108	11	11	1	0.875
1	78	0.014	2	433	11	11	1	0.547
1	79	0.001	1	130	13	13	1	0.568
1	80	0.001	2	46	11	11	1	0.736
1	81	0.001	2	98	11	11	1	0.464
1	82	0.002	2	544	11	11	1	0.535
1	83	0.002	2	498	11	11	1	0.519
1	84	0.002	2	274	11	11	1	0.671
1	85	0.002	2	392	11	11	1	0.559
1	86	0.002	2	536	11	11	1	0.455
1	87	0.002	2	482	11	11	1	0.583
1	88	0.003	2	512	11	11	1	0.527
1	89	0.003	2	91	11	11	1	0.438
1	90	0.003	2	88	11	11	1	0.390
1	91	0.003	2	497	11	11	1	0.422
1	92	0.003	2	128	11	11	1	0.365
1	93	0.004	2	217	11	11	1	0.373
1	94	0.004	2	94	11	11	1	0.597
1	95	0.004	2	487	11	11	1	0.573
1	96	0.004	2	402	11	11	1	0.437
1	97	0.004	2	129	11	11	1	0.452
1	98	0.005	2	44	11	11	1	0.397
1	99	0.005	2	444	11	11	1	0.572
1	100	0.005	2	371	11	11	1	0.436
1	101	0.005	2	354	11	11	1	0.460
1	102	0.005	2	518	11	11	1	0.395
1	103	0.006	2	218	11	11	1	0.475
1	104	0.006	2	15	11	11	1	0.404
1	105	0.006	2	155	11	11	1	0.355
1	106	0.006	2	339	11	11	1	0.298
1	107	0.006	2	239	11	11	1	0.435
1	108	0.007	2	533	11	11	1	0.563
1	109	0.007	2	65	11	11	1	0.426
1	110	0.007	2	510	11	11	1	0.418
1	111	0.007	2	352	11	11	1	0.490
1	112	0.007	2	32	11	11	1	0.714
1	113	0.008	2	381	11	11	1	0.545
1	114	0.008	2	227	11	11	1	0.417
1	115	0.008	2	16	11	11	1	0.409
1	116	0.008	2	226	11	11	1	0.321
1	117	0.008	2	548	11	11	1	0.329
1	118	0.009	2	20	11	11	1	0.353
1	119	0.009	2	411	11	11	1	0.345
1	120	0.009	2	516	11	11	1	0.352
1	121	0.009	2	288	11	11	1	0.344
1	122	0.009	2	140	11	11	1	0.368
1	123	0.009	2	54	11	11	1	0.327
1	124	0.010	2	167	11	11	1	0.319
1	125	0.010	2	71	11	11	1	0.415
1	126	0.010	2	215	11	11	1	0.399
1	127	0.010	2	528	11	11	1	0.391
1	128	0.010	2	185	11	11	1	0.319
1	129	0.011	2	158	11	11	1	0.255
1	130	0.011	2	531	11	11	1	0.286
1	131	0.011	2	480	11	11	1	0.286
1	132	0.011	2	405	11	11	1	0.294
1	133	0.011	2	462	11	11	1	0.269
1	134	0.012	2	35	11	11	1	0.286
1	135	0.012	2	471	11	11	1	0.246
1	136	0.012	2	271	11	11	1	0.309
1	137	0.012	2	526	11	11	1	0.309
1	138	0.012	2	192	11	11	1	0.277
1	139	0.012	2	474	11	11	1	0.308
1	140	0.013	2	8	11	11	1	0.300
1	141	0.013	2	31	11	11	1	0.300
1	142	0.013	2	89	11	11	1	0.316
1	143	0.013	2	278	11	11	1	0.372
1	144	0.013	2	500	11	11	1	0.356
1	145	0.014	2	543	11	11	1	0.324
1	146	0.014	2	445	11	11	1	0.267
1	147	0.014	2	384	11	11	1	0.267
1	148	0.001	2	435	11	11	1	0.264
1	149	0.001	2	316	11	11	1	0.344
1	150	0.001	2	237	11	11	1	0.351
1	151	0.002	2	106	11	11	1	0.328
1	152	0.002	2	272	11	11	1	0.319
1	153	0.002	2	506	11	11	1	0.383
1	154	0.002	2	451	11	11	1	0.342
1	155	0.002	2	525	11	11	1	0.423
1	156	0.002	2	171	11	11	1	0.399
1	157	0.003	2	375	11	11	1	0.431
1	158	0.003	2	259	11	11	1	0.406
1	159	0.003	2	275	11	11	1	0.366
1	160	0.003	2	353	11	11	1	0.446
1	161	0.003	2	187	11	11	1	0.430
1	162	0.004	2	337	11	11	1	0.517
1	163	0.004	1	11	13	11	0	0.397
1	164	0.004	2	400	11	11	1	0.525
1	165	0.004	2	102	11	11	1	0.364
1	166	0.004	2	1	11	11	1	0.373
1	167	0.005	2	103	11	11	1	0.324
1	168	0.005	2	145	11	11	1	0.293
1	169	0.005	2	248	11	11	1	0.436
1	170	0.005	2	280	11	11	1	0.315
1	171	0.005	2	356	11	11	1	0.243
1	172	0.006	2	459	11	11	1	0.132
1	173	0.006	2	63	11	11	1	0.107
1	174	0.006	1	541	13	11	0	0.787
1	175	0.006	2	120	11	11	1	0.587
1	176	0.006	2	250	11	11	1	0.523
1	177	0.007	2	550	11	11	1	0.418
1	178	0.007	1	430	13	13	1	0.746
1	179	0.007	2	457	11	11	1	0.547
1	180	0.007	2	416	11	11	1	0.386
1	181	0.007	2	365	11	11	1	0.442
1	182	0.008	1	346	13	11	0	0.578
1	183	0.008	2	460	11	11	1	0.537
1	184	0.008	2	511	11	11	1	0.585
1	185	0.008	2	125	11	11	1	0.593
1	186	0.008	1	244	13	13	1	0.577
1	187	0.008	2	50	11	11	1	0.553
1	188	0.009	2	349	11	11	1	0.480
1	189	0.009	2	244	11	11	1	0.520
1	190	0.009	1	379	13	13	1	0.696
1	191	0.009	2	330	11	11	1	0.512
1	192	0.009	2	364	11	11	1	0.592
1	193	0.010	2	196	11	11	1	0.527
1	194	0.010	1	142	13	13	1	0.671
1	195	0.010	2	285	11	11	1	0.463
1	196	0.010	2	6	11	11	1	0.415
1	197	0.010	2	358	11	11	1	0.503
1	198	0.011	2	234	11	11	1	0.470
1	199	0.011	2	522	11	11	1	0.470
1	200	0.011	2	139	11	11	1	0.654
1	201	0.011	1	366	13	13	1	0.646
1	202	0.011	2	361	11	11	1	0.405
1	203	0.012	2	412	11	11	1	0.430
1	204	0.012	2	37	11	11	1	0.477
1	205	0.012	2	317	11	11	1	0.421
1	206	0.012	2	165	11	NaN	0	NaN
1	207	0.012	2	325	11	11	1	0.524
1	208	0.012	2	455	11	11	1	0.437
1	209	0.013	2	344	11	11	1	0.492
1	210	0.013	2	338	11	11	1	0.477
1	211	0.013	2	327	11	11	1	0.348
1	212	0.013	2	546	11	11	1	0.372
1	213	0.013	2	255	11	11	1	0.372
1	214	0.014	2	427	11	11	1	0.428
1	215	0.014	2	204	11	11	1	0.379
1	216	0.014	2	67	11	11	1	0.331
1	217	0.001	2	507	11	11	1	0.321
1	218	0.001	2	279	11	11	1	0.416
1	219	0.001	2	99	11	11	1	0.423
1	220	0.002	2	18	11	11	1	0.464
1	221	0.002	2	104	11	11	1	0.464
1	222	0.002	2	74	11	11	1	0.423
1	223	0.002	2	66	11	11	1	0.351
1	224	0.002	2	58	11	11	1	0.343
1	225	0.002	2	11	11	11	1	0.326
1	226	0.003	2	228	11	11	1	0.311
1	227	0.003	2	346	11	11	1	0.326
1	228	0.003	2	212	11	11	1	0.294
1	229	0.003	2	112	11	11	1	0.294
1	230	0.003	2	257	11	11	1	0.357
1	231	0.004	2	132	11	11	1	0.342
1	232	0.004	2	190	11	11	1	0.373
1	233	0.004	2	496	11	11	1	0.325
1	234	0.004	2	101	11	11	1	0.341
1	235	0.004	2	175	11	11	1	0.317
1	236	0.005	2	504	11	11	1	0.284
1	237	0.005	2	87	11	11	1	0.348
1	238	0.005	2	198	11	11	1	0.356
1	239	0.005	2	429	11	11	1	0.380
1	240	0.005	2	434	11	11	1	0.444
1	241	0.006	2	513	11	11	1	0.412
1	242	0.006	2	458	11	11	1	0.427
1	243	0.006	2	351	11	11	1	0.491
1	244	0.006	2	485	11	11	1	0.643
1	245	0.006	1	231	13	13	1	0.642
1	246	0.007	2	417	11	11	1	0.531
1	247	0.007	2	410	11	11	1	0.547
1	248	0.007	2	52	11	11	1	0.466
1	249	0.007	1	241	13	11	0	0.426
1	250	0.007	2	113	11	11	1	0.425
1	251	0.008	2	428	11	11	1	0.418
1	252	0.008	2	348	11	11	1	0.346
1	253	0.008	2	110	11	11	1	0.369
1	254	0.008	2	541	11	11	1	0.489
1	255	0.008	2	214	11	11	1	0.416
1	256	0.009	2	233	11	11	1	0.497
1	257	0.009	2	154	11	11	1	0.553
1	258	0.009	2	350	11	11	1	0.448
1	259	0.009	2	395	11	11	1	0.448
1	260	0.009	2	452	11	11	1	0.432
1	261	0.009	2	236	11	11	1	0.527
1	262	0.010	2	119	11	11	1	0.432
1	263	0.010	2	425	11	11	1	0.455
1	264	0.010	2	25	11	11	1	0.399
1	265	0.010	2	243	11	11	1	0.559
1	266	0.010	2	382	11	11	1	0.455
1	267	0.011	2	146	11	11	1	0.646
1	268	0.011	1	208	13	13	1	0.614
1	269	0.011	2	265	11	11	1	0.430
1	270	0.011	2	359	11	11	1	0.606
1	271	0.011	2	109	11	11	1	0.718
1	272	0.012	1	91	13	13	1	0.597
1	273	0.012	2	64	11	11	1	0.437
1	274	0.012	2	232	11	11	1	0.445
1	275	0.012	2	298	11	11	1	0.485
1	276	0.012	2	386	11	11	1	0.493
1	277	0.012	2	222	11	11	1	0.429
1	278	0.013	2	355	11	11	1	0.676
1	279	0.013	1	463	13	13	1	0.620
1	280	0.013	2	252	11	11	1	0.484
1	281	0.013	2	83	11	11	1	0.412
1	282	0.013	2	200	11	11	1	0.428
1	283	0.014	2	456	11	11	1	0.396
1	284	0.014	2	245	11	11	1	0.395
1	285	0.014	2	305	11	11	1	0.411
1	286	0.001	2	76	11	11	1	0.472
1	287	0.001	2	4	11	11	1	0.456
1	288	0.001	2	302	11	11	1	0.344
1	289	0.002	2	267	11	11	1	0.319
1	290	0.002	2	92	11	11	1	0.351
1	291	0.002	2	442	11	11	1	0.319
1	292	0.002	2	229	11	11	1	0.343
1	293	0.002	2	127	11	11	1	0.398
1	294	0.002	2	345	11	11	1	0.366
1	295	0.003	2	270	11	11	1	0.358
1	296	0.003	2	136	11	11	1	0.231
1	297	0.003	2	191	11	11	1	0.318
1	298	0.003	2	282	11	11	1	0.438
1	299	0.004	2	181	11	11	1	0.350
1	300	0.004	2	235	11	11	1	0.397
1	301	0.004	2	169	11	11	1	0.350
1	302	0.004	2	357	11	11	1	0.317
1	303	0.004	2	51	11	11	1	0.285
1	304	0.004	2	505	11	11	1	0.301
1	305	0.005	2	27	11	11	1	0.293
1	306	0.005	2	163	11	11	1	0.276
1	307	0.005	2	28	11	11	1	0.268
1	308	0.005	2	174	11	11	1	0.260
1	309	0.005	2	421	11	11	1	0.275
1	310	0.006	2	152	11	11	1	0.267
1	311	0.006	2	294	11	11	1	0.340
1	312	0.006	2	49	11	11	1	0.291
1	313	0.006	2	475	11	11	1	0.322
1	314	0.006	2	26	11	11	1	0.331
1	315	0.007	2	308	11	11	1	0.363
1	316	0.007	2	530	11	11	1	0.291
1	317	0.007	2	183	11	11	1	0.346
1	318	0.007	2	266	11	11	1	0.370
1	319	0.007	2	322	11	11	1	0.329
1	320	0.008	2	223	11	11	1	0.362
1	321	0.008	2	542	11	11	1	0.321
1	322	0.008	2	59	11	11	1	0.281
1	323	0.008	2	240	11	11	1	0.321
1	324	0.008	2	242	11	11	1	0.248
1	325	0.008	2	53	11	11	1	0.281
1	326	0.009	2	420	11	11	1	0.240
1	327	0.009	2	123	11	11	1	0.224
1	328	0.009	2	96	11	11	1	0.287
1	329	0.009	2	307	11	11	1	0.263
1	330	0.010	2	438	11	11	1	0.296
1	331	0.010	2	415	11	11	1	0.272
1	332	0.010	2	515	11	11	1	0.223
1	333	0.010	2	383	11	11	1	0.311
1	334	0.010	2	469	11	11	1	0.335
1	335	0.010	2	202	11	11	1	0.366
1	336	0.011	2	210	11	11	1	0.422
1	337	0.011	2	57	11	11	1	0.366
1	338	0.011	2	115	11	11	1	0.366
1	339	0.011	2	331	11	11	1	0.326
1	340	0.011	2	450	11	11	1	0.390
1	341	0.011	2	310	11	11	1	0.350
1	342	0.012	2	24	11	11	1	0.317
1	343	0.012	2	144	11	11	1	0.270
1	344	0.012	2	454	11	11	1	0.253
1	345	0.012	2	7	11	11	1	0.316
1	346	0.013	2	186	11	11	1	0.413
1	347	0.013	2	47	11	11	1	0.452
1	348	0.013	2	34	11	11	1	0.564
1	349	0.013	1	343	13	11	0	0.588
1	350	0.013	2	43	11	11	1	0.452
1	351	0.013	2	168	11	11	1	0.275
1	352	0.014	2	122	11	11	1	0.291
1	353	0.014	2	260	11	11	1	0.227
1	354	0.014	2	157	11	11	1	0.275
1	355	0.001	2	224	11	11	1	0.208
1	356	0.001	2	121	11	11	1	0.240
1	357	0.001	2	422	11	11	1	0.280
1	358	0.002	2	413	11	11	1	0.264
1	359	0.002	2	547	11	11	1	0.352
1	360	0.002	2	377	11	11	1	0.335
1	361	0.002	2	329	11	11	1	0.327
1	362	0.002	2	262	11	11	1	0.319
1	363	0.002	2	315	11	11	1	0.319
1	364	0.003	2	314	11	11	1	0.278
1	365	0.003	2	430	11	11	1	0.254
1	366	0.003	2	70	11	11	1	0.294
1	367	0.003	2	524	11	11	1	0.366
1	368	0.004	2	287	11	11	1	0.342
1	369	0.004	2	12	11	11	1	0.397
1	370	0.004	2	173	11	11	1	0.469
1	371	0.004	2	328	11	11	1	0.389
1	372	0.004	2	443	11	11	1	0.413
1	373	0.005	2	238	11	11	1	0.516
1	374	0.005	2	81	11	11	1	0.524
1	375	0.005	1	278	13	13	1	0.645
1	376	0.005	2	490	11	11	1	0.484
1	377	0.005	2	424	11	11	1	0.460
1	378	0.005	2	380	11	11	1	0.356
1	379	0.006	2	208	11	11	1	0.355
1	380	0.006	2	362	11	11	1	0.411
1	381	0.006	2	472	11	11	1	0.427
1	382	0.006	2	468	11	11	1	0.395
1	383	0.006	2	73	11	11	1	0.331
1	384	0.007	2	409	11	11	1	0.426
1	385	0.007	2	291	11	11	1	0.346
1	386	0.007	2	273	11	11	1	0.362
1	387	0.007	2	134	11	11	1	0.314
1	388	0.007	2	436	11	11	1	0.273
1	389	0.008	2	441	11	11	1	0.346
1	390	0.008	2	535	11	11	1	0.321
1	391	0.008	2	138	11	11	1	0.337
1	392	0.008	2	376	11	11	1	0.312
1	393	0.008	2	216	11	11	1	0.305
1	394	0.009	2	385	11	11	1	0.264
1	395	0.009	2	397	11	11	1	0.264
1	396	0.009	2	495	11	11	1	0.288
1	397	0.009	2	23	11	11	1	0.304
1	398	0.009	2	159	11	11	1	0.296
1	399	0.010	2	313	11	11	1	0.319
1	400	0.010	2	193	11	11	1	0.335
1	401	0.010	2	326	11	11	1	0.271
1	402	0.010	2	41	11	11	1	0.367
1	403	0.010	2	13	11	11	1	0.359
1	404	0.010	2	491	11	11	1	0.542
1	405	0.011	2	418	11	11	1	0.390
1	406	0.011	2	532	11	11	1	0.374
1	407	0.011	2	432	11	11	1	0.326
1	408	0.011	2	289	11	11	1	0.286
1	409	0.011	2	300	11	11	1	0.246
1	410	0.012	2	363	11	11	1	0.341
1	411	0.012	2	107	11	11	1	0.294
1	412	0.012	2	406	11	11	1	0.309
1	413	0.012	2	393	11	11	1	0.461
1	414	0.012	2	269	11	11	1	0.461
1	415	0.013	2	492	11	11	1	0.365
1	416	0.013	2	95	11	11	1	0.380
1	417	0.013	2	2	11	11	1	0.341
1	418	0.013	2	335	11	11	1	0.356
1	419	0.013	2	539	11	11	1	0.396
1	420	0.013	2	220	11	11	1	0.364
1	421	0.014	2	61	11	11	1	0.348
1	422	0.014	2	503	11	11	1	0.371
1	423	0.014	2	439	11	11	1	0.324
1	424	0.001	2	537	11	11	1	0.265
1	425	0.001	2	137	11	11	1	0.304
1	426	0.001	2	182	11	11	1	0.295
1	427	0.002	2	372	11	11	1	0.320
1	428	0.002	2	38	11	11	1	0.287
1	429	0.002	2	197	11	11	1	0.359
1	430	0.002	2	394	11	11	1	0.415
1	431	0.002	2	221	11	11	1	0.375
1	432	0.002	2	231	11	11	1	0.319
1	433	0.003	2	84	11	11	1	0.342
1	434	0.003	2	79	11	11	1	0.295
1	435	0.003	2	77	11	11	1	0.342
1	436	0.003	2	303	11	11	1	0.374
1	437	0.003	2	309	11	11	1	0.301
1	438	0.004	2	117	11	11	1	0.374
1	439	0.004	2	484	11	11	1	0.325
1	440	0.004	2	209	11	11	1	0.301
1	441	0.004	2	520	11	11	1	0.397
1	442	0.005	2	179	11	11	1	0.468
1	443	0.005	2	90	11	11	1	0.412
1	444	0.005	1	511	13	13	1	0.580
1	445	0.005	2	69	11	11	1	0.468
1	446	0.005	2	188	11	11	1	0.452
1	447	0.005	2	517	11	11	1	0.388
1	448	0.006	1	475	13	11	0	0.236
1	449	0.006	2	290	11	11	1	0.387
1	450	0.006	2	519	11	11	1	0.459
1	451	0.006	2	481	11	11	1	0.459
1	452	0.006	2	124	11	11	1	0.467
1	453	0.007	2	36	11	11	1	0.394
1	454	0.007	2	340	11	11	1	0.482
1	455	0.007	2	195	11	11	1	0.418
1	456	0.007	2	246	11	11	1	0.401
1	457	0.007	2	407	11	11	1	0.530
1	458	0.008	2	486	11	11	1	0.489
1	459	0.008	2	347	11	11	1	0.537
1	460	0.008	2	258	11	11	1	0.537
1	461	0.008	1	503	13	13	1	0.689
1	462	0.008	2	205	11	11	1	0.521
1	463	0.009	2	301	11	11	1	0.345
1	464	0.009	2	264	11	11	1	0.304
1	465	0.009	2	251	11	11	1	0.512
1	466	0.009	2	403	11	11	1	0.360
1	467	0.009	2	389	11	11	1	0.280
1	468	0.009	2	374	11	11	1	0.232
1	469	0.010	1	279	13	11	0	0.095
1	470	0.010	2	82	11	11	1	0.359
1	471	0.010	2	10	11	11	1	0.527
1	472	0.010	2	172	11	11	1	0.439
1	473	0.010	2	379	11	11	1	0.391
1	474	0.011	2	149	11	11	1	0.390
1	475	0.011	2	321	11	11	1	0.406
1	476	0.011	2	135	11	11	1	0.406
1	477	0.011	2	318	11	11	1	0.454
1	478	0.011	1	421	13	13	1	0.710
1	479	0.012	2	33	11	11	1	0.485
1	480	0.012	2	306	11	11	1	0.437
1	481	0.012	2	105	11	11	1	0.388
1	482	0.012	2	388	11	11	1	0.333
1	483	0.012	2	478	11	11	1	0.604
1	484	0.013	2	529	11	11	1	0.388
1	485	0.013	2	254	11	11	1	0.356
1	486	0.013	2	521	11	11	1	0.324
1	487	0.013	2	55	11	11	1	0.244
1	488	0.013	2	296	11	11	1	0.316
1	489	0.013	2	256	11	11	1	0.324
1	490	0.014	2	160	11	11	1	0.308
1	491	0.014	2	341	11	11	1	0.347
1	492	0.014	2	304	11	11	1	0.411
1	493	0.001	1	37	13	11	0	0.440
1	494	0.001	1	233	13	13	1	0.727
1	495	0.001	2	194	11	11	1	0.656
1	496	0.002	2	281	11	11	1	0.471
1	497	0.002	2	311	11	11	1	0.383
1	498	0.002	1	4	13	13	1	0.543
1	499	0.002	2	19	11	11	1	0.607
1	500	0.002	2	408	11	11	1	0.454

*********************************************
* Sustained Attention and Recognition Memory Experiment - Memory Test v.1.0
* Date/Time: 01-Nov-2015 12:13:28
* Seed: 206745.7385
* Subject Number: 10
* Subject Name: ES
* Run Number: 1
* debug: 0
*********************************************

1	1	1	2	343	33	1	2.763
1	2	2	3	78	30	1	3.247
1	3	2	3	540	31	1	3.294
1	4	2	3	527	32	0	4.506
1	5	1	2	233	33	1	1.269
1	6	2	1	378	32	1	4.185
1	7	1	2	342	31	0	9.075
1	8	1	2	379	33	1	1.307
1	9	2	1	258	32	1	2.883
1	10	1	2	288	33	1	1.237
1	11	2	3	153	32	0	3.679
1	12	1	2	130	33	1	1.181
1	13	2	3	118	31	1	7.411
1	14	2	1	115	33	1	3.418
1	15	2	3	293	30	1	1.345
1	16	2	3	9	30	1	1.575
1	17	2	1	174	32	1	4.100
1	18	1	4	364	31	1	3.317
1	19	2	3	39	30	1	1.987
1	20	2	3	277	32	0	2.472
1	21	1	4	135	31	1	1.940
1	22	2	1	91	30	0	1.375
1	23	1	2	395	32	1	5.760
1	24	1	4	404	31	1	2.322
1	25	2	3	373	30	1	1.777
1	26	1	2	430	33	1	1.587
1	27	2	3	40	31	1	1.342
1	28	2	1	369	32	1	4.701
1	29	2	1	257	32	1	5.143
1	30	2	3	230	30	1	5.565
1	31	2	3	5	32	0	2.689
1	32	1	4	437	30	1	3.651
1	33	1	4	242	30	1	1.150
1	34	2	3	93	31	1	2.156
1	35	1	4	433	33	0	1.705
1	36	2	3	249	30	1	2.993
1	37	1	2	421	33	1	1.432
1	38	2	1	328	31	0	2.989
1	39	1	2	4	33	1	1.374
1	40	2	1	375	33	1	1.899
1	41	1	2	503	33	1	1.312
1	42	2	1	61	30	0	1.775
1	43	2	1	377	31	0	2.245
1	44	2	1	284	30	0	1.926
1	45	2	1	412	30	0	3.600
1	46	2	3	156	30	1	1.752
1	47	2	3	396	30	1	2.793
1	48	2	1	525	31	0	1.846
1	49	2	3	419	30	1	1.347
1	50	2	3	72	31	1	4.758
1	51	1	2	241	33	1	1.461
1	52	2	3	414	31	1	4.137
1	53	1	4	172	30	1	1.887
1	54	1	2	435	32	1	4.193
1	55	1	2	366	33	1	1.312
1	56	1	4	12	30	1	2.078
1	57	1	2	285	33	1	2.920
1	58	2	1	224	31	0	1.596
1	59	1	4	496	30	1	1.500
1	60	2	3	286	30	1	2.278
1	61	1	2	278	33	1	1.893
1	62	2	1	330	30	0	2.584
1	63	2	3	206	31	1	2.190
1	64	2	1	210	33	1	1.566
1	65	1	4	449	31	1	2.627
1	66	1	4	408	30	1	1.205
1	67	2	3	523	30	1	4.407
1	68	1	4	263	30	1	1.282
1	69	2	1	142	30	0	5.267
1	70	1	2	244	32	1	1.700
1	71	1	4	277	30	1	2.438
1	72	1	4	334	30	1	0.933
1	73	1	4	54	30	1	1.330
1	74	2	1	471	31	0	2.906
1	75	2	3	213	31	1	3.289
1	76	2	3	199	30	1	3.846
1	77	2	1	444	30	0	1.673
1	78	1	2	475	31	0	2.903
1	79	1	2	169	33	1	1.814
1	80	2	3	80	31	1	3.984
1	81	2	3	148	30	1	2.775
1	82	2	1	457	31	0	2.844
1	83	2	3	538	31	1	1.123
1	84	1	4	377	30	1	1.560
1	85	2	1	481	30	0	2.399
1	86	1	4	40	31	1	1.972
1	87	1	4	397	30	1	1.553
1	88	1	4	292	30	1	9.696
1	89	1	2	142	33	1	1.998
1	90	2	1	66	31	0	1.157
1	91	2	3	545	31	1	1.307
1	92	2	1	395	30	0	2.813
1	93	1	2	346	33	1	1.385
1	94	2	3	431	30	1	2.422
1	95	2	1	484	31	0	2.213
1	96	2	1	4	32	1	1.272
1	97	2	1	254	30	0	1.778
1	98	1	4	148	30	1	1.183
1	99	2	3	437	30	1	2.745
1	100	2	1	409	31	0	1.789
1	101	2	3	207	31	1	2.295
1	102	2	3	470	31	1	3.295
1	103	2	3	467	30	1	1.294
1	104	2	3	17	30	1	2.071
1	105	2	1	308	32	1	1.429
1	106	2	1	280	32	1	1.631
1	107	1	2	231	31	0	1.961
1	108	2	1	110	31	0	1.664
1	109	2	1	63	32	1	1.114
1	110	1	4	498	30	1	1.460
1	111	2	3	130	30	1	1.578
1	112	1	4	318	31	1	2.883
1	113	1	2	208	31	0	2.435
1	114	2	3	111	30	1	2.167
1	115	2	1	416	30	0	1.119
1	116	2	1	196	30	0	2.324
1	117	1	4	67	31	1	2.598
1	118	2	3	465	31	1	2.023
1	119	2	1	127	31	0	3.727
1	120	2	1	408	30	0	2.116
1	121	2	1	331	33	1	6.234
1	122	1	2	91	33	1	1.134
1	123	1	4	176	30	1	1.988
1	124	2	3	453	30	1	7.027
1	125	1	2	37	33	1	1.397
1	126	1	2	21	30	0	1.779
1	127	2	1	128	32	1	1.826
1	128	2	1	279	32	1	0.951
1	129	2	1	105	30	0	1.276
1	130	2	3	176	30	1	1.188
1	131	2	1	486	30	0	1.239
1	132	2	1	89	30	0	1.596
1	133	2	3	178	30	1	2.475
1	134	2	1	403	30	0	2.047
1	135	2	1	391	30	0	1.308
1	136	1	4	274	31	1	2.862
1	137	1	2	511	33	1	2.949
1	138	2	3	56	31	1	3.397
1	139	1	2	463	33	1	1.414
1	140	2	1	325	31	0	3.259
1	141	1	4	353	30	1	1.407
1	142	2	1	161	31	0	2.740
1	143	1	2	541	31	0	1.319
1	144	1	4	459	31	1	1.269
1	145	2	3	448	30	1	2.904
1	146	1	4	357	30	1	1.192
1	147	1	4	24	30	1	4.535
1	148	2	1	191	30	0	6.153
1	149	2	3	299	31	1	3.951
1	150	1	2	11	33	1	2.331
1	151	2	3	219	31	1	1.829
1	152	2	3	295	30	1	2.077
1	153	2	1	225	33	1	3.249
1	154	2	3	75	30	1	3.036
1	155	1	2	279	31	0	1.571
1	156	1	4	389	31	1	1.396
1	157	2	1	220	30	0	4.630
1	158	2	3	177	30	1	1.163
1	159	1	4	311	30	1	1.235
1	160	2	1	173	30	0	3.352
1	161	2	3	473	31	1	1.999
1	162	2	3	166	31	1	1.307
