
*********************************************
* Sustained Attention and Recognition Memory Experiment - Sustained Attention Task v.1.0
* Date/Time: 30-Oct-2015 10:34:19
* Seed: 210173.4997
* Subject Number: 4
* Subject Name: SS
* Run Number: 1
* debug: 0
*********************************************

run	trl	tdf	sct	simg	crsp	rsp	acc	rt
1	1	0.012	2	426	11	11	1	0.604
1	2	0.012	2	518	11	11	1	0.636
1	3	0.012	2	324	11	11	1	0.716
1	4	0.012	2	339	11	11	1	0.515
1	5	0.013	2	522	11	11	1	0.475
1	6	0.013	2	247	11	11	1	0.835
1	7	0.013	2	198	11	11	1	0.563
1	8	0.013	2	1	11	11	1	0.466
1	9	0.013	1	101	13	13	1	0.731
1	10	0.013	2	409	11	11	1	0.626
1	11	0.014	2	475	11	11	1	0.577
1	12	0.014	2	390	11	11	1	0.465
1	13	0.014	2	358	11	11	1	0.529
1	14	0.001	1	133	13	11	0	0.518
1	15	0.001	2	550	11	11	1	0.767
1	16	0.001	2	211	11	11	1	0.558
1	17	0.002	2	60	11	11	1	0.662
1	18	0.002	2	389	11	11	1	0.518
1	19	0.002	2	286	11	11	1	0.454
1	20	0.002	1	423	13	11	0	0.349
1	21	0.002	2	15	11	11	1	0.525
1	22	0.003	2	357	11	11	1	0.445
1	23	0.003	2	161	11	11	1	0.437
1	24	0.003	2	438	11	11	1	0.525
1	25	0.003	2	486	11	11	1	0.381
1	26	0.003	2	42	11	11	1	0.389
1	27	0.004	2	304	11	11	1	0.356
1	28	0.004	2	48	11	11	1	0.380
1	29	0.004	2	364	11	11	1	0.444
1	30	0.004	2	305	11	11	1	0.379
1	31	0.004	2	264	11	11	1	0.331
1	32	0.005	2	127	11	11	1	0.395
1	33	0.005	2	319	11	11	1	0.314
1	34	0.005	2	40	11	11	1	0.363
1	35	0.005	2	277	11	11	1	0.387
1	36	0.005	2	39	11	11	1	0.418
1	37	0.006	1	441	13	11	0	0.434
1	38	0.006	2	259	11	11	1	0.530
1	39	0.006	2	192	11	11	1	0.642
1	40	0.006	2	335	11	11	1	0.490
1	41	0.006	2	512	11	11	1	0.585
1	42	0.007	2	72	11	11	1	0.425
1	43	0.007	2	473	11	11	1	0.417
1	44	0.007	2	422	11	11	1	0.577
1	45	0.007	2	27	11	11	1	0.496
1	46	0.007	1	59	13	13	1	0.641
1	47	0.007	2	340	11	11	1	0.528
1	48	0.008	2	437	11	11	1	0.504
1	49	0.008	2	155	11	11	1	0.455
1	50	0.008	2	49	11	11	1	0.384
1	51	0.008	2	334	11	11	1	0.455
1	52	0.008	2	515	11	11	1	0.328
1	53	0.009	2	43	11	11	1	0.455
1	54	0.009	2	537	11	11	1	0.327
1	55	0.009	2	276	11	11	1	0.399
1	56	0.009	2	82	11	11	1	0.447
1	57	0.009	2	308	11	11	1	0.366
1	58	0.010	2	54	11	11	1	0.318
1	59	0.010	2	164	11	11	1	0.286
1	60	0.010	2	35	11	11	1	0.349
1	61	0.010	2	209	11	11	1	0.262
1	62	0.010	2	525	11	11	1	0.349
1	63	0.011	2	316	11	11	1	0.349
1	64	0.011	2	123	11	11	1	0.413
1	65	0.011	2	11	11	11	1	0.372
1	66	0.011	2	294	11	11	1	0.365
1	67	0.011	2	444	11	11	1	0.556
1	68	0.012	2	195	11	11	1	0.404
1	69	0.012	2	543	11	11	1	0.364
1	70	0.012	2	129	11	11	1	0.291
1	71	0.012	2	28	11	11	1	0.411
1	72	0.012	2	449	11	11	1	0.539
1	73	0.012	2	436	11	11	1	0.331
1	74	0.013	2	17	11	11	1	0.379
1	75	0.013	2	361	11	11	1	0.331
1	76	0.013	2	355	11	11	1	0.314
1	77	0.013	2	13	11	11	1	0.314
1	78	0.013	2	273	11	11	1	0.322
1	79	0.014	2	84	11	11	1	0.234
1	80	0.014	2	323	11	11	1	0.242
1	81	0.014	2	180	11	11	1	0.282
1	82	0.014	2	298	11	11	1	0.218
1	83	0.001	2	139	11	11	1	0.335
1	84	0.001	2	510	11	11	1	0.366
1	85	0.001	2	463	11	11	1	0.470
1	86	0.002	2	347	11	11	1	0.397
1	87	0.002	1	490	13	13	1	0.558
1	88	0.002	2	344	11	11	1	0.533
1	89	0.002	2	352	11	11	1	0.477
1	90	0.002	2	229	11	11	1	0.533
1	91	0.003	1	342	13	13	1	0.589
1	92	0.003	2	428	11	11	1	0.453
1	93	0.003	2	529	11	11	1	0.741
1	94	0.003	2	143	11	11	1	0.524
1	95	0.003	1	202	13	13	1	0.468
1	96	0.004	2	146	11	11	1	0.372
1	97	0.004	2	411	11	11	1	0.508
1	98	0.004	2	398	11	11	1	0.443
1	99	0.004	2	480	11	11	1	0.356
1	100	0.004	2	130	11	11	1	0.491
1	101	0.005	2	472	11	11	1	0.603
1	102	0.005	2	514	11	11	1	0.451
1	103	0.005	1	229	13	13	1	0.635
1	104	0.005	2	474	11	11	1	0.443
1	105	0.005	2	313	11	11	1	0.475
1	106	0.006	2	181	11	11	1	0.394
1	107	0.006	2	126	11	11	1	0.306
1	108	0.006	2	97	11	11	1	0.249
1	109	0.006	2	375	11	11	1	0.290
1	110	0.006	2	176	11	11	1	0.289
1	111	0.007	2	128	11	11	1	0.321
1	112	0.007	2	414	11	11	1	0.361
1	113	0.007	2	379	11	11	1	0.377
1	114	0.007	2	10	11	11	1	0.337
1	115	0.007	2	397	11	11	1	0.312
1	116	0.007	2	99	11	11	1	0.224
1	117	0.008	2	119	11	11	1	0.120
1	118	0.008	1	537	13	11	0	0.056
1	119	0.008	2	383	11	11	1	0.336
1	120	0.008	2	179	11	11	1	0.391
1	121	0.008	2	131	11	11	1	0.335
1	122	0.009	2	203	11	11	1	0.399
1	123	0.009	2	220	11	11	1	0.335
1	124	0.009	2	540	11	11	1	0.375
1	125	0.009	2	3	11	11	1	0.446
1	126	0.009	2	400	11	11	1	0.414
1	127	0.010	2	31	11	11	1	0.310
1	128	0.010	2	280	11	11	1	0.342
1	129	0.010	2	25	11	11	1	0.358
1	130	0.010	2	137	11	11	1	0.366
1	131	0.010	2	5	11	11	1	0.493
1	132	0.011	2	174	11	11	1	0.389
1	133	0.011	2	200	11	11	1	0.621
1	134	0.011	1	13	13	13	1	0.565
1	135	0.011	2	224	11	11	1	0.468
1	136	0.011	2	373	11	11	1	0.460
1	137	0.011	2	175	11	11	1	0.356
1	138	0.012	2	281	11	11	1	0.356
1	139	0.012	2	114	11	11	1	0.276
1	140	0.012	2	100	11	11	1	0.220
1	141	0.012	2	204	11	11	1	0.251
1	142	0.012	2	548	11	11	1	0.228
1	143	0.013	2	443	11	11	1	0.291
1	144	0.013	2	223	11	11	1	0.243
1	145	0.013	2	465	11	11	1	0.339
1	146	0.013	2	450	11	11	1	0.290
1	147	0.013	2	432	11	11	1	0.242
1	148	0.014	2	109	11	11	1	0.274
1	149	0.014	2	255	11	11	1	0.226
1	150	0.014	2	4	11	11	1	0.121
1	151	0.014	2	23	11	11	1	0.209
1	152	0.001	1	345	13	11	0	0.199
1	153	0.001	2	287	11	11	1	0.262
1	154	0.001	2	252	11	11	1	0.166
1	155	0.002	2	266	11	11	1	0.246
1	156	0.002	2	394	11	11	1	0.230
1	157	0.002	2	187	11	11	1	0.550
1	158	0.002	2	285	11	11	1	0.309
1	159	0.002	2	448	11	11	1	0.469
1	160	0.003	1	495	13	13	1	0.837
1	161	0.003	2	57	11	11	1	0.477
1	162	0.003	2	275	11	11	1	0.628
1	163	0.003	2	228	11	11	1	0.437
1	164	0.003	1	43	13	11	0	0.300
1	165	0.004	2	456	11	11	1	0.268
1	166	0.004	2	216	11	11	1	0.404
1	167	0.004	2	210	11	11	1	0.428
1	168	0.004	2	311	11	11	1	0.388
1	169	0.004	2	70	11	11	1	0.547
1	170	0.005	1	184	13	13	1	0.667
1	171	0.005	2	440	11	11	1	0.475
1	172	0.005	2	122	11	11	1	0.402
1	173	0.005	2	73	11	11	1	0.483
1	174	0.005	2	349	11	11	1	0.515
1	175	0.006	1	158	13	11	0	0.474
1	176	0.006	2	295	11	11	1	0.378
1	177	0.006	2	75	11	11	1	0.289
1	178	0.006	2	149	11	11	1	0.394
1	179	0.006	2	453	11	11	1	0.441
1	180	0.007	2	142	11	11	1	0.465
1	181	0.007	2	212	11	11	1	0.409
1	182	0.007	2	369	11	11	1	0.328
1	183	0.007	2	346	11	11	1	0.673
1	184	0.007	2	350	11	11	1	0.616
1	185	0.007	1	317	13	13	1	0.784
1	186	0.008	2	253	11	11	1	0.728
1	187	0.008	2	442	11	11	1	0.784
1	188	0.008	2	401	11	11	1	0.504
1	189	0.008	1	405	13	13	1	0.599
1	190	0.008	2	498	11	11	1	0.472
1	191	0.009	2	244	11	11	1	0.463
1	192	0.009	2	542	11	11	1	0.455
1	193	0.009	2	328	11	11	1	0.391
1	194	0.009	2	458	11	11	1	0.734
1	195	0.009	2	490	11	11	1	0.438
1	196	0.009	2	158	11	11	1	0.494
1	197	0.010	1	521	13	13	1	0.742
1	198	0.010	2	237	11	11	1	0.414
1	199	0.010	2	384	11	11	1	0.605
1	200	0.010	2	240	11	NaN	0	NaN
1	201	0.011	2	77	11	11	1	0.517
1	202	0.011	1	197	13	NaN	0	NaN
1	203	0.011	2	483	11	11	1	0.517
1	204	0.011	2	381	11	11	1	0.596
1	205	0.011	2	93	11	11	1	0.468
1	206	0.012	2	408	11	11	1	0.332
1	207	0.012	2	254	11	11	1	0.756
1	208	0.012	2	2	11	11	1	0.588
1	209	0.012	2	235	11	11	1	0.467
1	210	0.012	1	525	13	13	1	0.572
1	211	0.012	2	503	11	11	1	0.444
1	212	0.013	2	222	11	11	1	0.467
1	213	0.013	2	103	11	11	1	0.491
1	214	0.013	2	509	11	11	1	0.499
1	215	0.013	2	81	11	11	1	0.458
1	216	0.013	2	493	11	11	1	0.522
1	217	0.014	2	33	11	11	1	0.570
1	218	0.014	2	332	11	11	1	0.762
1	219	0.014	1	161	13	11	0	0.434
1	220	0.014	2	61	11	11	1	0.354
1	221	0.001	2	535	11	11	1	0.302
1	222	0.001	2	62	11	11	1	0.302
1	223	0.001	2	356	11	11	1	0.350
1	224	0.002	2	435	11	11	1	0.294
1	225	0.002	2	32	11	11	1	0.293
1	226	0.002	2	360	11	11	1	0.501
1	227	0.002	2	260	11	11	1	0.309
1	228	0.002	2	36	11	11	1	0.469
1	229	0.003	2	387	11	11	1	0.445
1	230	0.003	2	367	11	11	1	0.573
1	231	0.003	2	520	11	11	1	0.405
1	232	0.003	2	248	11	11	1	0.652
1	233	0.003	2	489	11	11	1	0.445
1	234	0.004	2	354	11	11	1	0.467
1	235	0.004	2	140	11	11	1	0.484
1	236	0.004	2	258	11	11	1	0.476
1	237	0.004	2	29	11	11	1	0.460
1	238	0.004	2	278	11	11	1	0.563
1	239	0.005	2	337	11	11	1	0.796
1	240	0.005	1	157	13	13	1	0.859
1	241	0.005	2	7	11	11	1	0.483
1	242	0.005	2	413	11	11	1	0.499
1	243	0.005	2	288	11	11	1	0.027
1	244	0.006	2	374	11	11	1	0.450
1	245	0.006	2	16	11	11	1	0.321
1	246	0.006	1	42	13	11	0	0.457
1	247	0.006	2	107	11	11	1	0.490
1	248	0.006	2	371	11	11	1	0.297
1	249	0.007	2	478	11	11	1	0.225
1	250	0.007	2	69	11	11	1	0.049
1	251	0.007	1	175	13	13	1	0.577
1	252	0.007	2	83	11	11	1	0.249
1	253	0.007	2	226	11	11	1	0.272
1	254	0.007	2	66	11	11	1	0.136
1	255	0.008	1	464	13	11	0	0.032
1	256	0.008	2	536	11	11	1	0.312
1	257	0.008	2	395	11	11	1	0.336
1	258	0.008	2	144	11	11	1	0.496
1	259	0.008	2	152	11	11	1	0.279
1	260	0.009	2	191	11	11	1	0.487
1	261	0.009	2	528	11	11	1	0.375
1	262	0.009	2	310	11	11	1	0.319
1	263	0.009	2	415	11	11	1	0.230
1	264	0.009	2	78	11	11	1	0.062
1	265	0.010	1	455	13	11	0	0.462
1	266	0.010	2	160	11	11	1	0.278
1	267	0.010	2	469	11	NaN	0	NaN
1	268	0.010	2	225	11	11	1	0.277
1	269	0.010	2	423	11	11	1	0.477
1	270	0.011	2	182	11	11	1	0.381
1	271	0.011	2	37	11	11	1	0.261
1	272	0.011	2	89	11	11	1	0.829
1	273	0.011	2	421	11	11	1	0.484
1	274	0.011	2	9	11	11	1	0.437
1	275	0.012	1	499	13	13	1	0.524
1	276	0.012	2	343	11	11	1	0.436
1	277	0.012	2	102	11	11	1	0.491
1	278	0.012	2	315	11	11	1	0.403
1	279	0.012	2	6	11	11	1	0.404
1	280	0.012	2	372	11	11	1	0.547
1	281	0.013	2	58	11	11	1	0.419
1	282	0.013	2	399	11	11	1	0.395
1	283	0.013	2	386	11	11	1	0.258
1	284	0.013	2	271	11	11	1	0.562
1	285	0.013	2	511	11	11	1	0.427
1	286	0.014	2	516	11	11	1	0.402
1	287	0.014	2	353	11	11	1	0.426
1	288	0.014	2	524	11	11	1	0.498
1	289	0.001	2	404	11	11	1	0.503
1	290	0.001	2	530	11	11	1	0.790
1	291	0.001	1	93	13	13	1	0.614
1	292	0.001	2	482	11	11	1	0.566
1	293	0.002	2	188	11	11	1	0.494
1	294	0.002	2	322	11	11	1	0.477
1	295	0.002	2	546	11	11	1	0.398
1	296	0.002	2	494	11	11	1	0.285
1	297	0.002	2	218	11	11	1	0.254
1	298	0.003	2	213	11	11	1	0.189
1	299	0.003	1	457	13	11	0	0.236
1	300	0.003	2	461	11	11	1	0.181
1	301	0.003	2	26	11	11	1	0.237
1	302	0.003	2	55	11	11	1	0.484
1	303	0.004	2	227	11	11	1	0.292
1	304	0.004	2	231	11	11	1	0.460
1	305	0.004	2	41	11	11	1	0.572
1	306	0.004	2	418	11	11	1	0.588
1	307	0.004	2	425	11	11	1	0.484
1	308	0.005	2	270	11	11	1	0.443
1	309	0.005	2	333	11	11	1	0.402
1	310	0.005	2	205	11	11	1	0.419
1	311	0.005	2	541	11	11	1	0.459
1	312	0.005	2	307	11	11	1	0.322
1	313	0.006	2	56	11	11	1	0.282
1	314	0.006	2	14	11	11	1	0.146
1	315	0.006	1	180	13	11	0	0.106
1	316	0.006	2	363	11	11	1	0.562
1	317	0.006	2	118	11	11	1	0.289
1	318	0.007	2	496	11	11	1	0.673
1	319	0.007	2	217	11	11	1	0.593
1	320	0.007	2	141	11	11	1	0.497
1	321	0.007	1	23	13	13	1	0.601
1	322	0.007	2	243	11	11	1	0.464
1	323	0.008	2	148	11	11	1	0.417
1	324	0.008	2	431	11	11	1	0.312
1	325	0.008	2	378	11	11	1	0.295
1	326	0.008	2	186	11	11	1	0.215
1	327	0.008	2	47	11	11	1	0.096
1	328	0.008	1	335	13	13	1	0.447
1	329	0.009	2	519	11	11	1	0.215
1	330	0.009	2	190	11	11	1	0.286
1	331	0.009	2	326	11	11	1	0.318
1	332	0.009	2	362	11	11	1	0.222
1	333	0.009	2	241	11	11	1	0.246
1	334	0.010	2	317	11	11	1	0.262
1	335	0.010	2	115	11	11	1	0.190
1	336	0.010	1	246	13	11	0	0.222
1	337	0.010	2	539	11	11	1	0.174
1	338	0.010	2	154	11	11	1	0.149
1	339	0.011	2	162	11	11	1	0.093
1	340	0.011	1	267	13	11	0	0.061
1	341	0.011	2	501	11	11	1	0.101
1	342	0.011	2	410	11	11	1	0.125
1	343	0.011	2	462	11	11	1	0.180
1	344	0.011	1	388	13	13	1	0.492
1	345	0.012	2	345	11	11	1	0.308
1	346	0.012	2	263	11	11	1	0.460
1	347	0.012	2	170	11	11	1	0.323
1	348	0.012	2	488	11	11	1	0.651
1	349	0.012	2	500	11	11	1	0.452
1	350	0.013	2	67	11	11	1	0.507
1	351	0.013	1	340	13	11	0	0.347
1	352	0.013	2	365	11	11	1	0.322
1	353	0.013	2	257	11	11	1	0.283
1	354	0.013	2	329	11	11	1	0.483
1	355	0.014	2	368	11	11	1	0.578
1	356	0.014	2	194	11	11	1	0.698
1	357	0.014	2	50	11	11	1	0.810
1	358	0.001	2	117	11	NaN	0	NaN
1	359	0.001	2	279	11	11	1	0.031
1	360	0.001	2	136	11	11	1	0.422
1	361	0.001	2	485	11	11	1	0.614
1	362	0.002	2	296	11	11	1	0.462
1	363	0.002	2	506	11	11	1	0.710
1	364	0.002	2	214	11	11	1	0.478
1	365	0.002	2	92	11	11	1	0.558
1	366	0.002	2	405	11	11	1	0.478
1	367	0.003	2	284	11	11	1	0.461
1	368	0.003	2	267	11	11	1	0.461
1	369	0.003	2	377	11	11	1	0.357
1	370	0.003	2	68	11	11	1	0.533
1	371	0.003	2	321	11	11	1	0.484
1	372	0.004	2	251	11	11	1	0.332
1	373	0.004	2	91	11	11	1	0.484
1	374	0.004	2	457	11	11	1	0.387
1	375	0.004	2	121	11	11	1	0.420
1	376	0.004	2	153	11	11	1	0.371
1	377	0.005	2	464	11	11	1	0.459
1	378	0.005	2	106	11	11	1	0.355
1	379	0.005	2	20	11	11	1	0.531
1	380	0.005	2	507	11	11	1	0.466
1	381	0.005	2	272	11	11	1	0.482
1	382	0.006	2	314	11	11	1	0.450
1	383	0.006	2	34	11	11	1	0.481
1	384	0.006	2	249	11	11	1	0.274
1	385	0.006	2	157	11	11	1	0.417
1	386	0.006	2	63	11	11	1	0.490
1	387	0.007	2	382	11	11	1	0.369
1	388	0.007	2	338	11	11	1	0.377
1	389	0.007	2	269	11	11	1	0.369
1	390	0.007	2	163	11	11	1	0.281
1	391	0.007	2	508	11	11	1	0.312
1	392	0.008	2	544	11	11	1	0.336
1	393	0.008	2	197	11	11	1	0.432
1	394	0.008	2	19	11	11	1	0.432
1	395	0.008	2	21	11	11	1	0.528
1	396	0.008	2	388	11	11	1	0.448
1	397	0.008	2	430	11	11	1	0.303
1	398	0.009	2	38	11	11	1	0.095
1	399	0.009	2	250	11	11	1	0.430
1	400	0.009	2	538	11	11	1	0.423
1	401	0.009	2	208	11	11	1	0.343
1	402	0.009	2	202	11	11	1	0.391
1	403	0.009	2	88	11	11	1	0.278
1	404	0.010	2	232	11	11	1	0.262
1	405	0.010	2	147	11	11	1	0.325
1	406	0.010	2	487	11	11	1	0.301
1	407	0.010	2	268	11	11	1	0.341
1	408	0.011	2	451	11	11	1	0.501
1	409	0.011	2	366	11	11	1	0.301
1	410	0.011	2	417	11	11	1	0.364
1	411	0.011	2	455	11	11	1	0.356
1	412	0.011	2	532	11	11	1	0.284
1	413	0.011	2	402	11	11	1	0.325
1	414	0.012	2	406	11	11	1	0.204
1	415	0.012	2	95	11	11	1	0.284
1	416	0.012	2	505	11	11	1	0.275
1	417	0.012	2	534	11	11	1	0.283
1	418	0.012	2	318	11	11	1	0.251
1	419	0.013	2	331	11	11	1	0.283
1	420	0.013	2	370	11	11	1	0.235
1	421	0.013	2	44	11	11	1	0.395
1	422	0.013	2	376	11	11	1	0.266
1	423	0.013	2	166	11	11	1	0.298
1	424	0.014	2	45	11	11	1	0.298
1	425	0.014	2	420	11	11	1	0.266
1	426	0.014	2	499	11	11	1	0.274
1	427	0.001	2	234	11	11	1	0.271
1	428	0.001	2	18	11	11	1	0.263
1	429	0.001	2	8	11	11	1	0.311
1	430	0.002	2	236	11	11	1	0.374
1	431	0.002	2	245	11	11	1	0.302
1	432	0.002	2	183	11	11	1	0.269
1	433	0.002	2	172	11	11	1	0.269
1	434	0.002	2	265	11	11	1	0.206
1	435	0.002	2	65	11	11	1	0.285
1	436	0.003	2	221	11	11	1	0.293
1	437	0.003	2	439	11	11	1	0.213
1	438	0.003	2	76	11	11	1	0.197
1	439	0.003	2	169	11	11	1	0.204
1	440	0.003	2	261	11	11	1	0.253
1	441	0.004	2	292	11	11	1	0.252
1	442	0.004	2	116	11	11	1	0.412
1	443	0.004	2	359	11	11	1	0.292
1	444	0.004	2	441	11	11	1	0.252
1	445	0.004	2	336	11	11	1	0.291
1	446	0.005	2	206	11	11	1	0.227
1	447	0.005	2	467	11	11	1	0.234
1	448	0.005	2	112	11	11	1	0.258
1	449	0.005	2	282	11	11	1	0.315
1	450	0.005	2	513	11	11	1	0.298
1	451	0.006	2	101	11	11	1	0.475
1	452	0.006	2	120	11	11	1	0.282
1	453	0.006	2	547	11	11	1	0.218
1	454	0.006	2	320	11	11	1	0.114
1	455	0.006	2	196	11	11	1	0.273
1	456	0.007	2	193	11	11	1	0.217
1	457	0.007	2	52	11	11	1	0.080
1	458	0.007	2	151	11	11	1	0.209
1	459	0.007	2	479	11	11	1	0.056
1	460	0.007	2	391	11	11	1	0.480
1	461	0.008	2	297	11	11	1	0.320
1	462	0.008	1	35	13	11	0	0.288
1	463	0.008	2	303	11	11	1	0.256
1	464	0.008	2	447	11	11	1	0.048
1	465	0.008	2	452	11	11	1	0.191
1	466	0.008	2	302	11	11	1	0.175
1	467	0.009	2	108	11	11	1	0.151
1	468	0.009	2	341	11	11	1	0.143
1	469	0.009	2	312	11	11	1	0.031
1	470	0.009	2	348	11	11	1	0.111
1	471	0.009	1	123	13	11	0	0.223
1	472	0.010	2	274	11	11	1	0.213
1	473	0.010	2	497	11	11	1	0.542
1	474	0.010	2	71	11	11	1	0.245
1	475	0.010	2	177	11	11	1	0.277
1	476	0.010	1	433	13	11	0	0.269
1	477	0.011	2	330	11	11	1	0.149
1	478	0.011	2	98	11	11	1	0.101
1	479	0.011	2	87	11	11	1	0.013
1	480	0.011	1	306	13	11	0	0.213
1	481	0.011	2	233	11	11	1	0.252
1	482	0.012	2	201	11	11	1	0.260
1	483	0.012	2	167	11	11	1	0.484
1	484	0.012	2	466	11	11	1	0.643
1	485	0.012	2	289	11	11	1	0.404
1	486	0.012	1	244	13	13	1	0.539
1	487	0.012	2	133	11	11	1	0.267
1	488	0.013	2	476	11	11	1	0.355
1	489	0.013	2	392	11	11	1	0.187
1	490	0.013	2	80	11	11	1	0.226
1	491	0.013	2	495	11	11	1	0.243
1	492	0.013	2	215	11	11	1	0.434
1	493	0.014	2	545	11	11	1	0.258
1	494	0.014	2	481	11	11	1	0.233
1	495	0.014	2	168	11	11	1	0.322
1	496	0.001	2	246	11	11	1	0.390
1	497	0.001	2	189	11	11	1	0.535
1	498	0.001	2	301	11	11	1	0.398
1	499	0.001	2	385	11	11	1	0.230
1	500	0.002	2	527	11	11	1	0.086

*********************************************
* Sustained Attention and Recognition Memory Experiment - Memory Test v.1.0
* Date/Time: 30-Oct-2015 10:45:28
* Seed: 213881.0121
* Subject Number: 4
* Subject Name: SS
* Run Number: 1
* debug: 0
*********************************************

1	1	1	4	387	31	1	5.727
1	2	2	1	103	32	1	3.051
1	3	2	3	471	33	0	2.920
1	4	2	1	361	30	0	2.793
1	5	1	4	487	31	1	1.115
1	6	2	3	293	30	1	2.451
1	7	2	1	250	30	0	2.066
1	8	2	3	207	31	1	2.205
1	9	2	1	368	32	1	3.366
1	10	1	2	537	30	0	3.752
1	11	2	3	156	32	0	1.744
1	12	1	4	165	33	0	1.078
1	13	2	1	476	33	1	1.123
1	14	1	2	490	32	1	2.505
1	15	1	4	82	30	1	1.575
1	16	1	2	93	30	0	0.884
1	17	1	2	433	33	1	1.150
1	18	2	3	454	33	0	1.267
1	19	1	4	122	30	1	1.342
1	20	2	3	416	30	1	1.016
1	21	2	1	81	31	0	1.359
1	22	1	2	42	33	1	1.701
1	23	1	4	292	31	1	3.169
1	24	1	4	83	30	1	2.198
1	25	1	4	332	30	1	1.253
1	26	1	2	59	32	1	1.594
1	27	2	1	129	30	0	2.172
1	28	1	2	464	32	1	2.302
1	29	2	3	492	33	0	2.597
1	30	2	3	407	30	1	3.608
1	31	2	3	446	30	1	0.930
1	32	2	3	185	33	0	1.155
1	33	2	3	59	31	1	1.611
1	34	2	1	76	33	1	2.594
1	35	1	2	157	30	0	1.479
1	36	2	1	218	33	1	1.038
1	37	2	1	461	33	1	1.659
1	38	1	4	494	31	1	1.698
1	39	1	4	545	31	1	1.114
1	40	2	3	290	31	1	0.714
1	41	2	1	540	33	1	1.273
1	42	2	1	337	32	1	1.803
1	43	1	4	422	31	1	2.130
1	44	2	1	247	30	0	1.372
1	45	2	1	151	33	1	2.188
1	46	1	4	47	30	1	1.177
1	47	2	1	482	31	0	1.984
1	48	1	4	135	31	1	2.125
1	49	1	2	175	32	1	1.498
1	50	1	2	521	32	1	1.028
1	51	1	2	197	31	0	2.755
1	52	2	3	470	33	0	0.947
1	53	1	2	246	33	1	0.522
1	54	1	2	335	30	0	0.826
1	55	2	1	25	31	0	1.978
1	56	1	4	213	31	1	0.947
1	57	2	3	393	31	1	1.660
1	58	1	2	441	32	1	1.880
1	59	2	1	388	31	0	1.503
1	60	1	2	158	30	0	1.196
1	61	2	1	232	32	1	0.929
1	62	2	3	159	31	1	1.384
1	63	1	4	419	31	1	0.493
1	64	1	2	101	33	1	1.360
1	65	2	3	445	31	1	0.844
1	66	1	4	70	33	0	1.372
1	67	2	1	32	32	1	1.772
1	68	1	4	223	30	1	0.966
1	69	1	2	457	31	0	0.941
1	70	1	2	267	31	0	4.773
1	71	2	3	150	32	0	1.136
1	72	1	2	13	30	0	1.020
1	73	2	3	429	31	1	1.347
1	74	1	4	364	32	0	1.909
1	75	2	3	283	32	0	1.322
1	76	1	2	161	30	0	1.871
1	77	2	1	478	30	0	0.985
1	78	2	3	12	32	0	1.731
1	79	1	4	6	32	0	0.832
1	80	2	1	181	31	0	1.396
1	81	1	2	388	33	1	1.021
1	82	1	4	348	32	0	1.823
1	83	1	2	499	33	1	0.694
1	84	2	3	299	31	1	1.214
1	85	1	4	520	30	1	1.090
1	86	2	1	487	31	0	2.005
1	87	2	3	533	31	1	1.300
1	88	1	4	483	30	1	1.182
1	89	2	3	124	33	0	1.757
1	90	1	2	35	33	1	1.117
1	91	1	4	304	30	1	1.386
1	92	1	2	525	32	1	2.383
1	93	1	2	340	32	1	1.707
1	94	2	3	178	30	1	1.749
1	95	1	4	99	33	0	1.282
1	96	1	2	405	30	0	1.575
1	97	1	2	229	33	1	1.022
1	98	2	1	518	33	1	1.014
1	99	2	3	351	30	1	1.285
1	100	1	2	202	33	1	1.453
1	101	2	1	148	31	0	2.210
1	102	2	1	438	33	1	1.225
1	103	2	1	261	32	1	1.937
1	104	2	3	459	30	1	1.627
1	105	2	3	145	31	1	2.261
1	106	2	3	327	32	0	2.551
1	107	1	2	123	31	0	5.657
1	108	2	1	157	33	1	1.300
1	109	2	1	39	30	0	1.535
1	110	1	2	244	31	0	1.052
1	111	2	3	242	32	0	1.307
1	112	2	3	419	31	1	1.216
1	113	2	3	64	30	1	2.530
1	114	2	3	427	30	1	0.927
1	115	1	4	74	30	1	0.863
1	116	1	2	342	30	0	1.248
1	117	2	1	457	30	0	1.182
1	118	2	1	294	30	0	0.691
1	119	1	4	49	30	1	1.180
1	120	2	3	165	31	1	0.877
1	121	1	4	379	33	0	1.025
1	122	1	2	317	32	1	1.212
1	123	2	1	496	31	0	0.957
1	124	1	2	180	30	0	0.939
1	125	1	2	184	33	1	1.338
1	126	2	3	484	32	0	1.060
1	127	2	3	433	30	1	1.750
1	128	2	1	130	31	0	2.432
1	129	1	4	358	31	1	1.035
1	130	1	4	446	32	0	1.099
1	131	2	3	517	32	0	0.941
1	132	2	3	184	31	1	1.580
1	133	2	3	171	31	1	0.761
1	134	2	3	504	31	1	0.571
1	135	1	4	11	30	1	1.198
1	136	2	3	380	31	1	1.589
1	137	2	1	128	32	1	0.863
1	138	2	1	497	32	1	1.270
1	139	2	1	330	31	0	1.030
1	140	1	4	544	30	1	1.253
1	141	2	1	443	31	0	1.576
1	142	1	4	474	32	0	0.898
1	143	1	2	345	33	1	1.886
1	144	1	4	226	32	0	1.158
1	145	2	1	528	31	0	0.579
1	146	1	4	108	31	1	0.667
1	147	2	3	79	32	0	1.763
1	148	2	3	90	33	0	0.975
1	149	1	4	410	31	1	1.407
1	150	1	4	434	31	1	2.513
1	151	2	3	521	32	0	1.699
1	152	2	3	491	31	1	2.535
1	153	2	3	110	33	0	2.724
1	154	1	2	23	33	1	1.030
1	155	2	1	213	32	1	1.293
1	156	1	4	235	30	1	1.045
1	157	2	1	280	30	0	1.165
1	158	2	3	412	31	1	1.799
1	159	2	3	135	30	1	2.590
1	160	2	3	325	31	1	0.723
1	161	2	3	477	33	0	1.070
1	162	2	1	274	32	1	0.917
1	163	2	1	75	31	0	0.954
1	164	1	2	306	30	0	1.449
1	165	2	1	21	31	0	0.940
1	166	2	1	109	30	0	1.203
1	167	1	2	423	32	1	1.896
1	168	2	1	452	33	1	0.943
1	169	2	1	362	33	1	1.220
1	170	1	2	133	31	0	2.724
1	171	2	3	256	32	0	2.534
1	172	1	2	455	30	0	2.072
1	173	1	4	403	31	1	1.765
1	174	1	2	43	30	0	1.175
1	175	2	1	296	33	1	1.638
1	176	1	4	10	31	1	2.485
1	177	1	2	495	33	1	1.154
1	178	1	4	142	30	1	2.458
1	179	2	1	400	30	0	1.028
1	180	2	1	195	32	1	1.502
1	181	2	1	10	32	1	1.694
1	182	1	4	33	32	0	1.176
1	183	1	4	130	30	1	1.194
1	184	2	1	211	31	0	1.100
