
*********************************************
* Sustained Attention and Recognition Memory Experiment - Sustained Attention Task v.1.0
* Date/Time: 02-Feb-2015 10:34:30
* Seed: 207784.4418
* Subject Number: 60
* Subject Name: ZM
* Run Number: 1
* debug: 0
*********************************************

run	trl	tdf	sct	simg	crsp	rsp	acc	rt
1	1	0.012	2	475	11	11	1	0.636
1	2	0.013	2	324	11	11	1	0.628
1	3	0.013	2	216	11	11	1	0.459
1	4	0.013	2	234	11	11	1	0.435
1	5	0.013	2	387	11	11	1	0.363
1	6	0.013	2	294	11	11	1	0.404
1	7	0.013	2	474	11	11	1	0.396
1	8	0.014	2	21	11	11	1	0.483
1	9	0.014	2	208	11	11	1	0.508
1	10	0.014	2	525	11	11	1	0.418
1	11	0.014	2	502	11	11	1	0.379
1	12	0.001	2	15	11	11	1	0.559
1	13	0.001	2	116	11	NaN	0	NaN
1	14	0.001	2	80	11	11	1	0.719
1	15	0.002	2	433	11	11	1	0.470
1	16	0.002	2	87	11	11	1	0.431
1	17	0.002	2	78	11	11	1	0.472
1	18	0.002	2	304	11	11	1	0.430
1	19	0.002	2	470	11	11	1	0.342
1	20	0.003	2	4	11	11	1	0.365
1	21	0.003	2	436	11	11	1	0.597
1	22	0.003	2	279	11	11	1	0.607
1	23	0.003	2	27	11	11	1	0.484
1	24	0.003	2	501	11	11	1	0.383
1	25	0.004	2	52	11	11	1	0.357
1	26	0.004	2	100	11	11	1	0.382
1	27	0.004	2	196	11	11	1	0.436
1	28	0.004	2	373	11	11	1	0.363
1	29	0.004	2	311	11	11	1	0.309
1	30	0.004	2	107	11	11	1	0.237
1	31	0.005	2	136	11	11	1	0.260
1	32	0.005	2	61	11	11	1	0.268
1	33	0.005	2	165	11	11	1	0.227
1	34	0.005	2	224	11	11	1	0.186
1	35	0.006	1	522	13	11	0	0.196
1	36	0.006	2	316	11	11	1	0.507
1	37	0.006	2	254	11	11	1	0.466
1	38	0.006	2	220	11	11	1	0.377
1	39	0.006	2	230	11	11	1	0.355
1	40	0.007	1	466	13	11	0	0.473
1	41	0.007	2	543	11	11	1	0.593
1	42	0.007	2	288	11	11	1	0.728
1	43	0.007	2	343	11	11	1	0.752
1	44	0.007	2	182	11	11	1	0.521
1	45	0.008	2	195	11	11	1	0.530
1	46	0.008	2	411	11	11	1	0.522
1	47	0.008	2	112	11	11	1	0.496
1	48	0.008	2	35	11	11	1	0.504
1	49	0.008	2	283	11	11	1	0.513
1	50	0.008	2	494	11	11	1	0.455
1	51	0.009	2	469	11	11	1	0.465
1	52	0.009	2	306	11	11	1	0.391
1	53	0.009	2	74	11	11	1	0.464
1	54	0.009	1	129	13	11	0	0.457
1	55	0.009	1	533	13	11	0	0.527
1	56	0.010	2	459	11	11	1	0.503
1	57	0.010	2	531	11	11	1	0.496
1	58	0.010	2	362	11	11	1	0.552
1	59	0.010	2	370	11	11	1	0.381
1	60	0.010	2	143	11	11	1	0.599
1	61	0.011	2	435	11	11	1	0.445
1	62	0.011	2	113	11	11	1	0.390
1	63	0.011	2	322	11	11	1	0.317
1	64	0.011	2	293	11	11	1	0.261
1	65	0.011	2	22	11	11	1	0.316
1	66	0.012	2	25	11	11	1	0.325
1	67	0.012	2	114	11	11	1	0.381
1	68	0.012	2	485	11	11	1	0.373
1	69	0.012	2	266	11	11	1	0.412
1	70	0.012	2	286	11	11	1	0.419
1	71	0.013	1	113	13	11	0	0.300
1	72	0.013	2	391	11	11	1	0.515
1	73	0.013	2	398	11	11	1	0.475
1	74	0.013	2	386	11	11	1	0.564
1	75	0.013	2	380	11	11	1	0.476
1	76	0.013	2	90	11	11	1	0.420
1	77	0.014	2	55	11	11	1	0.410
1	78	0.014	2	454	11	11	1	0.450
1	79	0.014	2	82	11	11	1	0.411
1	80	0.014	2	23	11	11	1	0.435
1	81	0.001	2	473	11	11	1	0.409
1	82	0.001	1	327	13	13	1	0.591
1	83	0.001	1	454	13	13	1	0.727
1	84	0.002	2	155	11	11	1	0.686
1	85	0.002	2	126	11	11	1	0.726
1	86	0.002	2	517	11	11	1	0.654
1	87	0.002	2	273	11	11	1	0.549
1	88	0.002	2	432	11	11	1	0.558
1	89	0.003	2	443	11	11	1	0.422
1	90	0.003	2	260	11	11	1	0.397
1	91	0.003	2	497	11	11	1	0.342
1	92	0.003	1	244	13	11	0	0.447
1	93	0.003	2	41	11	11	1	0.389
1	94	0.004	2	415	11	11	1	0.412
1	95	0.004	2	89	11	11	1	0.438
1	96	0.004	2	523	11	11	1	0.446
1	97	0.004	1	195	13	11	0	0.388
1	98	0.004	2	427	11	11	1	0.412
1	99	0.005	2	111	11	11	1	0.406
1	100	0.005	2	295	11	11	1	0.413
1	101	0.005	2	326	11	11	1	0.388
1	102	0.005	2	238	11	11	1	0.316
1	103	0.005	2	84	11	11	1	0.274
1	104	0.006	2	476	11	11	1	0.410
1	105	0.006	2	122	11	11	1	0.258
1	106	0.006	1	249	13	11	0	0.107
1	107	0.006	2	239	11	11	1	0.114
1	108	0.006	2	194	11	11	1	0.858
1	109	0.007	2	219	11	11	1	0.721
1	110	0.007	2	521	11	11	1	0.667
1	111	0.007	2	85	11	11	1	0.418
1	112	0.007	2	327	11	11	1	0.457
1	113	0.007	2	530	11	11	1	0.323
1	114	0.008	1	283	13	11	0	0.296
1	115	0.008	2	121	11	11	1	0.546
1	116	0.008	2	92	11	11	1	0.250
1	117	0.008	2	93	11	11	1	0.127
1	118	0.008	2	232	11	11	1	0.601
1	119	0.008	1	182	13	11	0	0.447
1	120	0.009	2	9	11	11	1	0.425
1	121	0.009	2	180	11	11	1	0.224
1	122	0.009	2	507	11	11	1	0.200
1	123	0.009	2	98	11	11	1	0.305
1	124	0.009	1	497	13	13	1	0.472
1	125	0.010	1	2	13	13	1	0.576
1	126	0.010	2	478	11	11	1	0.550
1	127	0.010	2	97	11	11	1	0.462
1	128	0.010	2	406	11	11	1	0.407
1	129	0.010	2	533	11	11	1	0.319
1	130	0.011	2	346	11	11	1	0.341
1	131	0.011	1	442	13	11	0	0.318
1	132	0.011	2	201	11	11	1	0.487
1	133	0.011	2	301	11	11	1	0.303
1	134	0.011	2	258	11	11	1	0.276
1	135	0.012	2	338	11	11	1	0.253
1	136	0.012	2	240	11	11	1	0.308
1	137	0.012	2	352	11	11	1	0.444
1	138	0.012	2	156	11	11	1	0.310
1	139	0.012	2	516	11	11	1	0.828
1	140	0.013	2	401	11	11	1	0.532
1	141	0.013	2	167	11	11	1	0.413
1	142	0.013	2	550	11	11	1	0.388
1	143	0.013	2	270	11	11	1	0.300
1	144	0.013	2	178	11	11	1	0.276
1	145	0.014	2	14	11	11	1	0.282
1	146	0.014	2	506	11	11	1	0.403
1	147	0.014	1	280	13	11	0	0.556
1	148	0.014	2	466	11	11	1	0.563
1	149	0.001	2	164	11	11	1	0.393
1	150	0.001	2	228	11	11	1	0.287
1	151	0.001	2	54	11	11	1	0.134
1	152	0.001	2	130	11	11	1	0.879
1	153	0.002	2	369	11	11	1	0.710
1	154	0.002	2	231	11	11	1	0.543
1	155	0.002	2	214	11	11	1	0.454
1	156	0.002	1	186	13	11	0	0.349
1	157	0.002	1	17	13	11	0	0.262
1	158	0.003	2	272	11	13	0	0.126
1	159	0.003	2	77	11	11	1	0.788
1	160	0.003	2	511	11	11	1	0.655
1	161	0.003	2	419	11	11	1	0.469
1	162	0.003	2	275	11	11	1	0.316
1	163	0.004	2	152	11	11	1	0.230
1	164	0.004	2	56	11	11	1	0.364
1	165	0.004	2	407	11	11	1	0.245
1	166	0.004	2	153	11	11	1	0.126
1	167	0.004	2	328	11	11	1	0.117
1	168	0.005	2	170	11	11	1	0.012
1	169	0.005	2	300	11	11	1	0.036
1	170	0.005	2	101	11	11	1	0.811
1	171	0.005	2	227	11	11	1	0.724
1	172	0.005	2	540	11	11	1	0.554
1	173	0.006	2	60	11	11	1	0.357
1	174	0.006	2	513	11	11	1	0.316
1	175	0.006	2	181	11	11	1	0.260
1	176	0.006	2	482	11	11	1	0.185
1	177	0.006	2	477	11	11	1	0.018
1	178	0.007	2	408	11	11	1	0.041
1	179	0.007	2	221	11	NaN	0	NaN
1	180	0.007	2	484	11	11	1	0.202
1	181	0.007	2	193	11	11	1	0.130
1	182	0.007	2	333	11	11	1	0.056
1	183	0.008	1	26	13	13	1	0.786
1	184	0.008	2	128	11	11	1	0.777
1	185	0.008	2	434	11	11	1	0.641
1	186	0.008	2	377	11	11	1	0.474
1	187	0.008	2	302	11	11	1	0.399
1	188	0.008	2	298	11	11	1	0.343
1	189	0.009	2	291	11	11	1	0.287
1	190	0.009	1	86	13	11	0	0.295
1	191	0.009	2	416	11	11	1	0.399
1	192	0.009	2	6	11	11	1	0.296
1	193	0.009	2	268	11	11	1	0.078
1	194	0.010	2	212	11	11	1	0.503
1	195	0.010	1	391	13	11	0	0.128
1	196	0.010	2	188	11	13	0	0.039
1	197	0.010	2	26	11	11	1	0.352
1	198	0.010	2	350	11	11	1	0.230
1	199	0.011	2	1	11	11	1	0.669
1	200	0.011	2	495	11	11	1	0.423
1	201	0.011	1	80	13	11	0	0.095
1	202	0.011	2	119	11	NaN	0	NaN
1	203	0.011	2	237	11	11	1	0.062
1	204	0.012	2	103	11	11	1	0.628
1	205	0.012	2	186	11	11	1	0.348
1	206	0.012	2	278	11	11	1	0.309
1	207	0.012	2	20	11	11	1	0.173
1	208	0.012	1	518	13	11	0	0.676
1	209	0.013	2	441	11	11	1	0.379
1	210	0.013	2	546	11	11	1	0.244
1	211	0.013	2	399	11	11	1	0.653
1	212	0.013	2	344	11	11	1	0.515
1	213	0.013	2	487	11	11	1	0.237
1	214	0.014	2	68	11	11	1	0.738
1	215	0.014	2	446	11	11	1	0.508
1	216	0.014	2	131	11	11	1	0.292
1	217	0.014	2	463	11	11	1	0.091
1	218	0.001	2	336	11	11	1	0.512
1	219	0.001	2	281	11	11	1	0.199
1	220	0.001	1	143	13	11	0	0.864
1	221	0.002	2	11	11	11	1	0.599
1	222	0.002	2	187	11	11	1	0.094
1	223	0.002	2	351	11	11	1	0.086
1	224	0.002	2	371	11	11	1	0.832
1	225	0.002	2	18	11	11	1	0.581
1	226	0.002	2	259	11	11	1	0.286
1	227	0.003	2	503	11	11	1	0.230
1	228	0.003	1	479	13	11	0	0.030
1	229	0.003	2	190	11	11	1	0.085
1	230	0.003	2	8	11	11	1	0.253
1	231	0.003	2	2	11	11	1	0.068
1	232	0.004	2	168	11	11	1	0.622
1	233	0.004	2	385	11	11	1	0.565
1	234	0.004	2	312	11	11	1	0.445
1	235	0.004	2	129	11	11	1	0.372
1	236	0.004	2	534	11	11	1	0.220
1	237	0.005	2	191	11	11	1	0.021
1	238	0.005	2	297	11	11	1	0.571
1	239	0.005	2	457	11	11	1	0.354
1	240	0.005	2	88	11	11	1	0.203
1	241	0.005	2	358	11	11	1	0.068
1	242	0.006	1	279	13	11	0	0.587
1	243	0.006	2	335	11	11	1	0.322
1	244	0.006	2	404	11	11	1	0.234
1	245	0.006	2	39	11	11	1	0.626
1	246	0.006	2	199	11	11	1	0.444
1	247	0.007	2	197	11	11	1	0.305
1	248	0.007	2	202	11	11	1	0.203
1	249	0.007	2	38	11	11	1	0.787
1	250	0.007	2	289	11	11	1	0.490
1	251	0.007	2	67	11	11	1	0.274
1	252	0.007	1	97	13	11	0	0.330
1	253	0.008	2	389	11	11	1	0.145
1	254	0.008	2	422	11	11	1	0.729
1	255	0.008	2	492	11	11	1	0.369
1	256	0.008	2	488	11	11	1	0.393
1	257	0.008	2	296	11	11	1	0.080
1	258	0.009	1	449	13	11	0	0.711
1	259	0.009	2	43	11	11	1	0.352
1	260	0.009	2	73	11	11	1	0.040
1	261	0.009	2	166	11	11	1	0.417
1	262	0.009	2	222	11	11	1	0.152
1	263	0.010	1	45	13	11	0	0.608
1	264	0.010	2	95	11	11	1	0.424
1	265	0.010	2	541	11	11	1	0.080
1	266	0.010	2	395	11	11	1	0.438
1	267	0.010	2	505	11	11	1	0.206
1	268	0.011	2	139	11	11	1	0.616
1	269	0.011	2	179	11	11	1	0.334
1	270	0.011	1	502	13	11	0	0.118
1	271	0.011	2	81	11	11	1	0.444
1	272	0.011	2	284	11	11	1	0.244
1	273	0.012	2	522	11	11	1	0.012
1	274	0.012	2	120	11	11	1	0.372
1	275	0.012	2	303	11	11	1	0.252
1	276	0.012	2	412	11	11	1	0.005
1	277	0.012	2	317	11	11	1	0.526
1	278	0.013	2	464	11	11	1	0.229
1	279	0.013	2	86	11	11	1	0.093
1	280	0.013	2	519	11	11	1	0.531
1	281	0.013	2	372	11	11	1	0.411
1	282	0.013	2	353	11	11	1	0.195
1	283	0.014	2	472	11	11	1	0.139
1	284	0.014	2	49	11	11	1	0.500
1	285	0.014	2	256	11	11	1	0.330
1	286	0.014	2	319	11	11	1	0.115
1	287	0.001	2	163	11	11	1	0.711
1	288	0.001	2	57	11	11	1	0.608
1	289	0.001	2	315	11	11	1	0.473
1	290	0.002	2	16	11	11	1	0.238
1	291	0.002	2	382	11	11	1	0.071
1	292	0.002	2	198	11	11	1	0.592
1	293	0.002	2	65	11	11	1	0.360
1	294	0.002	2	117	11	11	1	0.206
1	295	0.002	2	192	11	11	1	0.613
1	296	0.003	2	520	11	11	1	0.269
1	297	0.003	2	203	11	11	1	0.053
1	298	0.003	2	218	11	11	1	0.349
1	299	0.003	2	544	11	11	1	0.070
1	300	0.003	2	58	11	11	1	0.462
1	301	0.004	2	37	11	11	1	0.308
1	302	0.004	2	442	11	11	1	0.188
1	303	0.004	2	359	11	11	1	0.356
1	304	0.004	2	5	11	11	1	0.012
1	305	0.004	1	90	13	11	0	0.438
1	306	0.005	2	255	11	11	1	0.221
1	307	0.005	2	160	11	11	1	0.005
1	308	0.005	2	175	11	11	1	0.412
1	309	0.005	2	282	11	11	1	0.195
1	310	0.005	2	271	11	11	1	0.619
1	311	0.006	2	481	11	11	1	0.292
1	312	0.006	2	514	11	11	1	0.554
1	313	0.006	2	496	11	11	1	0.242
1	314	0.006	2	246	11	11	1	0.618
1	315	0.006	2	133	11	11	1	0.338
1	316	0.006	2	364	11	11	1	0.716
1	317	0.007	2	211	11	11	1	0.850
1	318	0.007	2	105	11	11	1	0.522
1	319	0.007	2	308	11	11	1	0.338
1	320	0.007	2	267	11	11	1	0.073
1	321	0.008	2	307	11	11	1	0.528
1	322	0.008	2	356	11	11	1	0.425
1	323	0.008	2	28	11	11	1	0.160
1	324	0.008	2	79	11	11	1	0.185
1	325	0.008	1	233	13	11	0	0.720
1	326	0.009	2	75	11	11	1	0.503
1	327	0.009	2	479	11	11	1	0.319
1	328	0.009	2	375	11	11	1	0.295
1	329	0.009	2	127	11	11	1	0.640
1	330	0.009	2	169	11	NaN	0	NaN
1	331	0.009	2	176	11	11	1	0.079
1	332	0.010	2	223	11	11	1	0.455
1	333	0.010	1	157	13	11	0	0.383
1	334	0.010	2	467	11	11	1	0.069
1	335	0.010	2	251	11	11	1	0.751
1	336	0.010	2	428	11	11	1	0.582
1	337	0.011	2	162	11	NaN	0	NaN
1	338	0.011	2	13	11	NaN	0	NaN
1	339	0.011	2	489	11	11	1	0.398
1	340	0.011	2	7	11	11	1	0.053
1	341	0.011	2	19	11	11	1	0.188
1	342	0.012	2	184	11	11	1	0.070
1	343	0.012	2	321	11	11	1	0.494
1	344	0.012	2	430	11	11	1	0.356
1	345	0.012	2	528	11	11	1	0.012
1	346	0.012	2	83	11	11	1	0.372
1	347	0.013	2	207	11	11	1	0.027
1	348	0.013	2	305	11	11	1	0.723
1	349	0.013	1	165	13	11	0	0.461
1	350	0.013	2	536	11	11	1	0.451
1	351	0.013	2	361	11	11	1	0.106
1	352	0.014	2	374	11	11	1	0.146
1	353	0.014	2	498	11	11	1	0.444
1	354	0.014	2	280	11	11	1	0.100
1	355	0.014	2	437	11	11	1	0.812
1	356	0.001	2	51	11	11	1	0.447
1	357	0.001	2	63	11	11	1	0.055
1	358	0.001	2	423	11	11	1	0.398
1	359	0.002	2	388	11	11	1	0.631
1	360	0.002	2	367	11	11	1	0.480
1	361	0.002	2	524	11	11	1	0.342
1	362	0.002	2	210	11	11	1	0.095
1	363	0.002	2	59	11	11	1	0.166
1	364	0.003	2	174	11	NaN	0	NaN
1	365	0.003	2	50	11	11	1	0.598
1	366	0.003	2	177	11	11	1	0.399
1	367	0.003	2	276	11	11	1	0.037
1	368	0.003	2	161	11	11	1	0.286
1	369	0.003	2	448	11	11	1	0.853
1	370	0.004	2	465	11	11	1	0.621
1	371	0.004	2	547	11	11	1	0.388
1	372	0.004	1	203	13	11	0	0.332
1	373	0.004	2	354	11	11	1	0.037
1	374	0.004	2	10	11	11	1	0.747
1	375	0.005	1	68	13	11	0	0.499
1	376	0.005	2	323	11	11	1	0.509
1	377	0.005	2	329	11	11	1	0.435
1	378	0.005	2	426	11	11	1	0.218
1	379	0.005	2	137	11	11	1	0.131
1	380	0.006	2	360	11	NaN	0	NaN
1	381	0.006	2	318	11	11	1	0.660
1	382	0.006	2	368	11	11	1	0.571
1	383	0.006	2	461	11	11	1	0.450
1	384	0.006	1	487	13	11	0	0.330
1	385	0.007	2	453	11	11	1	0.177
1	386	0.007	2	241	11	11	1	0.089
1	387	0.007	2	549	11	11	1	0.658
1	388	0.007	1	66	13	11	0	0.507
1	389	0.007	2	365	11	11	1	0.337
1	390	0.008	2	535	11	11	1	0.105
1	391	0.008	2	269	11	11	1	0.688
1	392	0.008	2	99	11	11	1	0.504
1	393	0.008	2	438	11	11	1	0.367
1	394	0.008	2	439	11	11	1	0.247
1	395	0.009	1	543	13	11	0	0.785
1	396	0.009	2	510	11	11	1	0.552
1	397	0.009	1	424	13	11	0	0.480
1	398	0.009	2	396	11	11	1	0.327
1	399	0.009	2	444	11	11	1	0.206
1	400	0.009	2	36	11	11	1	0.009
1	401	0.010	2	539	11	11	1	0.880
1	402	0.010	2	357	11	11	1	0.694
1	403	0.010	2	104	11	11	1	0.511
1	404	0.010	2	420	11	11	1	0.438
1	405	0.010	1	344	13	11	0	0.286
1	406	0.011	2	445	11	11	1	0.135
1	407	0.011	2	70	11	11	1	0.798
1	408	0.011	2	320	11	11	1	0.437
1	409	0.011	2	109	11	11	1	0.270
1	410	0.011	2	253	11	11	1	0.180
1	411	0.012	2	145	11	11	1	0.732
1	412	0.012	1	490	13	11	0	0.486
1	413	0.012	2	250	11	11	1	0.285
1	414	0.012	2	499	11	11	1	0.085
1	415	0.012	2	340	11	11	1	0.779
1	416	0.013	1	147	13	11	0	0.517
1	417	0.013	2	69	11	11	1	0.317
1	418	0.013	2	151	11	11	1	0.244
1	419	0.013	2	235	11	11	1	0.092
1	420	0.013	2	249	11	11	1	0.595
1	421	0.014	2	31	11	11	1	0.331
1	422	0.014	2	397	11	11	1	0.114
1	423	0.014	2	456	11	11	1	0.715
1	424	0.014	2	142	11	11	1	0.418
1	425	0.001	2	314	11	11	1	0.311
1	426	0.001	2	53	11	11	1	0.126
1	427	0.001	2	225	11	11	1	0.056
1	428	0.002	2	480	11	11	1	0.606
1	429	0.002	1	403	13	11	0	0.375
1	430	0.002	2	349	11	11	1	0.127
1	431	0.002	2	71	11	11	1	0.597
1	432	0.002	2	29	11	11	1	0.381
1	433	0.003	2	440	11	11	1	0.199
1	434	0.003	2	518	11	11	1	0.045
1	435	0.003	1	112	13	13	1	0.726
1	436	0.003	2	96	11	11	1	0.382
1	437	0.003	1	51	13	11	0	0.357
1	438	0.004	2	115	11	11	1	0.526
1	439	0.004	2	292	11	11	1	0.261
1	440	0.004	2	330	11	11	1	0.750
1	441	0.004	2	383	11	11	1	0.500
1	442	0.004	2	189	11	11	1	0.379
1	443	0.004	2	363	11	11	1	0.132
1	444	0.005	2	123	11	11	1	0.829
1	445	0.005	2	30	11	11	1	0.644
1	446	0.005	2	91	11	11	1	0.412
1	447	0.005	2	262	11	11	1	0.276
1	448	0.005	2	545	11	11	1	0.202
1	449	0.006	2	460	11	11	1	0.116
1	450	0.006	2	451	11	11	1	0.620
1	451	0.006	2	424	11	11	1	0.435
1	452	0.006	2	72	11	11	1	0.235
1	453	0.006	2	76	11	11	1	0.817
1	454	0.007	1	200	13	11	0	0.507
1	455	0.007	2	257	11	11	1	0.273
1	456	0.007	1	100	13	11	0	0.731
1	457	0.007	2	486	11	11	1	0.481
1	458	0.007	2	325	11	11	1	0.233
1	459	0.008	2	125	11	11	1	0.033
1	460	0.008	2	148	11	11	1	0.474
1	461	0.008	2	12	11	11	1	0.209
1	462	0.008	2	468	11	11	1	0.520
1	463	0.008	2	417	11	11	1	0.303
1	464	0.009	2	215	11	11	1	0.055
1	465	0.009	2	183	11	NaN	0	NaN
1	466	0.009	2	185	11	11	1	0.552
1	467	0.009	2	512	11	11	1	0.177
1	468	0.009	2	110	11	11	1	0.727
1	469	0.009	2	146	11	11	1	0.464
1	470	0.010	1	284	13	11	0	0.184
1	471	0.010	1	541	13	NaN	0	NaN
1	472	0.010	2	62	11	11	1	0.630
1	473	0.010	2	491	11	11	1	0.495
1	474	0.010	2	339	11	11	1	0.373
1	475	0.011	2	47	11	11	1	0.286
1	476	0.011	2	392	11	11	1	0.118
1	477	0.011	2	245	11	11	1	0.734
1	478	0.011	2	429	11	11	1	0.502
1	479	0.011	2	299	11	11	1	0.365
1	480	0.012	2	229	11	11	1	0.102
1	481	0.012	2	309	11	11	1	0.766
1	482	0.012	2	532	11	11	1	0.485
1	483	0.012	2	233	11	11	1	0.189
1	484	0.012	2	449	11	11	1	0.675
1	485	0.013	2	455	11	11	1	0.508
1	486	0.013	2	102	11	11	1	0.453
1	487	0.013	2	244	11	11	1	0.285
1	488	0.013	2	135	11	11	1	0.548
1	489	0.013	2	242	11	11	1	0.348
1	490	0.014	2	355	11	11	1	0.083
1	491	0.014	2	431	11	11	1	0.539
1	492	0.014	2	413	11	11	1	0.243
1	493	0.014	2	490	11	11	1	0.059
1	494	0.001	2	421	11	11	1	0.495
1	495	0.001	2	403	11	11	1	0.328
1	496	0.001	2	409	11	11	1	0.079
1	497	0.002	2	265	11	11	1	0.486
1	498	0.002	2	108	11	11	1	0.239
1	499	0.002	2	450	11	11	1	0.678
1	500	0.002	2	287	11	11	1	0.478

*********************************************
* Sustained Attention and Recognition Memory Experiment - Memory Test v.1.0
* Date/Time: 02-Feb-2015 10:46:32
* Seed: 208105.9277
* Subject Number: 60
* Subject Name: ZM
* Run Number: 1
* debug: 0
*********************************************

1	1	1	2	403	30	0	0.828
1	2	1	4	336	30	1	1.344
1	3	1	2	147	30	0	1.334
1	4	2	3	205	33	0	1.534
1	5	2	1	38	33	1	0.854
1	6	1	2	280	31	0	1.644
1	7	2	3	447	33	0	1.410
1	8	1	2	90	30	0	2.146
1	9	2	3	341	33	0	2.018
1	10	1	2	143	30	0	2.221
1	11	1	4	461	30	1	1.271
1	12	2	1	110	33	1	1.236
1	13	2	1	77	33	1	1.247
1	14	2	3	337	33	0	0.638
1	15	1	2	454	32	1	1.653
1	16	2	3	173	31	1	1.842
1	17	1	4	179	31	1	1.190
1	18	1	4	49	31	1	0.740
1	19	1	2	182	30	0	2.023
1	20	1	2	279	30	0	0.981
1	21	2	1	85	31	0	1.081
1	22	2	1	269	31	0	0.655
1	23	2	1	41	33	1	1.763
1	24	1	4	548	30	1	1.424
1	25	1	4	445	33	0	0.777
1	26	2	3	425	33	0	1.157
1	27	2	1	442	31	0	1.500
1	28	2	1	437	31	0	1.117
1	29	1	4	387	31	1	1.321
1	30	2	3	515	30	1	1.058
1	31	2	3	32	30	1	0.795
1	32	2	1	385	33	1	0.936
1	33	1	4	53	32	0	0.543
1	34	1	2	112	32	1	0.643
1	35	1	4	36	32	0	1.237
1	36	1	2	157	32	1	0.866
1	37	2	1	370	30	0	1.508
1	38	2	3	138	31	1	0.575
1	39	1	2	522	33	1	1.121
1	40	2	1	129	33	1	0.913
1	41	1	4	404	30	1	1.361
1	42	2	1	227	31	0	0.879
1	43	2	1	432	33	1	0.986
1	44	1	2	391	33	1	0.911
1	45	1	4	510	31	1	1.268
1	46	2	3	226	31	1	0.742
1	47	1	2	533	30	0	0.936
1	48	1	2	284	30	0	0.766
1	49	2	3	243	33	0	0.829
1	50	1	2	186	33	1	0.901
1	51	1	4	217	32	0	0.638
1	52	1	4	183	31	1	0.547
1	53	2	3	118	33	0	0.960
1	54	1	4	191	31	1	0.620
1	55	2	1	491	30	0	0.675
1	56	2	1	186	33	1	0.881
1	57	1	2	195	32	1	0.743
1	58	1	2	518	31	0	0.497
1	59	1	4	393	30	1	0.616
1	60	1	4	254	33	0	0.606
1	61	1	2	51	30	0	0.700
1	62	1	2	424	31	0	0.544
1	63	2	1	99	31	0	0.662
1	64	1	4	247	31	1	0.745
1	65	2	3	200	31	1	0.838
1	66	1	4	206	30	1	0.534
1	67	2	1	9	33	1	0.768
1	68	1	2	80	31	0	0.592
1	69	1	2	327	33	1	0.797
1	70	2	1	309	30	0	0.751
1	71	1	2	97	30	0	0.712
1	72	2	1	176	31	0	0.995
1	73	2	1	534	32	1	0.761
1	74	2	1	258	32	1	0.553
1	75	2	3	40	32	0	0.597
1	76	1	4	435	33	0	0.834
1	77	1	2	86	33	1	0.649
1	78	1	2	2	30	0	0.651
1	79	1	4	56	30	1	0.738
1	80	1	2	344	30	0	0.467
1	81	1	2	45	30	0	0.468
1	82	2	1	487	33	1	0.835
1	83	2	3	48	33	0	0.479
1	84	1	4	24	33	0	0.487
1	85	2	3	264	30	1	0.655
1	86	1	4	133	33	0	0.611
1	87	1	4	158	30	1	0.514
1	88	1	4	540	31	1	0.513
1	89	1	2	479	33	1	0.513
1	90	2	1	164	31	0	0.429
1	91	2	3	172	30	1	0.836
1	92	1	4	463	33	0	0.544
1	93	2	1	467	32	1	0.481
1	94	2	1	459	31	0	0.535
1	95	1	4	300	33	0	0.502
1	96	2	3	405	32	0	0.360
1	97	2	3	252	31	1	0.623
1	98	2	3	493	33	0	0.361
1	99	1	4	359	33	0	0.519
1	100	2	3	402	30	1	0.390
1	101	1	4	193	32	0	0.321
1	102	1	2	449	32	1	0.284
1	103	1	2	502	32	1	0.328
1	104	2	1	512	33	1	0.424
1	105	1	2	487	31	0	0.283
1	106	2	1	294	32	1	0.465
1	107	2	1	113	32	1	0.483
1	108	1	2	200	33	1	0.512
1	109	1	2	129	30	0	0.405
1	110	1	4	198	31	1	0.535
1	111	1	2	466	33	1	0.356
1	112	2	3	3	33	0	0.350
1	113	2	3	140	33	0	0.294
1	114	2	1	235	33	1	0.902
1	115	2	1	125	33	1	0.768
1	116	2	1	207	30	0	0.273
1	117	1	2	66	30	0	0.243
1	118	1	4	146	30	1	0.278
1	119	1	4	477	30	1	0.259
1	120	2	1	469	31	0	0.375
1	121	2	3	348	32	0	0.189
1	122	2	1	97	33	1	0.215
1	123	2	1	119	30	0	0.288
1	124	1	2	17	30	0	0.215
1	125	2	1	283	30	0	0.578
1	126	1	2	541	30	0	0.358
1	127	1	2	442	33	1	0.895
1	128	1	2	497	30	0	0.316
1	129	1	4	545	30	1	0.358
1	130	2	3	376	31	1	0.379
1	131	1	2	26	32	1	0.480
1	132	1	4	84	33	0	0.642
1	133	1	2	543	30	0	0.327
1	134	1	4	28	31	1	0.280
1	135	2	3	366	32	0	0.449
1	136	2	3	331	30	1	0.130
1	137	2	3	106	30	1	0.406
1	138	2	1	503	30	0	0.516
1	139	2	3	542	30	1	0.216
1	140	2	1	169	30	0	0.488
1	141	2	3	414	30	1	0.514
1	142	1	2	233	33	1	0.463
1	143	1	4	116	33	0	0.642
1	144	1	4	124	30	1	0.377
1	145	1	2	249	31	0	0.308
1	146	2	3	263	32	0	0.164
1	147	2	3	149	33	0	0.206
1	148	2	3	33	30	1	0.263
1	149	2	3	285	31	1	0.231
1	150	2	3	150	32	0	0.192
1	151	2	3	274	33	0	0.227
1	152	2	1	533	30	0	0.168
1	153	1	2	203	31	0	0.295
1	154	1	2	165	31	0	0.082
1	155	2	3	538	31	1	0.178
1	156	2	1	185	31	0	0.119
1	157	1	2	68	32	1	0.883
1	158	2	3	158	32	0	0.453
1	159	1	4	482	32	0	0.299
1	160	2	1	279	30	0	0.452
1	161	1	4	446	31	1	0.592
1	162	1	4	308	30	1	0.846
1	163	2	3	334	30	1	0.599
1	164	2	3	342	30	1	0.670
1	165	2	1	151	30	0	0.385
1	166	1	4	96	30	1	0.345
1	167	1	4	349	30	1	0.348
1	168	1	2	100	30	0	0.375
1	169	1	4	199	33	0	0.356
1	170	1	4	271	30	1	0.416
1	171	2	1	377	30	0	0.277
1	172	2	3	410	30	1	0.422
1	173	1	4	382	31	1	0.240
1	174	1	2	113	31	0	0.259
1	175	1	4	464	32	0	0.465
1	176	2	3	381	30	1	0.848
1	177	2	1	353	30	0	0.420
1	178	2	1	396	33	1	0.306
1	179	2	3	64	32	0	0.358
1	180	2	1	249	30	0	0.212
1	181	1	2	490	31	0	0.116
1	182	2	3	500	33	0	0.071
1	183	1	4	204	30	1	0.117
1	184	2	1	262	31	0	0.176
1	185	2	1	259	32	1	0.196
1	186	2	3	34	30	1	0.173
1	187	2	1	79	31	0	0.275
1	188	1	2	283	32	1	0.165
1	189	1	4	329	33	0	0.426
1	190	1	4	64	30	1	0.308
1	191	2	1	25	31	0	0.249
1	192	2	3	236	32	0	0.317
1	193	1	2	244	33	1	0.272
1	194	2	3	504	30	1	0.573
1	195	1	4	302	30	1	0.399
1	196	2	3	527	30	1	0.388
1	197	2	1	56	30	0	0.392
1	198	2	3	394	30	1	0.531
1	199	2	3	248	30	1	0.344
1	200	1	4	400	33	0	0.488
