
*********************************************
* Sustained Attention and Recognition Memory Experiment - Sustained Attention Task v.1.0
* Date/Time: 13-Nov-2015 12:58:19
* Seed: 211172.9176
* Subject Number: 22
* Subject Name: WL
* Run Number: 1
* debug: 0
*********************************************

run	trl	tdf	sct	simg	crsp	rsp	acc	rt
1	1	0.012	2	137	11	11	1	0.791
1	2	0.013	2	196	11	11	1	0.790
1	3	0.013	2	281	11	11	1	0.806
1	4	0.013	2	545	11	11	1	0.782
1	5	0.013	2	298	11	NaN	0	NaN
1	6	0.013	2	509	11	NaN	0	NaN
1	7	0.013	2	205	11	NaN	0	NaN
1	8	0.014	2	383	11	NaN	0	NaN
1	9	0.014	1	320	13	NaN	0	NaN
1	10	0.014	2	217	11	NaN	0	NaN
1	11	0.001	2	275	11	11	1	0.874
1	12	0.001	2	36	11	11	1	0.882
1	13	0.001	2	430	11	11	1	0.857
1	14	0.002	1	479	13	13	1	0.785
1	15	0.002	2	351	11	11	1	0.737
1	16	0.002	2	122	11	11	1	0.521
1	17	0.002	2	156	11	11	1	0.585
1	18	0.002	2	326	11	11	1	0.457
1	19	0.003	2	486	11	11	1	0.513
1	20	0.003	1	132	13	13	1	0.664
1	21	0.003	2	127	11	11	1	0.672
1	22	0.003	2	76	11	11	1	0.600
1	23	0.003	2	495	11	11	1	0.631
1	24	0.004	2	216	11	11	1	0.607
1	25	0.004	2	505	11	11	1	0.712
1	26	0.004	2	437	11	11	1	0.663
1	27	0.004	2	496	11	11	1	0.783
1	28	0.004	2	314	11	11	1	0.591
1	29	0.004	2	18	11	NaN	0	NaN
1	30	0.005	2	416	11	11	1	0.670
1	31	0.005	2	253	11	11	1	0.638
1	32	0.005	2	143	11	11	1	0.510
1	33	0.005	2	43	11	11	1	0.478
1	34	0.005	2	42	11	11	1	0.470
1	35	0.006	2	290	11	11	1	0.381
1	36	0.006	2	81	11	11	1	0.333
1	37	0.006	2	269	11	11	1	0.525
1	38	0.006	2	69	11	11	1	0.388
1	39	0.006	2	349	11	11	1	0.365
1	40	0.007	2	301	11	11	1	0.293
1	41	0.007	1	472	13	13	1	0.452
1	42	0.007	2	213	11	11	1	0.484
1	43	0.007	2	452	11	11	1	0.563
1	44	0.007	2	189	11	11	1	0.476
1	45	0.008	2	199	11	11	1	0.387
1	46	0.008	2	267	11	11	1	0.412
1	47	0.008	2	41	11	11	1	0.507
1	48	0.008	2	511	11	11	1	0.483
1	49	0.008	1	498	13	13	1	0.746
1	50	0.009	2	60	11	11	1	0.802
1	51	0.009	2	361	11	11	1	0.690
1	52	0.009	2	63	11	11	1	0.546
1	53	0.009	1	13	13	13	1	0.562
1	54	0.009	2	24	11	11	1	0.449
1	55	0.010	2	521	11	11	1	0.714
1	56	0.010	2	372	11	11	1	0.641
1	57	0.010	2	535	11	11	1	0.513
1	58	0.010	1	494	13	13	1	0.521
1	59	0.010	2	30	11	11	1	0.489
1	60	0.010	2	123	11	11	1	0.616
1	61	0.011	2	548	11	11	1	0.528
1	62	0.011	2	454	11	11	1	0.424
1	63	0.011	2	120	11	11	1	0.400
1	64	0.011	2	333	11	11	1	0.367
1	65	0.011	2	308	11	11	1	0.320
1	66	0.012	2	270	11	11	1	0.447
1	67	0.012	2	350	11	11	1	0.359
1	68	0.012	2	155	11	11	1	0.431
1	69	0.012	2	171	11	11	1	0.367
1	70	0.012	2	319	11	11	1	0.326
1	71	0.012	2	46	11	11	1	0.391
1	72	0.013	2	91	11	11	1	0.390
1	73	0.013	2	240	11	11	1	0.278
1	74	0.013	2	244	11	11	1	0.374
1	75	0.013	2	33	11	11	1	0.229
1	76	0.014	2	104	11	11	1	0.237
1	77	0.014	2	158	11	11	1	0.206
1	78	0.014	2	85	11	11	1	0.197
1	79	0.014	2	132	11	11	1	0.181
1	80	0.001	1	475	13	11	0	0.170
1	81	0.001	2	417	11	11	1	0.506
1	82	0.001	2	44	11	11	1	0.473
1	83	0.002	2	444	11	11	1	0.425
1	84	0.002	1	437	13	13	1	0.657
1	85	0.002	2	433	11	11	1	0.561
1	86	0.002	2	59	11	11	1	0.424
1	87	0.002	2	510	11	NaN	0	NaN
1	88	0.003	1	440	13	11	0	0.025
1	89	0.003	2	116	11	11	1	0.649
1	90	0.003	2	174	11	11	1	0.712
1	91	0.003	2	366	11	11	1	0.776
1	92	0.003	1	32	13	13	1	0.703
1	93	0.003	2	458	11	11	1	0.607
1	94	0.004	2	498	11	11	1	0.544
1	95	0.004	2	97	11	11	1	0.535
1	96	0.004	1	114	13	13	1	0.591
1	97	0.004	2	202	11	11	1	0.575
1	98	0.005	2	25	11	11	1	0.463
1	99	0.005	2	151	11	11	1	0.446
1	100	0.005	2	152	11	11	1	0.406
1	101	0.005	2	300	11	11	1	0.373
1	102	0.005	2	136	11	11	1	0.406
1	103	0.005	2	10	11	11	1	0.373
1	104	0.006	2	6	11	11	1	0.510
1	105	0.006	2	209	11	11	1	0.437
1	106	0.006	2	346	11	11	1	0.405
1	107	0.006	2	359	11	11	1	0.397
1	108	0.006	2	147	11	11	1	0.501
1	109	0.007	2	239	11	11	1	0.405
1	110	0.007	2	480	11	11	1	0.364
1	111	0.007	2	318	11	11	1	0.348
1	112	0.007	2	241	11	11	1	0.244
1	113	0.007	2	400	11	11	1	0.284
1	114	0.008	2	345	11	11	1	0.267
1	115	0.008	2	78	11	11	1	0.203
1	116	0.008	2	105	11	11	1	0.443
1	117	0.008	2	405	11	11	1	0.411
1	118	0.008	2	414	11	11	1	0.387
1	119	0.009	2	118	11	11	1	0.539
1	120	0.009	2	17	11	11	1	0.474
1	121	0.009	2	337	11	11	1	0.354
1	122	0.009	2	277	11	11	1	0.354
1	123	0.009	2	185	11	11	1	0.378
1	124	0.010	2	436	11	11	1	0.297
1	125	0.010	2	537	11	11	1	0.202
1	126	0.010	2	438	11	11	1	0.272
1	127	0.010	2	315	11	11	1	0.209
1	128	0.010	2	182	11	11	1	0.241
1	129	0.010	2	119	11	11	1	0.201
1	130	0.011	2	440	11	11	1	0.216
1	131	0.011	2	448	11	11	1	0.264
1	132	0.011	2	471	11	11	1	0.288
1	133	0.011	2	192	11	11	1	0.232
1	134	0.011	2	103	11	11	1	0.232
1	135	0.012	2	524	11	11	1	0.303
1	136	0.012	2	286	11	11	1	0.376
1	137	0.012	2	379	11	11	1	0.423
1	138	0.012	2	169	11	11	1	0.446
1	139	0.012	2	466	11	11	1	0.391
1	140	0.013	2	388	11	11	1	0.407
1	141	0.013	2	257	11	11	1	0.383
1	142	0.013	2	306	11	11	1	0.390
1	143	0.013	2	299	11	11	1	0.381
1	144	0.013	2	154	11	11	1	0.389
1	145	0.013	2	368	11	11	1	0.414
1	146	0.014	2	94	11	11	1	0.413
1	147	0.014	2	100	11	11	1	0.365
1	148	0.014	2	294	11	11	1	0.348
1	149	0.001	2	352	11	11	1	0.353
1	150	0.001	2	5	11	11	1	0.338
1	151	0.001	2	86	11	11	1	0.321
1	152	0.002	2	415	11	11	1	0.361
1	153	0.002	2	150	11	11	1	0.321
1	154	0.002	2	247	11	11	1	0.353
1	155	0.002	2	37	11	11	1	0.377
1	156	0.002	2	446	11	11	1	0.280
1	157	0.003	2	453	11	11	1	0.384
1	158	0.003	2	519	11	11	1	0.408
1	159	0.003	2	428	11	11	1	0.336
1	160	0.003	2	194	11	11	1	0.311
1	161	0.003	2	310	11	11	1	0.215
1	162	0.004	2	329	11	11	1	0.231
1	163	0.004	2	218	11	11	1	0.208
1	164	0.004	2	55	11	11	1	0.120
1	165	0.004	2	22	11	11	1	0.247
1	166	0.004	2	362	11	11	1	0.206
1	167	0.005	2	358	11	11	1	0.199
1	168	0.005	2	392	11	11	1	0.278
1	169	0.005	2	184	11	11	1	0.366
1	170	0.005	2	74	11	11	1	0.326
1	171	0.005	2	181	11	11	1	0.270
1	172	0.005	2	312	11	11	1	0.221
1	173	0.006	2	3	11	11	1	0.269
1	174	0.006	2	47	11	11	1	0.222
1	175	0.006	2	469	11	11	1	0.253
1	176	0.006	2	479	11	11	1	0.237
1	177	0.006	2	481	11	11	1	0.189
1	178	0.007	2	532	11	11	1	0.124
1	179	0.007	2	206	11	11	1	0.140
1	180	0.007	2	144	11	11	1	0.140
1	181	0.007	2	487	11	11	1	0.236
1	182	0.007	2	371	11	11	1	0.267
1	183	0.008	2	133	11	11	1	0.315
1	184	0.008	2	470	11	11	1	0.403
1	185	0.008	2	538	11	11	1	0.387
1	186	0.008	1	540	13	11	0	0.250
1	187	0.008	2	67	11	11	1	0.699
1	188	0.009	2	332	11	11	1	0.603
1	189	0.009	2	186	11	11	1	0.426
1	190	0.009	1	502	13	13	1	0.730
1	191	0.009	2	542	11	11	1	0.818
1	192	0.009	2	425	11	11	1	0.778
1	193	0.010	2	178	11	11	1	0.865
1	194	0.010	1	6	13	13	1	0.810
1	195	0.010	2	51	11	11	1	0.649
1	196	0.010	2	62	11	11	1	0.577
1	197	0.010	2	516	11	11	1	0.465
1	198	0.011	1	500	13	13	1	0.528
1	199	0.011	2	89	11	11	1	0.440
1	200	0.011	2	288	11	11	1	0.448
1	201	0.011	2	121	11	11	1	0.424
1	202	0.011	2	457	11	11	1	0.440
1	203	0.011	2	297	11	11	1	0.407
1	204	0.012	2	259	11	11	1	0.415
1	205	0.012	2	380	11	11	1	0.375
1	206	0.012	2	208	11	11	1	0.359
1	207	0.012	2	168	11	11	1	0.263
1	208	0.012	2	31	11	11	1	0.198
1	209	0.013	2	343	11	11	1	0.183
1	210	0.013	2	197	11	11	1	0.143
1	211	0.013	2	418	11	11	1	0.158
1	212	0.013	2	114	11	11	1	0.141
1	213	0.013	2	175	11	11	1	0.078
1	214	0.013	2	283	11	NaN	0	NaN
1	215	0.014	1	452	13	11	0	0.006
1	216	0.014	2	295	11	11	1	0.549
1	217	0.014	2	187	11	NaN	0	NaN
1	218	0.001	2	423	11	NaN	0	NaN
1	219	0.001	1	127	13	11	0	0.882
1	220	0.001	2	404	11	11	1	0.817
1	221	0.002	2	177	11	11	1	0.786
1	222	0.002	2	207	11	11	1	0.625
1	223	0.002	1	535	13	13	1	0.521
1	224	0.002	2	48	11	11	1	0.641
1	225	0.002	2	500	11	11	1	0.545
1	226	0.003	2	539	11	11	1	0.633
1	227	0.003	1	347	13	11	0	0.513
1	228	0.003	2	130	11	11	1	0.696
1	229	0.003	2	494	11	11	1	0.687
1	230	0.003	2	293	11	11	1	0.872
1	231	0.004	1	218	13	13	1	0.672
1	232	0.004	2	370	11	11	1	0.735
1	233	0.004	2	316	11	NaN	0	NaN
1	234	0.004	2	307	11	11	1	0.063
1	235	0.004	2	451	11	11	1	0.319
1	236	0.005	2	459	11	11	1	0.495
1	237	0.005	2	200	11	11	1	0.471
1	238	0.005	2	328	11	11	1	0.470
1	239	0.005	2	102	11	11	1	0.782
1	240	0.005	1	222	13	13	1	0.694
1	241	0.006	2	336	11	11	1	0.526
1	242	0.006	2	80	11	11	1	0.469
1	243	0.006	2	251	11	11	1	0.461
1	244	0.006	2	357	11	11	1	0.381
1	245	0.006	2	157	11	11	1	0.284
1	246	0.006	2	317	11	11	1	0.364
1	247	0.007	2	282	11	11	1	0.380
1	248	0.007	2	204	11	11	1	0.532
1	249	0.007	2	353	11	11	1	0.468
1	250	0.007	2	223	11	11	1	0.404
1	251	0.007	2	117	11	11	1	0.284
1	252	0.008	2	161	11	11	1	0.259
1	253	0.008	2	482	11	11	1	0.219
1	254	0.008	2	508	11	11	1	0.235
1	255	0.008	2	193	11	11	1	0.242
1	256	0.008	2	512	11	11	1	0.354
1	257	0.009	2	125	11	11	1	0.402
1	258	0.009	2	378	11	11	1	0.354
1	259	0.009	2	507	11	11	1	0.242
1	260	0.009	2	396	11	11	1	0.362
1	261	0.009	2	434	11	11	1	0.226
1	262	0.009	2	12	11	11	1	0.138
1	263	0.010	2	228	11	11	1	0.249
1	264	0.010	2	503	11	11	1	0.201
1	265	0.010	2	113	11	11	1	0.097
1	266	0.010	2	292	11	11	1	0.032
1	267	0.011	1	449	13	11	0	0.248
1	268	0.011	2	40	11	11	1	0.488
1	269	0.011	2	429	11	11	1	0.448
1	270	0.011	2	28	11	11	1	0.464
1	271	0.011	2	268	11	11	1	0.392
1	272	0.011	2	159	11	11	1	0.591
1	273	0.012	2	99	11	11	1	0.431
1	274	0.012	2	26	11	11	1	0.535
1	275	0.012	2	110	11	11	1	0.487
1	276	0.012	2	447	11	11	1	0.487
1	277	0.012	2	393	11	11	1	0.463
1	278	0.013	2	225	11	11	1	0.551
1	279	0.013	2	107	11	11	1	0.438
1	280	0.013	2	221	11	11	1	0.414
1	281	0.013	2	426	11	11	1	0.390
1	282	0.013	2	82	11	11	1	0.461
1	283	0.013	2	313	11	11	1	0.413
1	284	0.014	2	242	11	11	1	0.285
1	285	0.014	2	262	11	11	1	0.245
1	286	0.014	2	488	11	11	1	0.316
1	287	0.001	2	439	11	11	1	0.218
1	288	0.001	2	246	11	11	1	0.257
1	289	0.001	2	131	11	11	1	0.393
1	290	0.002	2	252	11	11	1	0.402
1	291	0.002	2	342	11	11	1	0.305
1	292	0.002	2	9	11	11	1	0.217
1	293	0.002	2	145	11	11	1	0.321
1	294	0.002	2	261	11	11	1	0.233
1	295	0.003	2	61	11	11	1	0.281
1	296	0.003	2	8	11	11	1	0.264
1	297	0.003	2	441	11	11	1	0.304
1	298	0.003	2	382	11	11	1	0.264
1	299	0.003	2	250	11	11	1	0.192
1	300	0.004	2	92	11	11	1	0.176
1	301	0.004	2	222	11	11	1	0.199
1	302	0.004	2	377	11	11	1	0.127
1	303	0.004	2	520	11	11	1	0.134
1	304	0.004	2	472	11	11	1	0.231
1	305	0.004	2	191	11	11	1	0.214
1	306	0.005	2	464	11	11	1	0.182
1	307	0.005	2	484	11	11	1	0.182
1	308	0.005	2	365	11	11	1	0.173
1	309	0.005	2	522	11	11	1	0.085
1	310	0.005	2	431	11	11	1	0.182
1	311	0.006	2	536	11	11	1	0.158
1	312	0.006	2	354	11	11	1	0.221
1	313	0.006	2	473	11	11	1	0.269
1	314	0.006	2	356	11	11	1	0.261
1	315	0.006	2	528	11	11	1	0.285
1	316	0.007	2	544	11	11	1	0.188
1	317	0.007	2	525	11	11	1	0.108
1	318	0.007	2	390	11	11	1	0.028
1	319	0.007	2	381	11	NaN	0	NaN
1	320	0.007	1	538	13	13	1	0.555
1	321	0.008	2	478	11	11	1	0.452
1	322	0.008	2	84	11	11	1	0.523
1	323	0.008	2	266	11	11	1	0.371
1	324	0.008	2	7	11	11	1	0.395
1	325	0.008	2	75	11	11	1	0.379
1	326	0.009	2	183	11	11	1	0.339
1	327	0.009	2	546	11	11	1	0.195
1	328	0.009	2	274	11	11	1	0.234
1	329	0.009	2	534	11	11	1	0.226
1	330	0.009	2	364	11	11	1	0.177
1	331	0.010	2	475	11	11	1	0.194
1	332	0.010	2	455	11	11	1	0.209
1	333	0.010	2	14	11	11	1	0.177
1	334	0.010	2	58	11	11	1	0.225
1	335	0.010	2	443	11	11	1	0.192
1	336	0.011	2	321	11	11	1	0.168
1	337	0.011	2	265	11	11	1	0.312
1	338	0.011	2	376	11	11	1	0.288
1	339	0.011	2	504	11	11	1	0.239
1	340	0.011	2	435	11	11	1	0.104
1	341	0.012	2	309	11	11	1	0.112
1	342	0.012	2	304	11	11	1	0.200
1	343	0.012	2	188	11	11	1	0.199
1	344	0.012	2	340	11	11	1	0.198
1	345	0.012	2	402	11	11	1	0.191
1	346	0.012	2	210	11	11	1	0.263
1	347	0.013	2	79	11	11	1	0.438
1	348	0.013	2	450	11	11	1	0.375
1	349	0.013	2	413	11	11	1	0.318
1	350	0.013	2	387	11	11	1	0.765
1	351	0.013	1	247	13	13	1	0.702
1	352	0.014	2	83	11	11	1	0.502
1	353	0.014	2	124	11	11	1	0.438
1	354	0.014	2	273	11	11	1	0.397
1	355	0.014	1	216	13	11	0	0.269
1	356	0.001	2	170	11	11	1	0.570
1	357	0.001	2	263	11	11	1	0.705
1	358	0.001	2	531	11	11	1	0.658
1	359	0.002	1	161	13	11	0	0.586
1	360	0.002	2	146	11	13	0	0.113
1	361	0.002	2	401	11	11	1	0.865
1	362	0.002	2	34	11	11	1	0.801
1	363	0.002	1	39	13	13	1	0.552
1	364	0.003	2	461	11	11	1	0.529
1	365	0.003	2	211	11	11	1	0.592
1	366	0.003	2	477	11	11	1	0.424
1	367	0.003	1	122	13	11	0	0.368
1	368	0.003	2	541	11	NaN	0	NaN
1	369	0.003	2	233	11	11	1	0.752
1	370	0.004	2	421	11	11	1	0.543
1	371	0.004	2	73	11	11	1	0.567
1	372	0.004	2	56	11	11	1	0.567
1	373	0.004	2	514	11	11	1	0.591
1	374	0.005	2	547	11	11	1	0.702
1	375	0.005	2	513	11	11	1	0.846
1	376	0.005	2	68	11	NaN	0	NaN
1	377	0.005	2	64	11	NaN	0	NaN
1	378	0.005	2	485	11	11	1	0.838
1	379	0.005	2	180	11	11	1	0.781
1	380	0.006	2	248	11	11	1	0.693
1	381	0.006	2	195	11	11	1	0.733
1	382	0.006	2	212	11	11	1	0.772
1	383	0.006	2	70	11	11	1	0.589
1	384	0.006	2	406	11	11	1	0.557
1	385	0.007	2	399	11	11	1	0.500
1	386	0.007	2	71	11	11	1	0.500
1	387	0.007	2	224	11	11	1	0.428
1	388	0.007	2	165	11	11	1	0.404
1	389	0.007	2	338	11	11	1	0.388
1	390	0.008	2	108	11	11	1	0.355
1	391	0.008	2	467	11	11	1	0.411
1	392	0.008	2	2	11	11	1	0.275
1	393	0.008	2	449	11	11	1	0.259
1	394	0.008	2	529	11	11	1	0.275
1	395	0.008	2	530	11	11	1	0.339
1	396	0.009	2	227	11	11	1	0.395
1	397	0.009	2	167	11	11	1	0.362
1	398	0.009	2	279	11	11	1	0.330
1	399	0.009	2	280	11	11	1	0.330
1	400	0.010	2	245	11	11	1	0.274
1	401	0.010	2	20	11	11	1	0.353
1	402	0.010	2	385	11	11	1	0.401
1	403	0.010	2	23	11	11	1	0.401
1	404	0.010	2	410	11	11	1	0.512
1	405	0.010	2	163	11	11	1	0.449
1	406	0.011	2	139	11	11	1	0.512
1	407	0.011	2	229	11	11	1	0.497
1	408	0.011	2	66	11	11	1	0.480
1	409	0.011	2	1	11	11	1	0.503
1	410	0.011	2	497	11	11	1	0.423
1	411	0.012	2	256	11	11	1	0.567
1	412	0.012	2	322	11	11	1	0.471
1	413	0.012	2	391	11	11	1	0.487
1	414	0.012	2	272	11	11	1	0.503
1	415	0.012	2	330	11	11	1	0.526
1	416	0.013	2	235	11	11	1	0.446
1	417	0.013	2	403	11	11	1	0.374
1	418	0.013	2	166	11	11	1	0.334
1	419	0.013	2	29	11	11	1	0.470
1	420	0.013	2	160	11	11	1	0.422
1	421	0.013	2	98	11	11	1	0.389
1	422	0.014	2	50	11	11	1	0.302
1	423	0.014	2	101	11	11	1	0.285
1	424	0.014	2	474	11	11	1	0.397
1	425	0.001	2	148	11	11	1	0.450
1	426	0.001	2	39	11	11	1	0.626
1	427	0.001	2	369	11	11	1	0.625
1	428	0.002	2	420	11	11	1	0.593
1	429	0.002	2	543	11	11	1	0.561
1	430	0.002	2	284	11	11	1	0.489
1	431	0.002	2	334	11	11	1	0.473
1	432	0.002	2	179	11	11	1	0.441
1	433	0.003	2	468	11	11	1	0.441
1	434	0.003	2	411	11	11	1	0.344
1	435	0.003	2	523	11	11	1	0.544
1	436	0.003	2	27	11	11	1	0.479
1	437	0.003	2	389	11	11	1	0.296
1	438	0.004	2	172	11	11	1	0.311
1	439	0.004	2	32	11	11	1	0.295
1	440	0.004	2	201	11	11	1	0.319
1	441	0.004	2	220	11	11	1	0.343
1	442	0.004	2	397	11	11	1	0.342
1	443	0.005	2	13	11	11	1	0.310
1	444	0.005	2	142	11	11	1	0.262
1	445	0.005	2	424	11	11	1	0.230
1	446	0.005	2	501	11	11	1	0.246
1	447	0.005	2	493	11	11	1	0.286
1	448	0.006	2	355	11	11	1	0.254
1	449	0.006	2	264	11	11	1	0.269
1	450	0.006	2	249	11	11	1	0.309
1	451	0.006	1	369	13	11	0	0.317
1	452	0.006	2	93	11	11	1	0.525
1	453	0.006	2	533	11	11	1	0.476
1	454	0.007	2	128	11	11	1	0.477
1	455	0.007	2	384	11	11	1	0.516
1	456	0.007	2	527	11	11	1	0.515
1	457	0.007	2	305	11	11	1	0.492
1	458	0.007	2	203	11	11	1	0.532
1	459	0.008	1	290	13	11	0	0.531
1	460	0.008	1	403	13	13	1	0.683
1	461	0.008	1	64	13	13	1	0.547
1	462	0.008	1	423	13	13	1	0.499
1	463	0.008	2	296	11	11	1	0.595
1	464	0.009	2	291	11	11	1	0.547
1	465	0.009	2	492	11	11	1	0.499
1	466	0.009	2	289	11	11	1	0.594
1	467	0.009	2	341	11	11	1	0.642
1	468	0.009	1	62	13	11	0	0.433
1	469	0.010	1	365	13	13	1	0.554
1	470	0.010	2	153	11	11	1	0.778
1	471	0.010	2	367	11	11	1	0.577
1	472	0.010	2	395	11	11	1	0.473
1	473	0.010	2	327	11	11	1	0.353
1	474	0.011	1	351	13	11	0	0.376
1	475	0.011	2	190	11	11	1	0.488
1	476	0.011	2	517	11	11	1	0.616
1	477	0.011	2	331	11	11	1	0.488
1	478	0.011	2	278	11	11	1	0.616
1	479	0.011	2	45	11	11	1	0.575
1	480	0.012	2	21	11	11	1	0.512
1	481	0.012	2	409	11	11	1	0.463
1	482	0.012	2	88	11	11	1	0.447
1	483	0.012	2	140	11	11	1	0.494
1	484	0.012	2	236	11	NaN	0	NaN
1	485	0.013	2	335	11	11	1	0.055
1	486	0.013	2	325	11	11	1	0.334
1	487	0.013	2	348	11	11	1	0.326
1	488	0.013	2	226	11	11	1	0.278
1	489	0.013	2	35	11	11	1	0.294
1	490	0.014	2	77	11	11	1	0.302
1	491	0.014	2	324	11	11	1	0.229
1	492	0.014	2	412	11	11	1	0.237
1	493	0.014	2	386	11	11	1	0.133
1	494	0.001	2	499	11	11	1	0.250
1	495	0.001	2	52	11	11	1	0.850
1	496	0.001	1	143	13	13	1	0.617
1	497	0.002	1	325	13	13	1	0.529
1	498	0.002	2	302	11	11	1	0.617
1	499	0.002	2	234	11	11	1	0.513
1	500	0.002	2	141	11	11	1	0.873

*********************************************
* Sustained Attention and Recognition Memory Experiment - Memory Test v.1.0
* Date/Time: 13-Nov-2015 13:10:46
* Seed: 211956.8846
* Subject Number: 22
* Subject Name: WL
* Run Number: 1
* debug: 0
*********************************************

1	1	2	3	456	30	1	3.165
1	2	2	3	347	32	0	3.407
1	3	2	1	400	31	0	3.190
1	4	2	1	527	32	1	3.669
1	5	2	3	72	31	1	1.644
1	6	2	3	363	33	0	3.305
1	7	1	4	318	31	1	1.946
1	8	2	3	95	31	1	4.295
1	9	1	2	347	33	1	2.394
1	10	1	4	520	32	0	1.494
1	11	1	2	535	33	1	1.488
1	12	2	3	134	33	0	1.700
1	13	2	1	532	31	0	1.502
1	14	1	2	320	31	0	2.644
1	15	1	4	255	30	1	1.683
1	16	1	2	423	33	1	2.005
1	17	1	4	545	31	1	2.772
1	18	2	1	433	33	1	1.830
1	19	2	3	96	31	1	2.072
1	20	2	1	337	33	1	2.333
1	21	1	4	471	30	1	2.188
1	22	1	2	369	33	1	1.526
1	23	1	4	147	31	1	1.798
1	24	2	1	534	33	1	1.934
1	25	2	3	339	32	0	1.413
1	26	1	4	298	31	1	1.631
1	27	2	3	90	33	0	1.812
1	28	2	3	490	31	1	2.220
1	29	2	1	61	30	0	1.365
1	30	1	4	151	30	1	1.642
1	31	2	1	66	32	1	1.863
1	32	2	3	53	31	1	4.231
1	33	1	2	161	33	1	1.845
1	34	1	4	519	30	1	2.103
1	35	2	3	515	31	1	1.580
1	36	2	1	125	32	1	2.084
1	37	1	2	114	31	0	1.299
1	38	1	2	449	31	0	1.759
1	39	2	1	509	30	0	3.069
1	40	1	2	540	33	1	1.924
1	41	2	1	414	31	0	4.891
1	42	2	3	230	30	1	1.930
1	43	1	2	143	30	0	2.580
1	44	2	1	205	30	0	1.684
1	45	2	1	148	30	0	2.621
1	46	1	2	222	32	1	4.191
1	47	1	4	243	30	1	2.431
1	48	2	3	276	30	1	1.808
1	49	2	3	11	30	1	3.072
1	50	1	2	365	33	1	1.149
1	51	2	1	99	33	1	1.606
1	52	1	4	58	32	0	2.022
1	53	1	4	237	33	0	1.152
1	54	2	1	59	30	0	1.739
1	55	1	4	462	30	1	3.650
1	56	1	4	522	31	1	1.707
1	57	1	2	351	31	0	5.877
1	58	1	2	39	32	1	3.231
1	59	2	1	2	31	0	2.302
1	60	2	1	179	32	1	3.403
1	61	1	4	474	30	1	2.071
1	62	1	4	184	30	1	1.444
1	63	2	1	402	32	1	4.532
1	64	2	1	47	33	1	1.133
1	65	1	2	64	33	1	0.929
1	66	2	1	545	30	0	1.972
1	67	2	3	408	31	1	4.273
1	68	2	3	237	31	1	2.248
1	69	1	2	122	33	1	1.674
1	70	1	4	529	31	1	2.313
1	71	2	3	260	33	0	1.291
1	72	1	2	132	33	1	1.096
1	73	2	3	323	32	0	2.568
1	74	1	2	216	33	1	1.295
1	75	2	1	386	32	1	4.923
1	76	2	3	112	33	0	0.859
1	77	1	4	387	30	1	1.383
1	78	2	1	492	31	0	1.244
1	79	2	1	523	30	0	1.249
1	80	1	2	32	33	1	1.462
1	81	2	1	233	33	1	1.054
1	82	1	4	168	31	1	1.544
1	83	2	3	442	32	0	1.756
1	84	1	4	152	30	1	1.276
1	85	2	3	398	31	1	1.884
1	86	1	4	445	30	1	1.110
1	87	1	2	325	32	1	1.902
1	88	1	4	18	31	1	1.288
1	89	1	2	403	31	0	6.418
1	90	2	1	73	31	0	2.459
1	91	1	2	538	32	1	1.624
1	92	2	3	550	31	1	3.855
1	93	2	3	15	33	0	1.425
1	94	2	3	243	30	1	1.512
1	95	2	1	250	33	1	1.509
1	96	1	4	478	32	0	6.860
1	97	1	4	392	33	0	1.070
1	98	2	3	360	31	1	2.091
1	99	1	2	452	32	1	1.215
1	100	1	2	494	33	1	1.225
1	101	1	2	502	31	0	2.489
1	102	2	3	483	31	1	8.576
1	103	2	3	254	32	0	1.794
1	104	2	1	142	31	0	1.043
1	105	1	4	497	30	1	1.304
1	106	2	1	529	31	0	1.933
1	107	1	4	422	31	1	2.991
1	108	1	4	317	32	0	2.291
1	109	2	1	368	31	0	1.461
1	110	1	4	27	31	1	3.429
1	111	1	2	218	30	0	1.836
1	112	2	3	176	31	1	1.518
1	113	2	3	115	31	1	2.083
1	114	1	4	528	32	0	1.949
1	115	2	1	354	31	0	1.447
1	116	2	3	173	31	1	1.329
1	117	1	2	475	33	1	1.409
1	118	1	4	349	32	0	1.331
1	119	2	3	164	34	0	2.787
1	120	1	4	513	33	0	1.793
1	121	2	1	88	32	1	3.467
1	122	1	4	443	31	1	3.857
1	123	2	3	238	33	0	1.363
1	124	1	4	269	30	1	1.444
1	125	2	1	317	31	0	1.580
1	126	1	4	297	31	1	3.382
1	127	2	1	151	33	1	1.247
1	128	2	3	129	31	1	6.140
1	129	2	1	281	31	0	1.347
1	130	1	2	62	32	1	2.072
1	131	2	1	353	31	0	1.354
1	132	2	1	79	32	1	2.580
1	133	1	4	162	30	1	1.807
1	134	1	2	500	33	1	1.245
1	135	1	4	384	33	0	1.082
1	136	2	3	432	31	1	2.167
1	137	2	3	549	31	1	1.593
1	138	2	1	43	32	1	5.033
1	139	1	2	6	33	1	1.003
1	140	2	3	65	30	1	2.765
1	141	1	2	479	32	1	1.796
1	142	2	1	58	31	0	0.979
1	143	2	3	109	31	1	3.720
1	144	2	3	540	32	0	6.463
1	145	2	3	460	32	0	1.310
1	146	1	2	498	33	1	0.979
1	147	2	3	231	33	0	0.994
1	148	2	1	3	30	0	2.401
1	149	1	2	437	31	0	4.899
1	150	2	1	213	30	0	2.376
1	151	2	3	214	32	0	7.532
1	152	2	1	495	31	0	1.316
1	153	2	1	481	32	1	2.031
1	154	1	2	290	32	1	1.458
1	155	1	2	247	32	1	1.452
1	156	2	1	466	30	0	1.203
1	157	1	4	322	33	0	1.739
1	158	2	3	54	31	1	4.861
1	159	2	3	489	30	1	1.271
1	160	2	3	463	30	1	1.897
1	161	2	1	451	31	0	1.766
1	162	2	1	262	30	0	1.671
1	163	2	3	19	32	0	1.196
1	164	1	2	440	31	0	1.049
1	165	1	2	127	33	1	4.711
1	166	1	4	230	32	0	0.966
1	167	2	3	465	31	1	2.399
1	168	2	3	271	30	1	2.750
1	169	1	2	472	32	1	1.294
1	170	1	2	13	33	1	0.976
1	171	2	1	501	32	1	0.959
1	172	2	1	357	33	1	0.930
1	173	2	3	518	33	0	1.231
1	174	2	1	169	31	0	1.228
1	175	1	4	129	30	1	2.276
1	176	2	1	382	30	0	4.072
1	177	2	1	399	30	0	7.362
1	178	2	3	320	32	0	1.518
