
*********************************************
* Sustained Attention and Recognition Memory Experiment - Sustained Attention Task v.1.0
* Date/Time: 03-Nov-2015 13:01:51
* Seed: 207778.1697
* Subject Number: 17
* Subject Name: CO
* Run Number: 1
* debug: 0
*********************************************

run	trl	tdf	sct	simg	crsp	rsp	acc	rt
1	1	0.012	1	80	11	11	1	0.727
1	2	0.012	1	498	11	11	1	0.615
1	3	0.012	1	126	11	11	1	0.846
1	4	0.012	1	503	11	11	1	0.734
1	5	0.013	1	490	11	11	1	0.526
1	6	0.013	1	525	11	11	1	0.726
1	7	0.013	2	76	13	13	1	0.597
1	8	0.013	1	461	11	11	1	0.477
1	9	0.013	1	31	11	11	1	0.669
1	10	0.014	1	291	11	11	1	0.669
1	11	0.014	2	505	13	13	1	0.613
1	12	0.014	2	495	13	13	1	0.581
1	13	0.001	1	550	11	11	1	0.585
1	14	0.001	1	158	11	11	1	0.522
1	15	0.001	1	62	11	11	1	0.457
1	16	0.001	1	7	11	11	1	0.768
1	17	0.002	1	243	11	11	1	0.697
1	18	0.002	1	136	11	11	1	0.713
1	19	0.002	1	329	11	11	1	0.472
1	20	0.002	1	150	11	11	1	0.456
1	21	0.002	1	152	11	11	1	0.336
1	22	0.003	1	36	11	11	1	0.384
1	23	0.003	1	517	11	11	1	0.391
1	24	0.003	1	417	11	11	1	0.312
1	25	0.003	1	114	11	11	1	0.479
1	26	0.003	1	170	11	11	1	0.479
1	27	0.003	1	445	11	11	1	0.559
1	28	0.004	1	413	11	11	1	0.703
1	29	0.004	1	338	11	11	1	0.622
1	30	0.004	1	415	11	11	1	0.414
1	31	0.004	1	237	11	11	1	0.326
1	32	0.005	1	456	11	11	1	0.550
1	33	0.005	1	334	11	11	1	0.605
1	34	0.005	1	374	11	11	1	0.445
1	35	0.005	1	82	11	NaN	0	NaN
1	36	0.005	1	288	11	11	1	0.556
1	37	0.006	1	410	11	11	1	0.356
1	38	0.006	2	458	13	11	0	0.308
1	39	0.006	1	151	11	11	1	0.612
1	40	0.006	1	399	11	11	1	0.636
1	41	0.006	1	2	11	11	1	0.756
1	42	0.007	1	379	11	11	1	0.675
1	43	0.007	1	51	11	11	1	0.692
1	44	0.007	1	240	11	11	1	0.467
1	45	0.007	1	260	11	11	1	0.587
1	46	0.007	2	537	13	11	0	0.627
1	47	0.008	1	209	11	NaN	0	NaN
1	48	0.008	1	335	11	11	1	0.562
1	49	0.008	1	129	11	11	1	0.778
1	50	0.008	1	452	11	11	1	0.579
1	51	0.008	1	17	11	11	1	0.666
1	52	0.008	1	219	11	11	1	0.658
1	53	0.009	1	71	11	11	1	0.457
1	54	0.009	1	23	11	11	1	0.562
1	55	0.009	1	211	11	11	1	0.593
1	56	0.009	1	60	11	11	1	0.537
1	57	0.009	1	261	11	11	1	0.713
1	58	0.010	1	436	11	11	1	0.584
1	59	0.010	1	285	11	11	1	0.536
1	60	0.010	1	146	11	11	1	0.368
1	61	0.010	1	349	11	11	1	0.440
1	62	0.010	1	93	11	11	1	0.416
1	63	0.010	1	395	11	11	1	0.463
1	64	0.011	1	39	11	11	1	0.487
1	65	0.011	1	306	11	11	1	0.855
1	66	0.011	1	458	11	11	1	0.647
1	67	0.011	1	414	11	11	1	0.535
1	68	0.012	2	94	13	13	1	0.687
1	69	0.012	1	65	11	11	1	0.719
1	70	0.012	1	225	11	11	1	0.502
1	71	0.012	1	163	11	11	1	0.438
1	72	0.012	1	543	11	11	1	0.526
1	73	0.012	1	327	11	11	1	0.430
1	74	0.013	1	248	11	11	1	0.502
1	75	0.013	1	369	11	11	1	0.582
1	76	0.013	1	168	11	11	1	0.429
1	77	0.013	1	539	11	11	1	0.461
1	78	0.013	1	418	11	11	1	0.557
1	79	0.014	1	37	11	11	1	0.461
1	80	0.014	1	344	11	11	1	0.629
1	81	0.014	1	244	11	11	1	0.484
1	82	0.001	1	308	11	11	1	0.393
1	83	0.001	1	87	11	11	1	0.370
1	84	0.001	1	483	11	11	1	0.360
1	85	0.001	2	339	13	13	1	0.593
1	86	0.002	1	69	11	11	1	0.504
1	87	0.002	1	383	11	11	1	0.400
1	88	0.002	1	470	11	11	1	0.640
1	89	0.002	1	390	11	11	1	0.439
1	90	0.002	1	467	11	11	1	0.416
1	91	0.003	1	473	11	11	1	0.336
1	92	0.003	1	253	11	11	1	0.431
1	93	0.003	1	486	11	11	1	0.375
1	94	0.003	1	238	11	11	1	0.343
1	95	0.003	1	88	11	11	1	0.367
1	96	0.004	1	305	11	11	1	0.431
1	97	0.004	1	510	11	11	1	0.383
1	98	0.004	1	73	11	11	1	0.446
1	99	0.004	1	272	11	11	1	0.590
1	100	0.004	1	532	11	11	1	0.605
1	101	0.005	1	340	11	11	1	0.646
1	102	0.005	2	524	13	13	1	0.622
1	103	0.005	1	208	11	11	1	0.549
1	104	0.005	1	330	11	11	1	0.517
1	105	0.005	1	531	11	11	1	0.589
1	106	0.006	1	277	11	11	1	0.501
1	107	0.006	1	476	11	11	1	0.492
1	108	0.006	1	540	11	11	1	0.364
1	109	0.006	1	144	11	11	1	0.340
1	110	0.006	1	406	11	11	1	0.348
1	111	0.006	1	516	11	11	1	0.356
1	112	0.007	1	108	11	11	1	0.355
1	113	0.007	1	499	11	11	1	0.371
1	114	0.007	1	300	11	11	1	0.691
1	115	0.007	1	258	11	11	1	0.683
1	116	0.008	1	501	11	11	1	0.531
1	117	0.008	2	357	13	11	0	0.698
1	118	0.008	1	352	11	11	1	0.611
1	119	0.008	1	373	11	11	1	0.602
1	120	0.008	1	346	11	11	1	0.522
1	121	0.008	1	270	11	11	1	0.442
1	122	0.009	1	389	11	11	1	0.425
1	123	0.009	1	121	11	11	1	0.361
1	124	0.009	1	471	11	11	1	0.705
1	125	0.009	1	316	11	11	1	0.705
1	126	0.009	1	262	11	11	1	0.785
1	127	0.010	2	217	13	13	1	0.648
1	128	0.010	1	105	11	11	1	0.656
1	129	0.010	1	547	11	11	1	0.608
1	130	0.010	1	210	11	11	1	0.497
1	131	0.010	1	97	11	11	1	0.368
1	132	0.010	1	319	11	11	1	0.376
1	133	0.011	1	453	11	11	1	0.344
1	134	0.011	1	230	11	11	1	0.320
1	135	0.011	2	33	13	11	0	0.607
1	136	0.011	1	495	11	11	1	0.615
1	137	0.012	1	443	11	11	1	0.583
1	138	0.012	1	392	11	11	1	0.590
1	139	0.012	1	426	11	NaN	0	NaN
1	140	0.012	1	492	11	11	1	0.694
1	141	0.012	2	482	13	13	1	0.638
1	142	0.012	1	169	11	11	1	0.606
1	143	0.013	1	125	11	11	1	0.582
1	144	0.013	1	520	11	11	1	0.405
1	145	0.013	1	177	11	11	1	0.302
1	146	0.013	1	477	11	11	1	0.373
1	147	0.013	2	395	13	13	1	0.757
1	148	0.014	1	218	11	NaN	0	NaN
1	149	0.014	1	518	11	11	1	0.005
1	150	0.014	1	123	11	11	1	0.540
1	151	0.001	2	118	13	13	1	0.649
1	152	0.001	1	89	11	11	1	0.569
1	153	0.001	1	325	11	11	1	0.537
1	154	0.002	1	355	11	11	1	0.585
1	155	0.002	1	236	11	11	1	0.624
1	156	0.002	1	420	11	11	1	0.777
1	157	0.002	2	543	13	13	1	0.824
1	158	0.002	1	256	11	11	1	0.520
1	159	0.002	1	437	11	11	1	0.392
1	160	0.003	1	354	11	11	1	0.367
1	161	0.003	1	109	11	11	1	0.367
1	162	0.003	1	246	11	11	1	0.351
1	163	0.003	1	94	11	11	1	0.422
1	164	0.003	1	507	11	11	1	0.551
1	165	0.004	1	359	11	NaN	0	NaN
1	166	0.004	1	493	11	NaN	0	NaN
1	167	0.004	1	496	11	11	1	0.303
1	168	0.004	2	222	13	13	1	0.541
1	169	0.004	1	548	11	11	1	0.318
1	170	0.005	1	463	11	11	1	0.350
1	171	0.005	1	247	11	11	1	0.301
1	172	0.005	2	308	13	11	0	0.318
1	173	0.005	1	298	11	11	1	0.349
1	174	0.005	1	537	11	11	1	0.309
1	175	0.006	1	430	11	11	1	0.276
1	176	0.006	2	147	13	11	0	0.421
1	177	0.006	1	120	11	11	1	0.500
1	178	0.006	1	212	11	11	1	0.444
1	179	0.006	1	186	11	11	1	0.724
1	180	0.007	1	361	11	11	1	0.587
1	181	0.007	1	188	11	11	1	0.587
1	182	0.007	2	292	13	13	1	0.499
1	183	0.007	1	217	11	11	1	0.603
1	184	0.007	1	314	11	11	1	0.451
1	185	0.008	1	442	11	11	1	0.419
1	186	0.008	1	178	11	11	1	0.483
1	187	0.008	1	310	11	11	1	0.762
1	188	0.008	1	55	11	11	1	0.578
1	189	0.008	1	474	11	11	1	0.538
1	190	0.009	2	467	13	13	1	0.433
1	191	0.009	1	206	11	11	1	0.538
1	192	0.009	1	67	11	11	1	0.385
1	193	0.009	1	396	11	11	1	0.658
1	194	0.009	1	393	11	11	1	0.537
1	195	0.009	1	419	11	11	1	0.633
1	196	0.010	1	295	11	11	1	0.560
1	197	0.010	1	40	11	11	1	0.545
1	198	0.010	1	11	11	11	1	0.576
1	199	0.010	1	267	11	11	1	0.840
1	200	0.010	2	364	13	13	1	0.503
1	201	0.011	1	159	11	11	1	0.568
1	202	0.011	1	118	11	11	1	0.567
1	203	0.011	1	336	11	11	1	0.527
1	204	0.011	1	482	11	11	1	0.456
1	205	0.011	1	153	11	11	1	0.327
1	206	0.011	1	79	11	11	1	0.303
1	207	0.012	1	462	11	11	1	0.382
1	208	0.012	2	197	13	13	1	0.494
1	209	0.012	1	223	11	11	1	0.335
1	210	0.012	1	216	11	11	1	0.294
1	211	0.012	1	251	11	11	1	0.245
1	212	0.013	2	336	13	11	0	0.317
1	213	0.013	1	30	11	11	1	0.317
1	214	0.013	1	360	11	11	1	0.325
1	215	0.013	1	279	11	11	1	0.278
1	216	0.013	2	418	13	11	0	0.253
1	217	0.014	1	527	11	11	1	0.357
1	218	0.014	1	284	11	11	1	0.293
1	219	0.014	1	281	11	11	1	0.332
1	220	0.001	1	255	11	11	1	0.329
1	221	0.001	1	204	11	11	1	0.513
1	222	0.001	1	164	11	11	1	0.553
1	223	0.002	1	64	11	11	1	0.440
1	224	0.002	1	3	11	11	1	0.544
1	225	0.002	1	25	11	11	1	0.568
1	226	0.002	1	265	11	11	1	0.544
1	227	0.002	1	387	11	11	1	0.504
1	228	0.003	1	273	11	11	1	0.504
1	229	0.003	1	154	11	11	1	0.488
1	230	0.003	1	365	11	11	1	0.503
1	231	0.003	1	439	11	11	1	0.496
1	232	0.003	1	157	11	11	1	0.616
1	233	0.003	1	457	11	11	1	0.479
1	234	0.004	1	21	11	11	1	0.502
1	235	0.004	1	269	11	11	1	0.655
1	236	0.004	1	100	11	11	1	0.463
1	237	0.004	1	20	11	11	1	0.622
1	238	0.004	1	33	11	11	1	0.614
1	239	0.005	1	233	11	11	1	0.462
1	240	0.005	1	546	11	11	1	0.461
1	241	0.005	1	226	11	11	1	0.621
1	242	0.005	1	497	11	11	1	0.597
1	243	0.005	1	155	11	11	1	0.845
1	244	0.006	2	116	13	13	1	0.629
1	245	0.006	1	196	11	11	1	0.516
1	246	0.006	1	8	11	11	1	0.317
1	247	0.006	1	398	11	11	1	0.380
1	248	0.006	1	302	11	11	1	0.323
1	249	0.007	1	22	11	11	1	0.332
1	250	0.007	1	545	11	11	1	0.443
1	251	0.007	1	264	11	11	1	0.347
1	252	0.007	1	536	11	11	1	0.316
1	253	0.007	1	101	11	11	1	0.323
1	254	0.008	1	466	11	11	1	0.419
1	255	0.008	1	49	11	11	1	0.315
1	256	0.008	1	515	11	11	1	0.379
1	257	0.008	1	509	11	11	1	0.362
1	258	0.008	1	180	11	11	1	0.354
1	259	0.009	1	214	11	11	1	0.578
1	260	0.009	1	274	11	11	1	0.458
1	261	0.009	1	161	11	11	1	0.505
1	262	0.009	1	485	11	11	1	0.585
1	263	0.009	1	249	11	11	1	0.433
1	264	0.009	1	179	11	11	1	0.400
1	265	0.010	1	423	11	11	1	0.472
1	266	0.010	1	104	11	11	1	0.384
1	267	0.010	1	176	11	11	1	0.376
1	268	0.010	1	422	11	NaN	0	NaN
1	269	0.010	1	280	11	11	1	0.808
1	270	0.011	2	492	13	13	1	0.608
1	271	0.011	1	28	11	11	1	0.527
1	272	0.011	1	465	11	11	1	0.359
1	273	0.011	1	45	11	11	1	0.335
1	274	0.011	1	549	11	11	1	0.287
1	275	0.012	1	113	11	11	1	0.351
1	276	0.012	1	363	11	11	1	0.342
1	277	0.012	1	391	11	11	1	0.503
1	278	0.012	1	35	11	11	1	0.406
1	279	0.012	1	132	11	11	1	0.398
1	280	0.012	1	160	11	11	1	0.422
1	281	0.013	1	450	11	11	1	0.582
1	282	0.013	1	427	11	11	1	0.493
1	283	0.013	1	523	11	NaN	0	NaN
1	284	0.013	1	43	11	11	1	0.093
1	285	0.013	2	341	13	11	0	0.197
1	286	0.014	1	203	11	13	0	0.149
1	287	0.014	1	198	11	11	1	0.573
1	288	0.014	1	66	11	11	1	0.357
1	289	0.001	1	512	11	11	1	0.298
1	290	0.001	1	103	11	11	1	0.401
1	291	0.001	1	174	11	11	1	0.417
1	292	0.002	1	542	11	11	1	0.657
1	293	0.002	1	175	11	11	1	0.553
1	294	0.002	1	148	11	11	1	0.536
1	295	0.002	2	58	13	11	0	0.376
1	296	0.002	1	350	11	11	1	0.352
1	297	0.003	1	323	11	11	1	0.304
1	298	0.003	1	75	11	11	1	0.263
1	299	0.003	1	353	11	11	1	0.367
1	300	0.003	1	351	11	11	1	0.359
1	301	0.003	1	142	11	11	1	0.359
1	302	0.003	1	400	11	11	1	0.743
1	303	0.004	1	119	11	11	1	0.495
1	304	0.004	1	367	11	11	1	0.502
1	305	0.004	2	416	13	11	0	0.470
1	306	0.004	1	538	11	11	1	0.406
1	307	0.004	1	182	11	11	1	0.302
1	308	0.005	1	283	11	11	1	0.286
1	309	0.005	1	505	11	11	1	0.237
1	310	0.005	2	173	13	11	0	0.301
1	311	0.005	1	173	11	11	1	0.477
1	312	0.005	1	85	11	11	1	0.381
1	313	0.006	1	433	11	11	1	0.381
1	314	0.006	1	116	11	11	1	0.436
1	315	0.006	1	15	11	11	1	0.468
1	316	0.006	1	328	11	11	1	0.436
1	317	0.006	1	78	11	11	1	0.516
1	318	0.007	1	91	11	11	1	0.403
1	319	0.007	1	90	11	11	1	0.468
1	320	0.007	1	266	11	11	1	0.468
1	321	0.007	1	56	11	11	1	0.475
1	322	0.007	1	366	11	11	1	0.491
1	323	0.008	1	32	11	11	1	0.491
1	324	0.008	1	24	11	11	1	0.619
1	325	0.008	1	409	11	11	1	0.530
1	326	0.008	2	401	13	13	1	0.546
1	327	0.008	1	448	11	11	1	0.354
1	328	0.009	1	106	11	11	1	0.330
1	329	0.009	1	368	11	11	1	0.402
1	330	0.009	1	268	11	11	1	0.497
1	331	0.009	1	54	11	11	1	0.569
1	332	0.009	1	488	11	11	1	0.385
1	333	0.009	1	139	11	11	1	0.305
1	334	0.010	1	321	11	11	1	0.336
1	335	0.010	1	318	11	11	1	0.536
1	336	0.010	1	376	11	11	1	0.584
1	337	0.010	1	232	11	11	1	0.528
1	338	0.010	2	307	13	13	1	0.544
1	339	0.011	1	322	11	11	1	0.375
1	340	0.011	1	402	11	11	1	0.344
1	341	0.011	1	375	11	11	1	0.367
1	342	0.011	1	440	11	11	1	0.367
1	343	0.011	1	446	11	11	1	0.543
1	344	0.012	1	254	11	11	1	0.519
1	345	0.012	1	286	11	11	1	0.446
1	346	0.012	1	378	11	11	1	0.623
1	347	0.012	1	313	11	11	1	0.550
1	348	0.012	1	429	11	11	1	0.566
1	349	0.013	2	516	13	13	1	0.598
1	350	0.013	1	292	11	11	1	0.549
1	351	0.013	1	293	11	11	1	0.358
1	352	0.013	1	401	11	11	1	0.334
1	353	0.013	1	331	11	11	1	0.301
1	354	0.013	1	372	11	11	1	0.268
1	355	0.014	1	356	11	11	1	0.252
1	356	0.014	2	512	13	11	0	0.252
1	357	0.014	1	156	11	11	1	0.244
1	358	0.001	1	533	11	11	1	0.257
1	359	0.001	1	404	11	11	1	0.153
1	360	0.001	2	238	13	11	0	0.145
1	361	0.001	1	424	11	11	1	0.297
1	362	0.002	1	528	11	11	1	0.264
1	363	0.002	1	124	11	11	1	0.225
1	364	0.002	1	190	11	11	1	0.216
1	365	0.002	2	144	13	11	0	0.328
1	366	0.003	1	377	11	11	1	0.320
1	367	0.003	1	72	11	11	1	0.271
1	368	0.003	1	215	11	11	1	0.311
1	369	0.003	1	428	11	11	1	0.327
1	370	0.003	1	432	11	11	1	0.439
1	371	0.003	1	84	11	11	1	0.479
1	372	0.004	1	112	11	11	1	0.583
1	373	0.004	1	299	11	11	1	0.478
1	374	0.004	1	189	11	11	1	0.478
1	375	0.004	1	388	11	11	1	0.390
1	376	0.004	1	309	11	11	1	0.374
1	377	0.005	1	201	11	11	1	0.557
1	378	0.005	1	370	11	11	1	0.565
1	379	0.005	1	29	11	11	1	0.509
1	380	0.005	2	224	13	13	1	0.589
1	381	0.005	1	162	11	11	1	0.453
1	382	0.006	1	311	11	11	1	0.381
1	383	0.006	1	541	11	11	1	0.380
1	384	0.006	1	110	11	11	1	0.308
1	385	0.006	1	242	11	11	1	0.340
1	386	0.006	1	147	11	11	1	0.364
1	387	0.007	1	447	11	11	1	0.316
1	388	0.007	1	460	11	11	1	0.332
1	389	0.007	1	339	11	11	1	0.643
1	390	0.007	1	317	11	11	1	0.531
1	391	0.007	1	70	11	11	1	0.403
1	392	0.008	2	180	13	11	0	0.314
1	393	0.008	1	303	11	11	1	0.338
1	394	0.008	1	348	11	11	1	0.290
1	395	0.008	1	259	11	11	1	0.282
1	396	0.008	1	107	11	11	1	0.258
1	397	0.008	1	10	11	11	1	0.242
1	398	0.009	1	481	11	11	1	0.250
1	399	0.009	1	63	11	11	1	0.321
1	400	0.009	1	172	11	11	1	0.329
1	401	0.009	1	74	11	11	1	0.448
1	402	0.009	1	407	11	11	1	0.368
1	403	0.010	1	183	11	11	1	0.377
1	404	0.010	1	544	11	11	1	0.352
1	405	0.010	1	411	11	11	1	0.376
1	406	0.010	1	451	11	11	1	0.480
1	407	0.010	1	347	11	11	1	0.736
1	408	0.011	2	296	13	11	0	0.672
1	409	0.011	1	508	11	11	1	0.583
1	410	0.011	1	166	11	11	1	0.399
1	411	0.011	1	165	11	11	1	0.295
1	412	0.011	1	343	11	11	1	0.287
1	413	0.012	1	455	11	11	1	0.319
1	414	0.012	1	519	11	11	1	0.342
1	415	0.012	1	207	11	11	1	0.350
1	416	0.012	1	289	11	11	1	0.446
1	417	0.012	1	412	11	11	1	0.366
1	418	0.013	1	282	11	11	1	0.710
1	419	0.013	1	197	11	NaN	0	NaN
1	420	0.013	2	431	13	11	0	0.742
1	421	0.013	1	130	11	11	1	0.542
1	422	0.013	1	403	11	11	1	0.381
1	423	0.013	1	138	11	11	1	0.316
1	424	0.014	1	257	11	11	1	0.268
1	425	0.014	1	459	11	11	1	0.309
1	426	0.014	1	449	11	11	1	0.284
1	427	0.001	1	472	11	11	1	0.273
1	428	0.001	1	117	11	11	1	0.377
1	429	0.001	1	57	11	11	1	0.481
1	430	0.002	1	397	11	11	1	0.417
1	431	0.002	1	133	11	11	1	0.360
1	432	0.002	1	122	11	11	1	0.329
1	433	0.002	1	381	11	11	1	0.416
1	434	0.002	1	408	11	11	1	0.376
1	435	0.002	1	479	11	11	1	0.344
1	436	0.003	1	384	11	11	1	0.327
1	437	0.003	1	405	11	11	1	0.319
1	438	0.003	1	199	11	11	1	0.319
1	439	0.003	1	42	11	11	1	0.527
1	440	0.003	1	332	11	11	1	0.607
1	441	0.004	1	145	11	11	1	0.423
1	442	0.004	1	326	11	11	1	0.391
1	443	0.004	1	333	11	11	1	0.374
1	444	0.004	1	200	11	11	1	0.574
1	445	0.004	1	431	11	11	1	0.470
1	446	0.005	1	513	11	11	1	0.381
1	447	0.005	1	191	11	11	1	0.381
1	448	0.005	1	222	11	11	1	0.445
1	449	0.005	1	337	11	11	1	0.437
1	450	0.005	1	137	11	11	1	0.461
1	451	0.006	2	319	13	13	1	0.629
1	452	0.006	1	205	11	11	1	0.540
1	453	0.006	1	263	11	11	1	0.380
1	454	0.006	1	521	11	11	1	0.308
1	455	0.006	1	234	11	11	1	0.316
1	456	0.007	2	103	13	11	0	0.275
1	457	0.007	1	502	11	11	1	0.364
1	458	0.007	2	386	13	11	0	0.283
1	459	0.007	1	16	11	11	1	0.387
1	460	0.007	2	449	13	11	0	0.299
1	461	0.008	1	229	11	11	1	0.387
1	462	0.008	1	382	11	11	1	0.322
1	463	0.008	1	58	11	11	1	0.307
1	464	0.008	1	469	11	11	1	0.282
1	465	0.008	1	131	11	11	1	0.258
1	466	0.008	1	52	11	11	1	0.305
1	467	0.009	2	22	13	11	0	0.266
1	468	0.009	1	68	11	11	1	0.857
1	469	0.009	1	4	11	11	1	0.569
1	470	0.009	1	385	11	11	1	0.345
1	471	0.010	1	500	11	11	1	0.377
1	472	0.010	1	529	11	11	1	0.417
1	473	0.010	1	18	11	11	1	0.400
1	474	0.010	1	480	11	11	1	0.336
1	475	0.010	1	19	11	11	1	0.320
1	476	0.010	1	213	11	11	1	0.399
1	477	0.011	1	275	11	11	1	0.488
1	478	0.011	1	13	11	11	1	0.480
1	479	0.011	1	489	11	11	1	0.583
1	480	0.011	1	278	11	11	1	0.455
1	481	0.011	2	86	13	13	1	0.663
1	482	0.012	2	135	13	13	1	0.711
1	483	0.012	1	324	11	11	1	0.511
1	484	0.012	1	149	11	11	1	0.414
1	485	0.012	1	245	11	11	1	0.327
1	486	0.012	1	394	11	11	1	0.246
1	487	0.013	1	444	11	11	1	0.317
1	488	0.013	1	276	11	11	1	0.302
1	489	0.013	1	287	11	11	1	0.254
1	490	0.013	1	511	11	11	1	0.325
1	491	0.013	1	297	11	11	1	0.317
1	492	0.013	1	425	11	11	1	0.300
1	493	0.014	1	315	11	11	1	0.356
1	494	0.014	1	26	11	11	1	0.300
1	495	0.014	1	514	11	11	1	0.309
1	496	0.001	1	46	11	11	1	0.338
1	497	0.001	1	526	11	11	1	0.297
1	498	0.001	1	478	11	11	1	0.368
1	499	0.002	1	438	11	11	1	0.344
1	500	0.002	1	362	11	11	1	0.385

*********************************************
* Sustained Attention and Recognition Memory Experiment - Memory Test v.1.0
* Date/Time: 03-Nov-2015 13:13:43
* Seed: 211260.8621
* Subject Number: 17
* Subject Name: CO
* Run Number: 1
* debug: 0
*********************************************

1	1	2	2	495	30	0	2.196
1	2	2	2	416	31	0	1.398
1	3	1	1	275	31	0	1.509
1	4	1	3	524	33	0	1.690
1	5	1	1	163	31	0	2.596
1	6	1	1	226	33	1	1.347
1	7	2	4	120	30	1	1.845
1	8	2	2	386	32	1	2.440
1	9	2	4	539	30	1	1.484
1	10	2	4	98	30	1	1.332
1	11	1	1	124	32	1	1.571
1	12	1	1	112	31	0	2.062
1	13	1	1	142	30	0	1.596
1	14	2	2	103	32	1	2.492
1	15	1	3	44	32	0	1.950
1	16	2	4	355	30	1	1.702
1	17	1	1	145	33	1	2.146
1	18	1	3	27	30	1	1.729
1	19	2	4	474	30	1	2.419
1	20	2	2	357	30	0	1.731
1	21	2	2	401	30	0	1.520
1	22	2	4	375	33	0	1.799
1	23	1	3	224	32	0	1.202
1	24	2	2	524	30	0	1.350
1	25	1	3	9	31	1	2.827
1	26	2	4	7	30	1	3.811
1	27	1	1	238	31	0	1.797
1	28	2	4	261	30	1	1.428
1	29	2	4	318	30	1	1.755
1	30	2	4	65	30	1	1.339
1	31	1	3	86	32	0	1.669
1	32	1	1	458	31	0	1.041
1	33	2	2	458	30	0	0.926
1	34	1	1	403	33	1	1.876
1	35	1	3	357	30	1	1.877
1	36	2	2	238	32	1	2.423
1	37	2	4	517	30	1	1.575
1	38	2	2	308	30	0	1.006
1	39	1	1	265	32	1	1.812
1	40	1	3	241	31	1	1.373
1	41	1	3	487	31	1	1.682
1	42	2	2	341	30	0	1.548
1	43	1	1	120	31	0	1.372
1	44	1	1	144	33	1	1.588
1	45	1	3	464	32	0	1.136
1	46	2	2	197	30	0	1.147
1	47	2	2	537	30	0	1.322
1	48	2	2	76	33	1	1.831
1	49	2	2	292	32	1	1.548
1	50	2	2	339	31	0	1.374
1	51	2	4	102	30	1	1.648
1	52	2	2	307	30	0	1.080
1	53	1	1	267	31	0	2.044
1	54	1	3	421	30	1	1.100
1	55	2	4	111	30	1	1.608
1	56	2	2	22	30	0	0.731
1	57	2	2	33	30	0	2.042
1	58	2	4	542	30	1	1.791
1	59	1	3	95	31	1	1.655
1	60	2	4	408	30	1	1.878
1	61	1	1	452	31	0	2.155
1	62	2	2	116	33	1	1.309
1	63	1	1	214	33	1	1.064
1	64	1	1	488	32	1	1.186
1	65	2	4	337	30	1	1.388
1	66	2	4	155	33	0	1.726
1	67	2	2	418	30	0	1.704
1	68	1	1	240	32	1	1.860
1	69	1	3	96	31	1	2.471
1	70	2	2	336	30	0	1.126
1	71	1	3	235	31	1	2.779
1	72	1	3	530	30	1	2.133
1	73	2	2	224	30	0	0.937
1	74	1	1	318	30	0	1.735
1	75	2	2	58	33	1	2.883
1	76	1	3	231	31	1	2.773
1	77	1	3	81	32	0	1.986
1	78	1	1	278	33	1	2.204
1	79	1	3	271	31	1	1.774
1	80	2	4	170	30	1	1.309
1	81	1	3	307	31	1	1.802
1	82	1	3	98	31	1	1.333
1	83	1	3	386	30	1	1.305
1	84	1	1	311	30	0	1.158
1	85	2	2	147	30	0	1.342
1	86	1	1	69	32	1	2.680
1	87	2	4	205	30	1	1.429
1	88	1	1	183	31	0	2.719
1	89	1	3	504	31	1	2.360
1	90	2	4	497	30	1	0.927
1	91	2	4	29	31	1	1.405
1	92	1	3	167	32	0	1.498
1	93	1	3	294	32	0	1.060
1	94	1	3	227	30	1	1.076
1	95	1	1	377	32	1	2.507
1	96	2	4	88	30	1	1.167
1	97	2	4	342	30	1	1.813
1	98	1	3	434	30	1	1.503
1	99	2	2	467	33	1	2.030
1	100	2	2	86	33	1	0.787
1	101	1	1	60	32	1	1.333
1	102	2	4	461	30	1	1.087
1	103	1	1	389	31	0	1.615
1	104	1	3	41	30	1	1.641
1	105	2	2	94	31	0	1.776
1	106	2	2	543	30	0	2.551
1	107	2	2	516	33	1	2.215
1	108	2	4	501	31	1	1.535
1	109	2	4	156	30	1	1.382
1	110	1	3	484	31	1	2.214
1	111	2	4	107	30	1	0.954
1	112	2	4	231	30	1	1.271
1	113	1	1	230	32	1	1.788
1	114	2	2	505	33	1	2.230
1	115	2	4	163	30	1	1.525
1	116	1	1	58	31	0	1.501
1	117	1	1	177	32	1	2.405
1	118	1	1	523	32	1	3.199
1	119	1	1	264	31	0	2.350
1	120	1	3	184	31	1	3.162
1	121	1	1	538	30	0	1.140
1	122	1	1	186	31	0	1.689
1	123	2	2	364	31	0	3.961
1	124	2	4	518	30	1	3.573
1	125	2	4	250	32	0	1.620
1	126	2	2	431	30	0	1.657
1	127	2	2	118	30	0	1.190
1	128	1	3	195	32	0	1.200
1	129	2	4	247	30	1	1.034
1	130	2	4	311	30	1	1.221
1	131	2	2	449	33	1	1.892
1	132	1	3	371	30	1	1.307
1	133	1	1	26	33	1	1.363
1	134	1	1	462	31	0	1.840
1	135	1	1	323	32	1	1.114
1	136	1	1	412	33	1	0.844
1	137	1	3	134	33	0	1.252
1	138	2	4	233	31	1	3.262
1	139	1	1	164	30	0	1.714
1	140	1	1	495	32	1	1.237
1	141	2	2	395	30	0	3.751
1	142	1	1	529	32	1	1.141
1	143	1	1	106	31	0	1.845
1	144	1	1	420	32	1	4.181
1	145	2	4	136	30	1	1.312
1	146	2	4	202	31	1	1.139
1	147	1	3	341	30	1	1.187
1	148	1	1	73	33	1	2.861
1	149	1	1	409	31	0	5.229
1	150	1	3	187	30	1	1.196
1	151	2	2	222	32	1	1.749
1	152	1	3	6	30	1	1.482
1	153	1	1	467	31	0	0.959
1	154	1	1	353	31	0	1.596
1	155	2	2	319	32	1	2.411
1	156	1	3	50	33	0	1.450
1	157	2	2	180	30	0	1.293
1	158	1	3	535	31	1	4.124
1	159	1	3	416	33	0	2.110
1	160	1	3	48	33	0	1.483
1	161	2	4	106	30	1	1.405
1	162	2	4	444	30	1	1.140
1	163	2	4	179	30	1	1.332
1	164	1	3	141	31	1	1.417
1	165	2	4	169	30	1	1.195
1	166	1	3	5	32	0	1.829
1	167	1	3	301	31	1	2.488
1	168	2	2	144	33	1	1.751
1	169	2	2	217	33	1	4.251
1	170	1	3	534	32	0	1.565
1	171	1	1	360	33	1	1.706
1	172	2	2	482	33	1	1.316
1	173	2	2	296	30	0	1.742
1	174	2	2	512	31	0	0.838
1	175	1	3	468	32	0	1.605
1	176	2	4	541	30	1	1.183
1	177	1	1	324	33	1	1.324
1	178	2	4	369	30	1	2.556
1	179	1	3	61	32	0	4.264
1	180	2	2	135	30	0	1.158
1	181	1	1	105	33	1	1.650
1	182	1	3	494	32	0	1.022
1	183	2	4	550	30	1	1.147
1	184	1	3	192	32	0	1.653
1	185	2	4	378	30	1	0.973
1	186	1	1	36	33	1	1.988
1	187	2	4	309	30	1	1.460
1	188	2	2	492	32	1	1.651
1	189	1	3	193	31	1	1.525
1	190	2	4	335	30	1	0.893
1	191	2	2	173	33	1	1.691
1	192	1	3	312	33	0	3.375
1	193	1	3	1	32	0	0.876
1	194	2	4	475	30	1	1.025
