
*********************************************
* Sustained Attention and Recognition Memory Experiment - Sustained Attention Task v.1.0
* Date/Time: 17-Nov-2015 13:58:24
* Seed: 212149.4997
* Subject Number: 25
* Subject Name: DH
* Run Number: 1
* debug: 0
*********************************************

run	trl	tdf	sct	simg	crsp	rsp	acc	rt
1	1	0.011	1	61	11	11	1	0.689
1	2	0.012	1	127	11	11	1	0.625
1	3	0.012	1	69	11	11	1	0.537
1	4	0.012	1	228	11	11	1	0.553
1	5	0.012	1	334	11	11	1	0.617
1	6	-0.001	1	472	11	11	1	0.558
1	7	-0.000	1	417	11	11	1	0.766
1	8	-0.000	2	241	13	13	1	0.725
1	9	-0.000	1	362	11	11	1	0.668
1	10	0.000	1	284	11	11	1	0.708
1	11	0.000	1	442	11	11	1	0.653
1	12	0.000	1	174	11	11	1	0.765
1	13	0.000	1	249	11	11	1	0.573
1	14	0.000	1	247	11	11	1	0.565
1	15	0.001	1	253	11	11	1	0.659
1	16	0.001	1	48	11	11	1	0.636
1	17	0.001	1	85	11	11	1	0.587
1	18	0.001	1	227	11	11	1	0.548
1	19	0.002	1	68	11	11	1	0.555
1	20	0.002	1	187	11	11	1	0.531
1	21	0.002	1	549	11	11	1	0.483
1	22	0.002	1	78	11	11	1	0.618
1	23	0.003	1	16	11	11	1	0.506
1	24	0.003	1	226	11	11	1	0.474
1	25	0.003	1	487	11	11	1	0.553
1	26	0.003	1	70	11	11	1	0.546
1	27	0.003	1	299	11	11	1	0.458
1	28	0.003	1	460	11	11	1	0.394
1	29	0.004	1	294	11	11	1	0.529
1	30	0.004	1	429	11	11	1	0.465
1	31	0.004	1	305	11	11	1	0.497
1	32	0.004	1	382	11	11	1	0.472
1	33	0.004	1	216	11	11	1	0.576
1	34	0.004	1	135	11	11	1	0.473
1	35	0.005	1	395	11	11	1	0.400
1	36	0.005	2	512	13	13	1	0.632
1	37	0.005	1	459	11	11	1	0.688
1	38	0.005	1	464	11	11	1	0.655
1	39	0.005	1	79	11	11	1	0.607
1	40	0.006	1	408	11	11	1	0.648
1	41	0.006	1	416	11	11	1	0.559
1	42	0.006	1	352	11	11	1	0.670
1	43	0.006	1	222	11	11	1	0.510
1	44	0.006	1	113	11	11	1	0.486
1	45	0.007	1	161	11	11	1	0.543
1	46	0.007	2	286	13	13	1	0.646
1	47	0.007	2	457	13	13	1	0.701
1	48	0.007	1	276	11	11	1	0.637
1	49	0.007	1	2	11	11	1	0.661
1	50	0.008	2	17	13	13	1	0.621
1	51	0.008	1	229	11	11	1	0.557
1	52	0.007	1	170	11	11	1	0.670
1	53	0.008	1	159	11	11	1	0.540
1	54	0.008	1	479	11	11	1	0.469
1	55	0.009	1	515	11	11	1	0.460
1	56	0.009	1	364	11	11	1	0.492
1	57	0.009	1	198	11	11	1	0.403
1	58	0.009	1	104	11	11	1	0.388
1	59	0.009	2	5	13	13	1	0.476
1	60	0.009	1	532	11	11	1	0.627
1	61	0.010	1	434	11	11	1	0.547
1	62	0.009	1	348	11	11	1	0.547
1	63	0.010	1	397	11	11	1	0.443
1	64	0.011	1	136	11	11	1	0.450
1	65	0.010	1	39	11	11	1	0.434
1	66	0.011	1	234	11	11	1	0.442
1	67	0.010	1	351	11	11	1	0.426
1	68	0.011	1	308	11	11	1	0.394
1	69	0.011	1	143	11	11	1	0.433
1	70	0.012	1	377	11	11	1	0.449
1	71	0.012	1	107	11	11	1	0.432
1	72	0.012	1	538	11	11	1	0.393
1	73	0.012	1	409	11	11	1	0.401
1	74	-0.001	1	163	11	11	1	0.430
1	75	-0.001	1	23	11	11	1	0.469
1	76	-0.000	1	184	11	11	1	0.621
1	77	-0.001	1	353	11	11	1	0.621
1	78	-0.000	2	116	13	13	1	0.620
1	79	0.000	1	81	11	11	1	0.781
1	80	0.000	1	106	11	11	1	0.628
1	81	0.000	1	444	11	11	1	0.556
1	82	0.000	2	45	13	13	1	0.685
1	83	0.000	1	504	11	11	1	0.613
1	84	0.001	1	140	11	11	1	0.636
1	85	0.001	1	94	11	11	1	0.604
1	86	0.002	2	237	13	13	1	0.683
1	87	0.001	1	497	11	11	1	0.516
1	88	0.002	1	265	11	11	1	0.539
1	89	0.001	1	337	11	11	1	0.492
1	90	0.002	1	374	11	11	1	0.531
1	91	0.002	1	176	11	11	1	0.499
1	92	0.002	1	267	11	11	1	0.499
1	93	0.003	1	523	11	11	1	0.515
1	94	0.003	1	212	11	11	1	0.506
1	95	0.003	1	164	11	11	1	0.506
1	96	0.003	1	35	11	11	1	0.505
1	97	0.003	1	101	11	11	1	0.498
1	98	0.004	1	482	11	11	1	0.489
1	99	0.004	1	298	11	11	1	0.569
1	100	0.004	1	438	11	11	1	0.561
1	101	0.004	1	495	11	11	1	0.552
1	102	0.004	1	529	11	11	1	0.505
1	103	0.004	1	153	11	11	1	0.488
1	104	0.005	1	437	11	11	1	0.456
1	105	0.005	1	148	11	11	1	0.432
1	106	0.005	1	406	11	11	1	0.455
1	107	0.005	1	182	11	11	1	0.479
1	108	0.005	1	306	11	11	1	0.536
1	109	0.006	1	450	11	11	1	0.583
1	110	0.006	1	219	11	11	1	0.743
1	111	0.006	2	234	13	13	1	0.607
1	112	0.006	1	474	11	11	1	0.566
1	113	0.006	1	331	11	11	1	0.567
1	114	0.007	1	209	11	11	1	0.525
1	115	0.007	1	178	11	11	1	0.549
1	116	0.007	1	366	11	11	1	0.646
1	117	0.007	1	207	11	11	1	0.542
1	118	0.007	1	396	11	11	1	0.653
1	119	0.008	2	340	13	13	1	0.709
1	120	0.008	1	250	11	11	1	0.621
1	121	0.008	1	293	11	11	1	0.500
1	122	0.008	1	191	11	11	1	0.493
1	123	0.008	1	8	11	11	1	0.572
1	124	0.009	1	510	11	11	1	0.517
1	125	0.009	1	221	11	11	1	0.476
1	126	0.009	1	349	11	11	1	0.564
1	127	0.009	1	224	11	11	1	0.515
1	128	0.009	1	95	11	11	1	0.508
1	129	0.009	1	121	11	11	1	0.548
1	130	0.010	1	196	11	11	1	0.651
1	131	0.010	1	33	11	11	1	0.539
1	132	0.010	1	181	11	11	1	0.538
1	133	0.010	1	480	11	11	1	0.666
1	134	0.010	1	372	11	11	1	0.611
1	135	0.011	1	264	11	11	1	0.538
1	136	0.011	1	64	11	11	1	0.514
1	137	0.011	1	394	11	11	1	0.449
1	138	0.011	1	134	11	11	1	0.474
1	139	0.011	1	462	11	11	1	0.465
1	140	0.011	1	195	11	11	1	0.489
1	141	0.012	1	477	11	11	1	0.489
1	142	0.012	1	238	11	11	1	0.488
1	143	-0.001	1	124	11	11	1	0.453
1	144	-0.001	1	56	11	11	1	0.557
1	145	-0.000	1	197	11	11	1	0.533
1	146	-0.000	1	270	11	11	1	0.533
1	147	-0.000	1	76	11	11	1	0.549
1	148	0.000	1	91	11	11	1	0.501
1	149	0.000	1	105	11	11	1	0.589
1	150	0.000	1	133	11	11	1	0.453
1	151	0.000	1	468	11	11	1	0.637
1	152	0.000	1	309	11	11	1	0.484
1	153	0.001	1	147	11	11	1	0.563
1	154	0.001	1	502	11	11	1	0.572
1	155	0.001	1	327	11	11	1	0.635
1	156	0.001	1	535	11	11	1	0.547
1	157	0.002	1	430	11	11	1	0.539
1	158	0.002	1	469	11	11	1	0.475
1	159	0.002	1	72	11	11	1	0.458
1	160	0.002	1	41	11	11	1	0.459
1	161	0.002	1	218	11	11	1	0.499
1	162	0.003	1	111	11	11	1	0.578
1	163	0.003	1	167	11	11	1	0.530
1	164	0.003	1	457	11	11	1	0.441
1	165	0.003	1	144	11	11	1	0.394
1	166	0.003	1	245	11	11	1	0.489
1	167	0.003	1	220	11	11	1	0.489
1	168	0.004	1	359	11	11	1	0.545
1	169	0.004	1	512	11	11	1	0.505
1	170	0.004	1	31	11	11	1	0.416
1	171	0.004	1	254	11	11	1	0.440
1	172	0.004	1	347	11	11	1	0.552
1	173	0.005	1	189	11	11	1	0.640
1	174	0.005	1	49	11	11	1	0.504
1	175	0.005	1	302	11	11	1	0.543
1	176	0.005	1	155	11	11	1	0.479
1	177	0.005	1	248	11	11	1	0.400
1	178	0.006	1	243	11	11	1	0.439
1	179	0.006	1	120	11	11	1	0.423
1	180	0.006	1	20	11	11	1	0.422
1	181	0.006	1	413	11	11	1	0.407
1	182	0.006	1	165	11	11	1	0.391
1	183	0.007	2	276	13	11	0	0.414
1	184	0.007	1	448	11	11	1	0.550
1	185	0.007	1	123	11	11	1	0.550
1	186	0.007	1	453	11	11	1	0.541
1	187	0.007	1	473	11	11	1	0.861
1	188	0.008	2	424	13	13	1	0.773
1	189	0.007	1	296	11	11	1	0.798
1	190	0.008	1	303	11	11	1	0.781
1	191	0.008	1	260	11	11	1	0.629
1	192	0.008	2	55	13	13	1	0.621
1	193	0.009	1	433	11	11	1	0.525
1	194	0.009	1	426	11	11	1	0.524
1	195	0.009	1	315	11	11	1	0.459
1	196	0.009	1	456	11	11	1	0.460
1	197	0.009	1	166	11	11	1	0.524
1	198	0.009	1	363	11	11	1	0.484
1	199	0.010	1	343	11	11	1	0.435
1	200	0.009	1	304	11	11	1	0.403
1	201	0.010	1	86	11	11	1	0.426
1	202	0.010	1	386	11	11	1	0.474
1	203	0.011	1	204	11	11	1	0.490
1	204	0.011	1	291	11	11	1	0.410
1	205	0.011	1	141	11	11	1	0.474
1	206	0.011	1	537	11	11	1	0.426
1	207	0.011	1	255	11	11	1	0.474
1	208	0.011	1	466	11	11	1	0.409
1	209	0.012	1	205	11	11	1	0.473
1	210	0.012	1	445	11	11	1	0.400
1	211	0.012	1	470	11	11	1	0.369
1	212	-0.001	1	452	11	11	1	0.437
1	213	-0.001	2	112	13	13	1	0.542
1	214	-0.000	1	138	11	11	1	0.453
1	215	-0.000	1	6	11	11	1	0.677
1	216	-0.000	1	67	11	11	1	0.565
1	217	0.000	1	412	11	11	1	0.453
1	218	0.000	1	446	11	11	1	0.485
1	219	0.000	1	34	11	11	1	0.437
1	220	0.000	1	380	11	11	1	0.469
1	221	0.000	1	514	11	11	1	0.428
1	222	0.001	1	96	11	11	1	0.404
1	223	0.001	1	542	11	11	1	0.420
1	224	0.002	1	524	11	11	1	0.540
1	225	0.001	1	213	11	11	1	0.555
1	226	0.002	1	269	11	11	1	0.708
1	227	0.002	2	157	13	13	1	0.611
1	228	0.002	1	66	11	11	1	0.563
1	229	0.002	1	319	11	11	1	0.490
1	230	0.002	1	241	11	11	1	0.507
1	231	0.003	1	24	11	11	1	0.426
1	232	0.003	1	441	11	11	1	0.434
1	233	0.003	1	517	11	11	1	0.418
1	234	0.003	1	235	11	11	1	0.450
1	235	0.003	1	301	11	11	1	0.458
1	236	0.004	1	471	11	11	1	0.457
1	237	0.004	1	384	11	11	1	0.489
1	238	0.004	1	10	11	11	1	0.569
1	239	0.004	1	46	11	11	1	0.465
1	240	0.004	1	97	11	11	1	0.456
1	241	0.004	1	275	11	11	1	0.464
1	242	0.005	1	402	11	11	1	0.424
1	243	0.005	1	292	11	11	1	0.408
1	244	0.005	1	369	11	11	1	0.416
1	245	0.005	1	125	11	11	1	0.480
1	246	0.005	1	200	11	11	1	0.391
1	247	0.006	1	193	11	11	1	0.455
1	248	0.006	1	58	11	11	1	0.375
1	249	0.006	1	427	11	11	1	0.407
1	250	0.006	1	12	11	11	1	0.399
1	251	0.006	1	300	11	11	1	0.439
1	252	0.007	1	440	11	11	1	0.454
1	253	0.007	1	75	11	11	1	0.510
1	254	0.007	1	109	11	13	0	0.621
1	255	0.007	1	454	11	11	1	0.509
1	256	0.007	1	341	11	11	1	0.797
1	257	0.008	2	43	13	13	1	0.653
1	258	0.008	1	142	11	11	1	0.541
1	259	0.008	1	340	11	11	1	0.532
1	260	0.008	1	439	11	11	1	0.453
1	261	0.008	1	534	11	11	1	0.421
1	262	0.009	1	145	11	11	1	0.428
1	263	0.009	1	541	11	11	1	0.380
1	264	0.009	1	259	11	11	1	0.396
1	265	0.009	1	128	11	11	1	0.476
1	266	0.009	1	215	11	11	1	0.435
1	267	0.009	1	206	11	11	1	0.459
1	268	0.010	1	383	11	11	1	0.467
1	269	0.010	1	431	11	11	1	0.458
1	270	0.010	1	539	11	11	1	0.586
1	271	0.010	1	318	11	11	1	0.434
1	272	0.010	1	451	11	11	1	0.467
1	273	0.011	1	385	11	11	1	0.482
1	274	0.010	1	355	11	11	1	0.466
1	275	0.011	1	543	11	11	1	0.465
1	276	0.011	1	233	11	11	1	0.490
1	277	0.012	1	391	11	11	1	0.425
1	278	0.012	1	522	11	11	1	0.369
1	279	0.012	1	501	11	11	1	0.433
1	280	-0.001	1	287	11	11	1	0.461
1	281	-0.001	1	418	11	11	1	0.549
1	282	-0.001	1	527	11	11	1	0.621
1	283	-0.000	1	415	11	11	1	0.453
1	284	-0.000	1	71	11	11	1	0.453
1	285	0.000	1	360	11	11	1	0.484
1	286	0.000	1	526	11	11	1	0.476
1	287	0.000	1	378	11	11	1	0.413
1	288	0.000	1	536	11	11	1	0.484
1	289	0.000	1	494	11	11	1	0.461
1	290	0.000	1	285	11	11	1	0.516
1	291	0.001	1	4	11	11	1	0.483
1	292	0.001	1	100	11	11	1	0.475
1	293	0.002	1	150	11	11	1	0.451
1	294	0.001	1	99	11	11	1	0.468
1	295	0.002	1	7	11	11	1	0.419
1	296	0.002	1	286	11	11	1	0.467
1	297	0.002	1	73	11	11	1	0.419
1	298	0.002	1	387	11	11	1	0.403
1	299	0.002	1	463	11	11	1	0.418
1	300	0.003	1	525	11	11	1	0.386
1	301	0.003	1	358	11	11	1	0.426
1	302	0.003	1	489	11	11	1	0.434
1	303	0.003	1	381	11	11	1	0.442
1	304	0.003	1	330	11	11	1	0.433
1	305	0.004	1	283	11	11	1	0.418
1	306	0.004	1	390	11	11	1	0.425
1	307	0.004	1	498	11	11	1	0.537
1	308	0.004	1	513	11	11	1	0.441
1	309	0.004	1	27	11	11	1	0.401
1	310	0.004	1	139	11	11	1	0.472
1	311	0.005	1	54	11	11	1	0.392
1	312	0.005	1	272	11	11	1	0.384
1	313	0.005	1	156	11	11	1	0.423
1	314	0.005	1	274	11	11	1	0.384
1	315	0.005	1	154	11	11	1	0.463
1	316	0.006	1	483	11	11	1	0.415
1	317	0.006	1	62	11	11	1	0.430
1	318	0.006	1	171	11	11	1	0.502
1	319	0.006	1	540	11	11	1	0.678
1	320	0.006	2	130	13	11	0	0.742
1	321	0.007	1	40	11	NaN	0	NaN
1	322	0.007	1	65	11	11	1	0.742
1	323	0.007	1	414	11	11	1	0.638
1	324	0.007	2	345	13	13	1	0.582
1	325	0.007	1	87	11	11	1	0.502
1	326	0.008	1	160	11	11	1	0.525
1	327	0.008	1	45	11	11	1	0.493
1	328	0.008	1	251	11	11	1	0.437
1	329	0.008	1	488	11	11	1	0.484
1	330	0.008	1	544	11	11	1	0.669
1	331	0.009	1	375	11	11	1	0.532
1	332	0.008	2	242	13	13	1	0.597
1	333	0.009	1	92	11	11	1	0.556
1	334	0.009	1	232	11	11	1	0.500
1	335	0.009	1	506	11	11	1	0.635
1	336	0.009	2	165	13	13	1	0.587
1	337	0.010	1	18	11	11	1	0.547
1	338	0.010	1	503	11	11	1	0.531
1	339	0.010	1	262	11	11	1	0.418
1	340	0.010	1	310	11	11	1	0.467
1	341	0.010	1	223	11	11	1	0.435
1	342	0.010	1	36	11	11	1	0.395
1	343	0.011	1	329	11	11	1	0.410
1	344	0.011	1	545	11	11	1	0.482
1	345	0.011	1	108	11	11	1	0.506
1	346	0.012	1	328	11	11	1	0.449
1	347	0.012	1	183	11	11	1	0.473
1	348	0.012	1	368	11	11	1	0.529
1	349	0.011	1	122	11	11	1	0.498
1	350	-0.001	1	424	11	11	1	0.613
1	351	-0.001	1	42	11	NaN	0	NaN
1	352	0.012	2	160	13	11	0	0.161
1	353	-0.000	1	344	11	11	1	0.525
1	354	-0.000	1	499	11	11	1	0.461
1	355	0.000	1	376	11	11	1	0.524
1	356	0.000	1	449	11	11	1	0.613
1	357	0.000	1	162	11	11	1	0.540
1	358	0.000	2	245	13	13	1	0.669
1	359	0.000	1	5	11	11	1	0.572
1	360	0.001	1	403	11	11	1	0.580
1	361	0.001	1	428	11	11	1	0.499
1	362	0.002	1	312	11	11	1	0.483
1	363	0.001	1	149	11	11	1	0.491
1	364	0.002	1	21	11	11	1	0.651
1	365	0.002	1	425	11	11	1	0.659
1	366	0.002	2	413	13	13	1	0.691
1	367	0.002	1	370	11	11	1	0.571
1	368	0.002	1	268	11	11	1	0.539
1	369	0.003	1	158	11	11	1	0.474
1	370	0.002	1	316	11	11	1	0.403
1	371	0.003	1	214	11	11	1	0.409
1	372	0.003	1	117	11	11	1	0.378
1	373	0.003	1	257	11	11	1	0.538
1	374	0.004	1	172	11	11	1	0.561
1	375	0.004	1	339	11	11	1	0.657
1	376	0.004	2	25	13	13	1	0.529
1	377	0.004	1	314	11	11	1	0.417
1	378	0.004	1	32	11	11	1	0.464
1	379	0.004	1	114	11	11	1	0.600
1	380	0.005	1	476	11	11	1	0.576
1	381	0.005	1	130	11	11	1	0.536
1	382	0.005	2	3	13	13	1	0.744
1	383	0.005	1	47	11	11	1	0.496
1	384	0.005	1	188	11	11	1	0.423
1	385	0.006	1	199	11	11	1	0.671
1	386	0.006	1	44	11	11	1	0.583
1	387	0.006	1	118	11	11	1	0.590
1	388	0.006	2	513	13	13	1	0.527
1	389	0.006	1	371	11	11	1	0.430
1	390	0.007	1	115	11	11	1	0.382
1	391	0.007	1	307	11	11	1	0.390
1	392	0.007	1	157	11	11	1	0.622
1	393	0.007	1	203	11	11	1	0.550
1	394	0.007	1	93	11	11	1	0.438
1	395	0.008	1	322	11	11	1	0.445
1	396	0.008	1	266	11	11	1	0.485
1	397	0.007	1	14	11	11	1	0.733
1	398	0.008	1	11	11	11	1	0.541
1	399	0.008	2	115	13	13	1	0.605
1	400	0.009	1	84	11	11	1	0.436
1	401	0.009	1	185	11	11	1	0.468
1	402	0.009	1	168	11	11	1	0.468
1	403	0.009	1	177	11	11	1	0.476
1	404	0.009	1	51	11	11	1	0.468
1	405	0.010	1	13	11	11	1	0.515
1	406	0.009	1	30	11	11	1	0.580
1	407	0.009	1	500	11	11	1	0.443
1	408	0.010	1	401	11	11	1	0.363
1	409	0.010	1	288	11	11	1	0.402
1	410	0.010	1	519	11	11	1	0.418
1	411	0.010	1	217	11	11	1	0.579
1	412	0.011	1	277	11	11	1	0.498
1	413	0.011	1	508	11	11	1	0.410
1	414	0.011	1	180	11	11	1	0.370
1	415	0.012	1	324	11	11	1	0.393
1	416	0.011	1	389	11	11	1	0.402
1	417	0.012	1	90	11	11	1	0.353
1	418	0.012	2	14	13	13	1	0.577
1	419	0.012	1	29	11	11	1	0.425
1	420	-0.001	1	194	11	11	1	0.381
1	421	-0.000	1	465	11	11	1	0.349
1	422	-0.000	1	50	11	11	1	0.413
1	423	0.000	1	297	11	11	1	0.397
1	424	0.000	1	179	11	11	1	0.348
1	425	0.000	1	496	11	11	1	0.420
1	426	0.000	1	22	11	11	1	0.332
1	427	0.000	2	246	13	13	1	0.613
1	428	0.000	1	88	11	11	1	0.468
1	429	0.001	1	263	11	11	1	0.499
1	430	0.001	1	332	11	11	1	0.395
1	431	0.002	1	379	11	11	1	0.467
1	432	0.001	1	336	11	11	1	0.371
1	433	0.002	1	323	11	11	1	0.371
1	434	0.002	1	491	11	11	1	0.379
1	435	0.002	1	367	11	11	1	0.411
1	436	0.002	1	461	11	11	1	0.378
1	437	0.002	1	490	11	11	1	0.427
1	438	0.003	1	225	11	11	1	0.394
1	439	0.003	1	116	11	11	1	0.346
1	440	0.003	1	393	11	11	1	0.473
1	441	0.003	1	244	11	NaN	0	NaN
1	442	0.003	1	231	11	11	1	0.514
1	443	0.004	1	455	11	11	1	0.361
1	444	0.004	1	354	11	11	1	0.401
1	445	0.004	1	411	11	11	1	0.385
1	446	0.004	1	467	11	11	1	0.448
1	447	0.004	1	9	11	11	1	0.481
1	448	0.004	1	211	11	11	1	0.488
1	449	0.005	1	511	11	11	1	0.464
1	450	0.005	1	392	11	11	1	0.392
1	451	0.005	1	192	11	11	1	0.416
1	452	0.005	1	528	11	11	1	0.431
1	453	0.006	1	240	11	11	1	0.367
1	454	0.006	1	112	11	11	1	0.319
1	455	0.006	2	475	13	13	1	0.463
1	456	0.006	2	442	13	13	1	0.591
1	457	0.006	1	77	11	11	1	0.494
1	458	0.006	1	15	11	11	1	0.591
1	459	0.007	1	208	11	11	1	0.422
1	460	0.007	1	237	11	11	1	0.405
1	461	0.007	1	89	11	11	1	0.462
1	462	0.007	1	486	11	11	1	0.470
1	463	0.007	1	520	11	11	1	0.421
1	464	0.008	1	146	11	11	1	0.405
1	465	0.008	1	505	11	11	1	0.348
1	466	0.008	2	70	13	13	1	0.461
1	467	0.008	2	73	13	11	0	0.404
1	468	0.008	1	230	11	11	1	0.469
1	469	0.009	2	217	13	13	1	0.548
1	470	0.009	1	83	11	11	1	0.500
1	471	0.009	1	447	11	11	1	0.475
1	472	0.009	1	190	11	11	1	0.451
1	473	0.009	1	422	11	11	1	0.540
1	474	0.010	1	531	11	11	1	0.475
1	475	0.010	1	57	11	11	1	0.427
1	476	0.010	1	325	11	11	1	0.491
1	477	0.010	1	80	11	11	1	0.419
1	478	0.010	1	3	11	11	1	0.394
1	479	0.010	1	279	11	11	1	0.530
1	480	0.010	1	278	11	11	1	0.435
1	481	0.011	1	516	11	11	1	0.514
1	482	0.011	1	129	11	11	1	0.657
1	483	0.011	2	231	13	13	1	0.570
1	484	0.011	1	132	11	11	1	0.474
1	485	0.012	1	210	11	11	1	0.464
1	486	0.012	1	43	11	11	1	0.377
1	487	0.012	1	458	11	11	1	0.385
1	488	-0.001	1	484	11	11	1	0.430
1	489	-0.001	1	28	11	11	1	0.421
1	490	-0.000	1	350	11	11	1	0.445
1	491	-0.000	1	326	11	11	1	0.508
1	492	-0.000	1	530	11	11	1	0.428
1	493	0.000	1	63	11	11	1	0.412
1	494	0.000	1	282	11	11	1	0.413
1	495	0.000	1	311	11	11	1	0.413
1	496	0.000	1	256	11	11	1	0.421
1	497	0.000	1	436	11	11	1	0.389
1	498	0.001	1	25	11	11	1	0.460
1	499	0.001	1	202	11	11	1	0.371
1	500	0.002	1	357	11	11	1	0.435

*********************************************
* Sustained Attention and Recognition Memory Experiment - Memory Test v.1.0
* Date/Time: 17-Nov-2015 14:12:04
* Seed: 207500.5695
* Subject Number: 25
* Subject Name: DH
* Run Number: 1
* debug: 0
*********************************************

1	1	1	3	492	31	1	3.752
1	2	1	1	329	33	1	2.878
1	3	1	1	71	33	1	2.097
1	4	2	4	425	30	1	3.115
1	5	1	3	550	32	0	4.989
1	6	1	3	236	30	1	2.791
1	7	1	3	239	32	0	2.857
1	8	2	4	509	31	1	3.735
1	9	2	2	241	32	1	2.629
1	10	2	4	233	31	1	3.990
1	11	1	3	59	32	0	3.412
1	12	2	4	450	32	0	4.111
1	13	2	4	62	30	1	2.177
1	14	1	3	82	30	1	3.448
1	15	1	3	443	31	1	11.626
1	16	2	4	377	33	0	4.128
1	17	2	2	245	32	1	2.404
1	18	2	2	157	33	1	1.278
1	19	1	1	58	32	1	4.819
1	20	1	1	230	32	1	8.399
1	21	2	4	348	30	1	3.213
1	22	1	3	102	31	1	11.476
1	23	2	4	331	30	1	2.361
1	24	2	4	404	31	1	3.547
1	25	2	4	549	30	1	7.925
1	26	1	3	110	31	1	1.857
1	27	1	1	30	33	1	2.859
1	28	1	3	346	32	0	3.618
1	29	1	1	235	31	0	7.100
1	30	1	3	201	31	1	3.776
1	31	1	1	162	31	0	3.975
1	32	2	4	59	30	1	2.636
1	33	1	1	363	31	0	7.114
1	34	2	4	464	30	1	7.273
1	35	1	3	273	31	1	10.015
1	36	2	2	5	32	1	2.721
1	37	1	3	407	31	1	6.065
1	38	1	1	286	32	1	3.128
1	39	1	3	246	32	0	3.685
1	40	2	4	146	31	1	3.628
1	41	1	3	432	31	1	5.156
1	42	1	3	388	31	1	14.495
1	43	2	4	155	30	1	7.879
1	44	1	3	53	30	1	5.075
1	45	2	2	45	32	1	15.913
1	46	1	3	493	31	1	4.366
1	47	2	2	14	32	1	5.902
1	48	2	2	513	31	0	9.968
1	49	2	2	217	32	1	5.479
1	50	1	1	461	31	0	4.155
1	51	1	3	333	30	1	2.941
1	52	1	3	38	31	1	6.027
1	53	2	4	197	30	1	2.940
1	54	1	1	439	31	0	18.241
1	55	1	3	548	31	1	5.702
1	56	1	1	519	30	0	3.206
1	57	2	2	43	33	1	2.488
1	58	1	3	405	32	0	7.012
1	59	1	1	389	31	0	3.256
1	60	1	3	26	31	1	2.677
1	61	1	1	403	32	1	2.693
1	62	1	1	473	33	1	9.044
1	63	1	3	131	30	1	8.735
1	64	1	1	94	32	1	15.875
1	65	1	3	258	30	1	8.415
1	66	2	2	234	32	1	5.355
1	67	2	2	345	32	1	11.116
1	68	2	2	286	33	1	2.348
1	69	2	4	417	33	0	6.705
1	70	2	2	424	30	0	7.639
1	71	2	4	459	30	1	4.088
1	72	1	1	288	32	1	4.458
1	73	2	2	512	32	1	22.311
1	74	1	1	357	32	1	9.340
1	75	1	3	289	31	1	2.925
1	76	2	2	73	31	0	10.856
1	77	1	1	293	32	1	4.013
1	78	2	2	231	33	1	9.397
1	79	1	1	395	31	0	8.412
1	80	1	3	169	30	1	4.333
1	81	2	4	481	30	1	4.632
1	82	1	1	382	31	0	4.651
1	83	1	3	320	31	1	4.453
1	84	2	4	343	31	1	4.100
1	85	1	1	174	32	1	2.317
1	86	1	3	17	31	1	24.658
1	87	2	2	115	31	0	3.168
1	88	1	3	126	32	0	3.999
1	89	1	1	207	31	0	8.017
1	90	1	1	95	30	0	2.903
1	91	1	3	271	31	1	8.202
1	92	2	2	70	31	0	14.522
1	93	1	1	339	31	0	3.661
1	94	2	2	17	31	0	3.054
1	95	1	3	509	31	1	11.033
1	96	1	3	261	30	1	2.191
1	97	1	1	244	30	0	11.653
1	98	1	3	342	31	1	5.794
1	99	2	4	228	31	1	6.779
1	100	1	3	399	32	0	3.545
1	101	1	1	217	33	1	1.503
1	102	1	3	420	31	1	10.149
1	103	2	4	128	32	0	3.996
1	104	1	3	546	30	1	4.684
1	105	1	3	186	32	0	9.961
1	106	1	1	65	31	0	2.229
1	107	1	3	404	32	0	5.097
1	108	2	4	524	31	1	3.612
1	109	1	3	356	31	1	6.379
1	110	1	3	419	30	1	3.853
1	111	1	3	52	32	0	5.255
1	112	1	1	229	33	1	5.108
1	113	1	1	70	32	1	4.551
1	114	2	4	98	30	1	7.420
1	115	2	4	311	31	1	4.226
1	116	2	2	130	31	0	5.433
1	117	1	1	6	32	1	3.907
1	118	1	1	248	32	1	2.005
1	119	2	2	442	32	1	9.707
1	120	2	2	246	31	0	5.484
1	121	2	2	165	33	1	2.766
1	122	2	4	208	30	1	2.732
1	123	2	2	112	33	1	3.574
1	124	1	1	144	33	1	2.442
1	125	1	1	536	30	0	3.829
1	126	1	3	361	30	1	5.747
1	127	1	1	472	31	0	3.445
1	128	2	2	237	31	0	4.404
1	129	1	1	455	32	1	1.872
1	130	2	2	3	31	0	3.842
1	131	2	4	378	31	1	7.094
1	132	1	1	8	31	0	6.093
1	133	2	2	25	31	0	4.793
1	134	2	4	182	32	0	3.781
1	135	1	1	68	32	1	7.721
1	136	2	4	521	30	1	3.583
1	137	1	3	60	31	1	3.286
1	138	2	4	65	30	1	3.814
1	139	1	3	242	31	1	8.290
1	140	1	1	228	31	0	2.027
1	141	2	4	22	30	1	2.461
1	142	2	4	254	31	1	10.138
1	143	1	1	54	32	1	1.937
1	144	2	4	326	31	1	3.223
1	145	1	1	406	33	1	3.476
1	146	1	1	517	31	0	2.419
1	147	2	4	263	31	1	3.640
1	148	1	3	421	31	1	5.474
1	149	1	1	214	31	0	4.770
1	150	2	2	116	33	1	1.919
1	151	2	2	457	32	1	3.321
1	152	1	3	55	30	1	3.696
1	153	2	2	340	32	1	8.181
1	154	1	1	172	30	0	2.280
1	155	2	4	474	31	1	17.730
1	156	1	1	268	31	0	5.806
1	157	1	3	338	30	1	6.373
1	158	2	2	55	32	1	5.694
1	159	1	3	478	31	1	11.285
1	160	2	2	242	32	1	15.690
1	161	1	1	502	32	1	3.916
1	162	2	2	276	32	1	21.039
1	163	2	4	173	30	1	2.273
1	164	2	2	160	32	1	3.451
1	165	2	4	511	30	1	5.118
1	166	1	3	151	30	1	2.670
1	167	1	1	39	31	0	2.755
1	168	1	1	24	31	0	3.901
1	169	2	2	475	32	1	2.765
1	170	2	2	413	33	1	2.588
1	171	1	1	287	30	0	5.006
1	172	1	1	87	31	0	3.196
