
*********************************************
* Sustained Attention and Recognition Memory Experiment - Sustained Attention Task v.1.0
* Date/Time: 30-Oct-2015 13:01:52
* Seed: 210517.8612
* Subject Number: 8
* Subject Name: JB
* Run Number: 1
* debug: 0
*********************************************

run	trl	tdf	sct	simg	crsp	rsp	acc	rt
1	1	0.012	2	483	11	11	1	0.528
1	2	0.012	2	5	11	11	1	0.488
1	3	0.012	2	450	11	11	1	0.488
1	4	0.012	2	477	11	11	1	0.384
1	5	0.013	2	221	11	11	1	0.391
1	6	0.013	2	121	11	11	1	0.496
1	7	0.013	2	337	11	11	1	0.447
1	8	0.013	2	117	11	11	1	0.456
1	9	0.013	1	267	13	13	1	0.815
1	10	0.013	1	175	13	11	0	0.871
1	11	0.014	2	205	11	NaN	0	NaN
1	12	0.014	1	156	13	NaN	0	NaN
1	13	0.014	2	413	11	NaN	0	NaN
1	14	0.001	2	280	11	NaN	0	NaN
1	15	0.001	2	185	11	11	1	0.707
1	16	0.001	2	386	11	11	1	0.707
1	17	0.002	1	138	13	13	1	0.635
1	18	0.002	2	433	11	11	1	0.626
1	19	0.002	2	199	11	13	0	0.571
1	20	0.002	2	183	11	11	1	0.738
1	21	0.002	2	391	11	11	1	0.746
1	22	0.003	2	171	11	NaN	0	NaN
1	23	0.003	2	149	11	11	1	0.105
1	24	0.003	2	317	11	11	1	0.081
1	25	0.003	2	50	11	NaN	0	NaN
1	26	0.003	2	326	11	11	1	0.488
1	27	0.004	2	361	11	11	1	0.433
1	28	0.004	2	122	11	11	1	0.481
1	29	0.004	2	373	11	11	1	0.440
1	30	0.004	2	354	11	11	1	0.440
1	31	0.004	2	331	11	11	1	0.496
1	32	0.005	2	190	11	11	1	0.424
1	33	0.005	2	215	11	11	1	0.407
1	34	0.005	2	442	11	11	1	0.375
1	35	0.005	2	161	11	11	1	0.367
1	36	0.005	2	2	11	11	1	0.423
1	37	0.006	2	53	11	11	1	0.527
1	38	0.006	2	402	11	11	1	0.374
1	39	0.006	2	533	11	11	1	0.390
1	40	0.006	2	440	11	11	1	0.318
1	41	0.006	2	475	11	11	1	0.262
1	42	0.006	2	309	11	11	1	0.270
1	43	0.007	2	253	11	11	1	0.342
1	44	0.007	2	203	11	11	1	0.445
1	45	0.007	1	337	13	13	1	0.742
1	46	0.007	2	47	11	11	1	0.765
1	47	0.007	2	471	11	11	1	0.765
1	48	0.008	2	85	11	11	1	0.708
1	49	0.008	2	26	11	11	1	0.669
1	50	0.008	2	465	11	11	1	0.572
1	51	0.008	2	548	11	11	1	0.492
1	52	0.008	2	543	11	11	1	0.380
1	53	0.009	2	46	11	11	1	0.380
1	54	0.009	2	84	11	11	1	0.379
1	55	0.009	2	228	11	11	1	0.380
1	56	0.009	2	294	11	11	1	0.355
1	57	0.009	2	449	11	11	1	0.331
1	58	0.010	2	519	11	11	1	0.403
1	59	0.010	2	296	11	11	1	0.370
1	60	0.010	2	95	11	11	1	0.354
1	61	0.010	2	224	11	11	1	0.395
1	62	0.010	2	523	11	11	1	0.321
1	63	0.010	2	506	11	11	1	0.322
1	64	0.011	2	231	11	11	1	0.377
1	65	0.011	2	92	11	11	1	0.345
1	66	0.011	2	96	11	11	1	0.281
1	67	0.011	2	416	11	11	1	0.257
1	68	0.012	2	452	11	11	1	0.264
1	69	0.012	2	101	11	11	1	0.273
1	70	0.012	2	512	11	11	1	0.320
1	71	0.012	2	244	11	11	1	0.336
1	72	0.012	2	305	11	11	1	0.328
1	73	0.012	2	34	11	11	1	0.384
1	74	0.013	2	439	11	11	1	0.368
1	75	0.013	2	66	11	11	1	0.367
1	76	0.013	2	371	11	11	1	0.480
1	77	0.013	2	13	11	11	1	0.399
1	78	0.013	2	6	11	11	1	0.447
1	79	0.014	2	54	11	11	1	0.382
1	80	0.014	2	12	11	11	1	0.311
1	81	0.014	2	11	11	11	1	0.375
1	82	0.014	2	27	11	11	1	0.270
1	83	0.001	2	112	11	11	1	0.371
1	84	0.001	2	264	11	11	1	0.763
1	85	0.001	2	493	11	11	1	0.459
1	86	0.002	1	379	13	11	0	0.355
1	87	0.002	2	283	11	11	1	0.395
1	88	0.002	2	180	11	11	1	0.450
1	89	0.002	2	146	11	11	1	0.410
1	90	0.002	2	39	11	11	1	0.490
1	91	0.003	2	387	11	11	1	0.386
1	92	0.003	2	525	11	11	1	0.353
1	93	0.003	2	169	11	11	1	0.370
1	94	0.003	2	325	11	11	1	0.281
1	95	0.003	2	22	11	11	1	0.249
1	96	0.004	2	75	11	11	1	0.345
1	97	0.004	2	152	11	11	1	0.312
1	98	0.004	2	464	11	11	1	0.352
1	99	0.004	2	261	11	11	1	0.320
1	100	0.004	2	476	11	11	1	0.272
1	101	0.005	2	130	11	11	1	0.224
1	102	0.005	2	155	11	11	1	0.263
1	103	0.005	2	398	11	11	1	0.280
1	104	0.005	2	107	11	11	1	0.319
1	105	0.005	2	174	11	11	1	0.263
1	106	0.006	2	469	11	11	1	0.319
1	107	0.006	2	88	11	11	1	0.303
1	108	0.006	2	417	11	11	1	0.278
1	109	0.006	2	532	11	11	1	0.327
1	110	0.006	2	473	11	11	1	0.318
1	111	0.006	2	327	11	11	1	0.310
1	112	0.007	2	64	11	11	1	0.349
1	113	0.007	2	79	11	11	1	0.462
1	114	0.007	2	429	11	11	1	0.437
1	115	0.007	2	304	11	11	1	0.373
1	116	0.007	2	522	11	11	1	0.357
1	117	0.008	2	286	11	11	1	0.340
1	118	0.008	2	255	11	11	1	0.412
1	119	0.008	2	291	11	11	1	0.356
1	120	0.008	2	17	11	11	1	0.372
1	121	0.008	2	90	11	11	1	0.308
1	122	0.009	2	381	11	11	1	0.388
1	123	0.009	2	193	11	11	1	0.267
1	124	0.009	2	133	11	11	1	0.236
1	125	0.009	2	245	11	11	1	0.251
1	126	0.009	2	549	11	11	1	0.323
1	127	0.010	2	40	11	11	1	0.251
1	128	0.010	2	364	11	11	1	0.347
1	129	0.010	2	167	11	11	1	0.330
1	130	0.010	2	74	11	11	1	0.355
1	131	0.010	2	165	11	11	1	0.386
1	132	0.011	2	48	11	11	1	0.377
1	133	0.011	2	111	11	11	1	0.345
1	134	0.011	2	474	11	11	1	0.354
1	135	0.011	2	52	11	11	1	0.361
1	136	0.011	2	268	11	11	1	0.265
1	137	0.011	2	482	11	11	1	0.241
1	138	0.012	2	378	11	11	1	0.161
1	139	0.012	2	333	11	11	1	0.224
1	140	0.012	2	248	11	11	1	0.256
1	141	0.012	2	545	11	11	1	0.376
1	142	0.012	2	448	11	11	1	0.360
1	143	0.013	2	339	11	11	1	0.336
1	144	0.013	2	32	11	11	1	0.408
1	145	0.013	2	478	11	11	1	0.560
1	146	0.013	1	120	13	13	1	0.631
1	147	0.013	2	451	11	11	1	0.519
1	148	0.014	2	321	11	11	1	0.599
1	149	0.014	2	319	11	11	1	0.567
1	150	0.014	1	343	13	13	1	0.543
1	151	0.014	2	293	11	11	1	0.670
1	152	0.001	2	434	11	11	1	0.580
1	153	0.001	2	503	11	11	1	0.491
1	154	0.001	1	504	13	13	1	0.491
1	155	0.002	2	284	11	11	1	0.482
1	156	0.002	2	235	11	11	1	0.499
1	157	0.002	2	208	11	11	1	0.395
1	158	0.002	2	115	11	11	1	0.378
1	159	0.002	2	508	11	11	1	0.314
1	160	0.003	2	19	11	11	1	0.297
1	161	0.003	2	529	11	11	1	0.329
1	162	0.003	2	147	11	11	1	0.474
1	163	0.003	2	507	11	11	1	0.377
1	164	0.003	2	266	11	11	1	0.393
1	165	0.003	2	262	11	11	1	0.304
1	166	0.004	2	395	11	11	1	0.328
1	167	0.004	2	233	11	11	1	0.272
1	168	0.004	2	399	11	11	1	0.232
1	169	0.004	2	486	11	11	1	0.240
1	170	0.005	2	430	11	11	1	0.247
1	171	0.005	2	444	11	11	1	0.223
1	172	0.005	2	239	11	11	1	0.200
1	173	0.005	2	125	11	11	1	0.175
1	174	0.005	2	437	11	11	1	0.207
1	175	0.006	2	62	11	11	1	0.206
1	176	0.006	2	240	11	11	1	0.254
1	177	0.006	2	340	11	11	1	0.254
1	178	0.006	2	541	11	11	1	0.230
1	179	0.006	2	357	11	11	1	0.270
1	180	0.006	2	129	11	11	1	0.238
1	181	0.007	2	269	11	11	1	0.270
1	182	0.007	2	502	11	11	1	0.365
1	183	0.007	2	461	11	11	1	0.277
1	184	0.007	2	537	11	11	1	0.333
1	185	0.007	2	209	11	11	1	0.413
1	186	0.008	2	365	11	11	1	0.332
1	187	0.008	2	187	11	11	1	0.285
1	188	0.008	2	298	11	11	1	0.237
1	189	0.008	2	238	11	11	1	0.285
1	190	0.008	2	102	11	11	1	0.268
1	191	0.009	2	156	11	11	1	0.380
1	192	0.009	2	279	11	11	1	0.323
1	193	0.009	2	274	11	11	1	0.267
1	194	0.009	2	181	11	11	1	0.323
1	195	0.009	2	137	11	11	1	0.291
1	196	0.010	2	425	11	11	1	0.251
1	197	0.010	2	460	11	11	1	0.235
1	198	0.010	2	330	11	11	1	0.242
1	199	0.010	2	127	11	11	1	0.290
1	200	0.010	2	151	11	11	1	0.242
1	201	0.011	2	256	11	11	1	0.217
1	202	0.011	2	466	11	11	1	0.250
1	203	0.011	2	455	11	11	1	0.274
1	204	0.011	2	527	11	11	1	0.249
1	205	0.011	2	124	11	11	1	0.233
1	206	0.011	2	501	11	11	1	0.257
1	207	0.012	2	521	11	11	1	0.265
1	208	0.012	2	42	11	11	1	0.288
1	209	0.012	2	356	11	11	1	0.368
1	210	0.012	2	242	11	11	1	0.400
1	211	0.012	2	332	11	11	1	0.352
1	212	0.013	2	301	11	11	1	0.319
1	213	0.013	2	544	11	11	1	0.280
1	214	0.013	2	463	11	11	1	0.255
1	215	0.013	2	246	11	11	1	0.087
1	216	0.013	2	347	11	11	1	0.279
1	217	0.014	2	25	11	11	1	0.263
1	218	0.014	2	222	11	11	1	0.270
1	219	0.014	2	297	11	11	1	0.271
1	220	0.014	2	349	11	11	1	0.319
1	221	0.001	2	459	11	11	1	0.355
1	222	0.001	2	230	11	11	1	0.347
1	223	0.001	2	513	11	11	1	0.283
1	224	0.002	2	170	11	11	1	0.339
1	225	0.002	2	403	11	11	1	0.314
1	226	0.002	2	108	11	11	1	0.346
1	227	0.002	2	312	11	11	1	0.387
1	228	0.002	2	489	11	11	1	0.402
1	229	0.003	2	491	11	11	1	0.369
1	230	0.003	1	316	13	11	0	0.362
1	231	0.003	2	454	11	11	1	0.337
1	232	0.003	2	9	11	11	1	0.313
1	233	0.003	2	342	11	11	1	0.353
1	234	0.004	2	517	11	11	1	0.329
1	235	0.004	2	175	11	11	1	0.281
1	236	0.004	2	110	11	11	1	0.296
1	237	0.004	2	287	11	11	1	0.296
1	238	0.004	2	376	11	11	1	0.280
1	239	0.005	2	202	11	11	1	0.288
1	240	0.005	2	363	11	11	1	0.320
1	241	0.005	2	134	11	11	1	0.352
1	242	0.005	2	195	11	11	1	0.367
1	243	0.005	2	94	11	11	1	0.359
1	244	0.006	2	334	11	11	1	0.382
1	245	0.006	2	446	11	11	1	0.342
1	246	0.006	2	310	11	11	1	0.390
1	247	0.006	2	141	11	11	1	0.382
1	248	0.006	2	247	11	11	1	0.422
1	249	0.006	1	167	13	13	1	0.589
1	250	0.007	2	200	11	11	1	0.445
1	251	0.007	2	243	11	11	1	0.397
1	252	0.007	2	421	11	11	1	0.381
1	253	0.007	1	413	13	13	1	0.701
1	254	0.007	2	400	11	11	1	0.429
1	255	0.008	2	100	11	11	1	0.373
1	256	0.008	2	418	11	11	1	0.372
1	257	0.008	2	322	11	11	1	0.292
1	258	0.008	2	272	11	11	1	0.260
1	259	0.008	2	311	11	11	1	0.276
1	260	0.009	2	30	11	11	1	0.260
1	261	0.009	2	479	11	11	1	0.275
1	262	0.009	2	8	11	11	1	0.283
1	263	0.009	2	182	11	11	1	0.251
1	264	0.009	2	511	11	11	1	0.290
1	265	0.010	2	145	11	11	1	0.251
1	266	0.010	2	154	11	11	1	0.251
1	267	0.010	2	536	11	11	1	0.250
1	268	0.010	2	113	11	11	1	0.194
1	269	0.010	2	78	11	11	1	0.218
1	270	0.011	2	370	11	11	1	0.265
1	271	0.011	2	456	11	11	1	0.218
1	272	0.011	2	505	11	11	1	0.242
1	273	0.011	2	212	11	11	1	0.225
1	274	0.011	2	534	11	11	1	0.281
1	275	0.011	2	318	11	11	1	0.225
1	276	0.012	2	251	11	11	1	0.224
1	277	0.012	2	98	11	11	1	0.208
1	278	0.012	2	277	11	11	1	0.240
1	279	0.012	2	232	11	11	1	0.240
1	280	0.012	2	178	11	11	1	0.248
1	281	0.013	2	3	11	11	1	0.287
1	282	0.013	2	136	11	11	1	0.255
1	283	0.013	2	4	11	11	1	0.199
1	284	0.013	2	374	11	11	1	0.167
1	285	0.013	2	435	11	11	1	0.215
1	286	0.013	2	153	11	11	1	0.255
1	287	0.014	2	542	11	11	1	0.223
1	288	0.014	2	87	11	11	1	0.231
1	289	0.014	2	73	11	11	1	0.263
1	290	0.001	2	36	11	11	1	0.259
1	291	0.001	2	267	11	11	1	0.347
1	292	0.001	2	196	11	11	1	0.314
1	293	0.002	2	37	11	11	1	0.339
1	294	0.002	2	216	11	11	1	0.339
1	295	0.002	2	313	11	11	1	0.434
1	296	0.002	1	216	13	13	1	0.754
1	297	0.002	2	275	11	11	1	0.562
1	298	0.003	2	214	11	11	1	0.865
1	299	0.003	2	241	11	11	1	0.602
1	300	0.003	1	283	13	11	0	0.522
1	301	0.003	2	488	11	11	1	0.633
1	302	0.003	2	348	11	11	1	0.512
1	303	0.004	2	432	11	11	1	0.641
1	304	0.004	1	139	13	13	1	0.776
1	305	0.004	2	492	11	11	1	0.689
1	306	0.004	2	20	11	11	1	0.696
1	307	0.004	2	497	11	11	1	0.584
1	308	0.005	1	312	13	13	1	0.624
1	309	0.005	2	516	11	11	1	0.815
1	310	0.005	2	467	11	11	1	0.575
1	311	0.005	2	218	11	11	1	0.479
1	312	0.005	1	125	13	13	1	0.583
1	313	0.006	2	362	11	11	1	0.399
1	314	0.006	2	173	11	11	1	0.390
1	315	0.006	2	500	11	11	1	0.415
1	316	0.006	2	7	11	11	1	0.390
1	317	0.006	2	350	11	11	1	0.566
1	318	0.007	2	535	11	11	1	0.462
1	319	0.007	2	528	11	11	1	0.438
1	320	0.007	1	42	13	13	1	0.566
1	321	0.007	2	379	11	11	1	0.518
1	322	0.007	2	128	11	11	1	0.413
1	323	0.007	2	504	11	11	1	0.493
1	324	0.008	2	119	11	11	1	0.413
1	325	0.008	2	143	11	11	1	0.397
1	326	0.008	2	229	11	11	1	0.292
1	327	0.008	2	69	11	11	1	0.308
1	328	0.008	2	302	11	11	1	0.243
1	329	0.009	2	213	11	11	1	0.268
1	330	0.009	2	531	11	11	1	0.468
1	331	0.009	2	150	11	11	1	0.483
1	332	0.009	2	31	11	11	1	0.331
1	333	0.009	2	335	11	11	1	0.387
1	334	0.010	2	14	11	11	1	0.507
1	335	0.010	2	132	11	11	1	0.483
1	336	0.010	2	314	11	11	1	0.418
1	337	0.010	2	550	11	11	1	0.378
1	338	0.010	2	89	11	11	1	0.282
1	339	0.011	2	68	11	11	1	0.330
1	340	0.011	2	15	11	11	1	0.378
1	341	0.011	2	259	11	11	1	0.433
1	342	0.011	2	93	11	11	1	0.417
1	343	0.011	2	427	11	11	1	0.401
1	344	0.012	2	328	11	11	1	0.425
1	345	0.012	2	496	11	11	1	0.472
1	346	0.012	2	21	11	11	1	0.400
1	347	0.012	2	60	11	11	1	0.336
1	348	0.012	2	443	11	11	1	0.296
1	349	0.012	2	254	11	11	1	0.432
1	350	0.013	2	192	11	11	1	0.511
1	351	0.013	2	80	11	11	1	0.440
1	352	0.013	2	126	11	11	1	0.456
1	353	0.013	2	35	11	11	1	0.423
1	354	0.013	2	260	11	11	1	0.487
1	355	0.013	2	184	11	11	1	0.494
1	356	0.014	2	177	11	11	1	0.398
1	357	0.014	2	57	11	11	1	0.406
1	358	0.014	2	384	11	11	1	0.374
1	359	0.001	2	409	11	11	1	0.347
1	360	0.001	2	86	11	11	1	0.339
1	361	0.001	2	462	11	11	1	0.339
1	362	0.002	2	29	11	11	1	0.306
1	363	0.002	2	447	11	11	1	0.266
1	364	0.002	2	65	11	11	1	0.298
1	365	0.002	2	70	11	11	1	0.370
1	366	0.002	2	295	11	11	1	0.362
1	367	0.003	2	56	11	11	1	0.402
1	368	0.003	2	109	11	11	1	0.378
1	369	0.003	2	380	11	11	1	0.394
1	370	0.003	2	114	11	11	1	0.297
1	371	0.003	2	282	11	11	1	0.249
1	372	0.004	2	485	11	11	1	0.249
1	373	0.004	2	524	11	11	1	0.248
1	374	0.004	2	77	11	11	1	0.328
1	375	0.004	2	329	11	11	1	0.376
1	376	0.004	2	344	11	11	1	0.311
1	377	0.004	2	33	11	11	1	0.296
1	378	0.005	2	341	11	11	1	0.311
1	379	0.005	2	324	11	11	1	0.287
1	380	0.005	2	390	11	11	1	0.255
1	381	0.005	2	55	11	11	1	0.287
1	382	0.006	2	509	11	11	1	0.319
1	383	0.006	2	415	11	11	1	0.326
1	384	0.006	2	394	11	11	1	0.286
1	385	0.006	2	76	11	11	1	0.206
1	386	0.006	2	436	11	11	1	0.246
1	387	0.007	2	201	11	11	1	0.390
1	388	0.007	2	431	11	11	1	0.446
1	389	0.007	2	217	11	11	1	0.389
1	390	0.007	2	352	11	11	1	0.325
1	391	0.007	2	158	11	11	1	0.293
1	392	0.007	2	470	11	11	1	0.325
1	393	0.008	2	547	11	11	1	0.333
1	394	0.008	2	546	11	11	1	0.301
1	395	0.008	2	140	11	11	1	0.260
1	396	0.008	2	194	11	11	1	0.252
1	397	0.008	2	346	11	11	1	0.204
1	398	0.009	2	71	11	11	1	0.244
1	399	0.009	2	540	11	11	1	0.179
1	400	0.009	2	210	11	11	1	0.195
1	401	0.009	2	372	11	11	1	0.196
1	402	0.009	1	51	13	11	0	0.211
1	403	0.010	2	220	11	11	1	0.250
1	404	0.010	2	188	11	11	1	0.282
1	405	0.010	2	81	11	11	1	0.243
1	406	0.010	2	45	11	11	1	0.338
1	407	0.010	2	401	11	11	1	0.274
1	408	0.011	2	189	11	11	1	0.258
1	409	0.011	2	388	11	11	1	0.314
1	410	0.011	2	263	11	11	1	0.338
1	411	0.011	2	144	11	11	1	0.377
1	412	0.011	2	359	11	11	1	0.328
1	413	0.011	2	138	11	11	1	0.369
1	414	0.012	2	498	11	11	1	0.457
1	415	0.012	2	223	11	11	1	0.521
1	416	0.012	2	520	11	11	1	0.400
1	417	0.012	1	118	13	13	1	0.528
1	418	0.012	2	453	11	11	1	0.384
1	419	0.013	2	159	11	11	1	0.344
1	420	0.013	2	428	11	11	1	0.271
1	421	0.013	2	83	11	11	1	0.287
1	422	0.013	2	162	11	11	1	0.303
1	423	0.013	2	252	11	11	1	0.302
1	424	0.014	2	51	11	11	1	0.263
1	425	0.014	2	58	11	11	1	0.407
1	426	0.014	2	135	11	11	1	0.358
1	427	0.001	2	382	11	11	1	0.372
1	428	0.001	2	281	11	11	1	0.323
1	429	0.001	2	369	11	11	1	0.371
1	430	0.001	2	495	11	11	1	0.363
1	431	0.002	2	441	11	11	1	0.370
1	432	0.002	2	358	11	11	1	0.330
1	433	0.002	2	411	11	11	1	0.330
1	434	0.002	2	43	11	11	1	0.346
1	435	0.002	2	480	11	11	1	0.330
1	436	0.003	2	285	11	11	1	0.329
1	437	0.003	2	315	11	11	1	0.354
1	438	0.003	2	375	11	11	1	0.353
1	439	0.003	2	172	11	11	1	0.289
1	440	0.003	2	116	11	11	1	0.289
1	441	0.004	2	271	11	11	1	0.344
1	442	0.004	2	288	11	11	1	0.368
1	443	0.004	2	131	11	11	1	0.296
1	444	0.004	2	257	11	11	1	0.360
1	445	0.004	2	515	11	11	1	0.368
1	446	0.005	2	236	11	11	1	0.359
1	447	0.005	2	389	11	11	1	0.351
1	448	0.005	2	351	11	11	1	0.368
1	449	0.005	2	316	11	11	1	0.487
1	450	0.005	2	412	11	11	1	0.423
1	451	0.006	2	250	11	11	1	0.366
1	452	0.006	2	424	11	11	1	0.374
1	453	0.006	2	355	11	11	1	0.342
1	454	0.006	1	259	13	13	1	0.606
1	455	0.006	2	539	11	11	1	0.454
1	456	0.007	2	91	11	11	1	0.421
1	457	0.007	2	118	11	11	1	0.422
1	458	0.007	2	472	11	11	1	0.389
1	459	0.007	2	258	11	11	1	0.325
1	460	0.007	2	343	11	11	1	0.261
1	461	0.007	2	404	11	11	1	0.245
1	462	0.008	2	308	11	11	1	0.269
1	463	0.008	2	299	11	11	1	0.316
1	464	0.008	2	166	11	11	1	0.436
1	465	0.008	2	59	11	11	1	0.396
1	466	0.008	2	518	11	11	1	0.348
1	467	0.009	2	300	11	11	1	0.348
1	468	0.009	2	393	11	11	1	0.268
1	469	0.009	2	292	11	11	1	0.260
1	470	0.009	2	18	11	11	1	0.339
1	471	0.009	2	148	11	11	1	0.251
1	472	0.010	1	2	13	11	0	0.202
1	473	0.010	2	438	11	11	1	0.211
1	474	0.010	1	132	13	11	0	0.274
1	475	0.010	2	468	11	11	1	0.282
1	476	0.010	1	518	13	13	1	0.362
1	477	0.011	2	104	11	11	1	0.346
1	478	0.011	2	38	11	11	1	0.497
1	479	0.011	2	377	11	11	1	0.465
1	480	0.011	2	157	11	11	1	0.409
1	481	0.011	1	182	13	11	0	0.369
1	482	0.011	2	49	11	11	1	0.745
1	483	0.012	2	211	11	11	1	0.585
1	484	0.012	2	367	11	11	1	0.681
1	485	0.012	2	383	11	11	1	0.672
1	486	0.012	1	390	13	13	1	0.488
1	487	0.012	2	526	11	11	1	0.352
1	488	0.013	2	414	11	11	1	0.392
1	489	0.013	2	120	11	11	1	0.376
1	490	0.013	2	494	11	11	1	0.439
1	491	0.013	2	336	11	11	1	0.439
1	492	0.013	2	419	11	11	1	0.487
1	493	0.014	1	499	13	13	1	0.575
1	494	0.014	2	458	11	11	1	0.382
1	495	0.014	2	490	11	11	1	0.318
1	496	0.001	2	366	11	11	1	0.339
1	497	0.001	2	445	11	11	1	0.387
1	498	0.001	2	198	11	11	1	0.331
1	499	0.001	2	61	11	11	1	0.306
1	500	0.002	2	360	11	11	1	0.274

*********************************************
* Sustained Attention and Recognition Memory Experiment - Memory Test v.1.0
* Date/Time: 30-Oct-2015 13:14:06
* Seed: 212070.9989
* Subject Number: 8
* Subject Name: JB
* Run Number: 1
* debug: 0
*********************************************

1	1	2	3	226	31	1	9.127
1	2	2	1	476	32	1	2.496
1	3	2	3	142	30	1	2.098
1	4	1	4	457	30	1	1.364
1	5	1	4	381	30	1	1.366
1	6	2	3	28	31	1	3.097
1	7	2	3	420	31	1	2.047
1	8	2	1	126	33	1	2.118
1	9	1	4	102	30	1	1.619
1	10	1	2	139	33	1	1.518
1	11	1	4	481	31	1	2.562
1	12	1	2	2	33	1	1.238
1	13	1	4	438	32	0	2.310
1	14	2	3	303	31	1	3.574
1	15	2	3	176	30	1	2.741
1	16	2	3	499	30	1	2.879
1	17	2	1	506	31	0	1.929
1	18	2	1	360	32	1	3.597
1	19	1	2	312	33	1	1.384
1	20	2	1	356	33	1	3.742
1	21	1	2	120	32	1	2.393
1	22	1	4	417	30	1	1.491
1	23	2	1	144	31	0	1.756
1	24	1	4	298	30	1	1.892
1	25	1	2	216	32	1	6.243
1	26	2	1	483	32	1	1.733
1	27	2	1	340	31	0	2.559
1	28	2	3	307	30	1	4.910
1	29	2	3	396	30	1	2.363
1	30	2	1	135	31	0	2.505
1	31	1	4	103	30	1	1.899
1	32	2	1	441	32	1	1.665
1	33	2	3	270	33	0	2.032
1	34	2	1	19	30	0	1.063
1	35	2	1	98	32	1	2.854
1	36	1	4	110	30	1	2.062
1	37	1	2	132	33	1	1.210
1	38	2	1	414	31	0	2.537
1	39	2	3	97	30	1	1.513
1	40	2	1	493	32	1	3.219
1	41	1	2	337	32	1	2.240
1	42	1	4	77	31	1	1.661
1	43	2	3	225	30	1	3.247
1	44	2	3	44	31	1	4.912
1	45	2	1	49	33	1	3.268
1	46	2	3	186	32	0	1.519
1	47	2	1	479	32	1	0.990
1	48	1	2	316	32	1	4.507
1	49	2	1	258	30	0	4.984
1	50	1	2	504	31	0	3.888
1	51	2	1	464	31	0	1.834
1	52	2	3	323	31	1	1.060
1	53	2	1	350	33	1	1.575
1	54	2	3	204	31	1	2.619
1	55	2	1	64	30	0	1.799
1	56	1	4	542	30	1	0.951
1	57	1	4	237	30	1	0.903
1	58	2	1	118	32	1	3.057
1	59	2	3	530	31	1	18.117
1	60	1	2	267	31	0	1.763
1	61	2	3	1	30	1	1.532
1	62	1	4	16	30	1	9.057
1	63	1	4	189	30	1	2.353
1	64	2	1	183	32	1	1.286
1	65	2	1	427	30	0	3.310
1	66	1	2	390	33	1	1.130
1	67	2	3	405	31	1	1.806
1	68	2	1	371	30	0	1.468
1	69	1	4	279	30	1	1.083
1	70	2	1	381	32	1	2.557
1	71	1	4	478	30	1	2.589
1	72	2	3	139	30	1	2.540
1	73	2	3	423	30	1	1.032
1	74	2	1	254	30	0	2.781
1	75	1	2	42	33	1	1.292
1	76	2	3	487	30	1	2.898
1	77	2	3	24	31	1	4.171
1	78	2	3	276	30	1	5.416
1	79	2	3	278	30	1	1.816
1	80	2	1	7	33	1	1.646
1	81	2	3	392	30	1	1.591
1	82	2	3	164	32	0	3.500
1	83	2	1	370	32	1	1.532
1	84	2	3	23	32	0	1.184
1	85	2	1	9	30	0	1.999
1	86	2	3	99	31	1	2.181
1	87	1	4	387	30	1	1.175
1	88	1	4	436	30	1	3.511
1	89	1	2	343	33	1	1.194
1	90	1	2	175	33	1	0.970
1	91	2	3	179	30	1	4.327
1	92	2	3	206	32	0	2.353
1	93	2	1	309	30	0	1.869
1	94	1	2	167	31	0	1.645
1	95	2	3	106	30	1	2.441
1	96	2	3	368	32	0	1.398
1	97	1	2	138	30	0	2.261
1	98	2	1	95	33	1	7.288
1	99	2	1	88	33	1	3.898
1	100	2	3	353	31	1	2.363
1	101	2	1	409	31	0	1.637
1	102	2	1	76	32	1	2.548
1	103	2	1	245	30	0	6.456
1	104	2	3	72	32	0	1.117
1	105	2	3	510	30	1	2.708
1	106	1	4	196	31	1	3.070
1	107	2	3	227	32	0	5.253
1	108	2	1	325	32	1	2.316
1	109	1	4	366	30	1	1.387
1	110	1	2	118	32	1	2.384
1	111	2	1	534	31	0	4.271
1	112	2	3	406	30	1	3.085
1	113	1	4	536	30	1	1.134
1	114	1	2	379	31	0	2.373
1	115	2	3	338	31	1	2.252
1	116	2	3	163	30	1	1.876
1	117	2	3	426	30	1	1.841
1	118	1	2	156	30	0	1.122
1	119	1	4	374	30	1	1.677
1	120	1	2	413	30	0	0.799
1	121	2	3	191	30	1	1.006
1	122	2	1	470	31	0	2.110
1	123	1	4	227	30	1	1.466
1	124	1	2	51	30	0	4.127
1	125	2	3	457	30	1	10.966
1	126	2	1	284	32	1	1.396
1	127	2	3	484	31	1	3.728
1	128	1	2	182	31	0	1.749
1	129	2	1	45	31	0	1.337
1	130	2	1	491	33	1	1.439
1	131	1	4	74	31	1	2.206
1	132	2	1	328	33	1	2.040
1	133	2	3	422	31	1	5.376
1	134	2	1	529	31	0	5.687
1	135	2	1	524	32	1	1.714
1	136	2	1	100	31	0	9.877
1	137	2	3	289	31	1	3.965
1	138	2	1	322	31	0	1.279
1	139	1	4	340	30	1	2.076
1	140	1	2	499	32	1	8.077
1	141	2	1	437	30	0	1.583
1	142	1	4	507	30	1	1.201
1	143	2	1	130	30	0	2.547
1	144	1	2	518	33	1	1.791
1	145	2	1	400	30	0	1.852
1	146	1	2	283	30	0	1.036
1	147	2	3	385	31	1	5.746
1	148	1	2	259	33	1	1.122
1	149	2	3	168	31	1	2.180
1	150	2	3	219	31	1	1.516
1	151	1	4	370	30	1	1.267
1	152	2	3	397	30	1	4.549
1	153	1	2	125	32	1	1.952
1	154	2	1	285	33	1	1.513
