
*********************************************
* Sustained Attention and Recognition Memory Experiment - Sustained Attention Task v.1.0
* Date/Time: 30-Oct-2015 11:00:10
* Seed: 217740.928
* Subject Number: 5
* Subject Name: NW
* Run Number: 1
* debug: 0
*********************************************

run	trl	tdf	sct	simg	crsp	rsp	acc	rt
1	1	0.011	1	428	11	11	1	0.802
1	2	0.011	1	226	11	NaN	0	NaN
1	3	0.012	1	483	11	11	1	0.722
1	4	0.012	1	152	11	11	1	0.618
1	5	0.012	1	392	11	11	1	0.522
1	6	0.012	2	147	13	13	1	0.666
1	7	0.012	1	340	11	11	1	0.762
1	8	0.013	1	138	11	11	1	0.458
1	9	0.013	1	278	11	13	0	0.554
1	10	0.013	1	251	11	11	1	0.569
1	11	0.013	1	241	11	11	1	0.705
1	12	0.013	1	103	11	11	1	0.536
1	13	0.013	2	468	13	11	0	0.593
1	14	0.014	2	236	13	13	1	0.624
1	15	0.014	1	3	11	11	1	0.600
1	16	0.014	1	409	11	11	1	0.624
1	17	0.001	1	102	11	11	1	0.478
1	18	0.001	1	359	11	11	1	0.685
1	19	0.001	1	32	11	11	1	0.893
1	20	0.002	1	207	11	11	1	0.613
1	21	0.002	1	410	11	11	1	0.540
1	22	0.002	1	373	11	11	1	0.548
1	23	0.002	1	148	11	11	1	0.732
1	24	0.002	1	265	11	11	1	0.564
1	25	0.003	1	446	11	11	1	0.756
1	26	0.003	1	37	11	11	1	0.548
1	27	0.003	1	346	11	11	1	0.571
1	28	0.003	2	42	13	13	1	0.579
1	29	0.003	1	255	11	11	1	0.627
1	30	0.003	1	24	11	11	1	0.499
1	31	0.004	1	6	11	11	1	0.498
1	32	0.004	1	533	11	11	1	0.459
1	33	0.004	2	465	13	11	0	0.506
1	34	0.004	1	125	11	11	1	0.642
1	35	0.005	1	264	11	11	1	0.809
1	36	0.005	1	248	11	11	1	0.490
1	37	0.005	1	526	11	11	1	0.489
1	38	0.005	1	367	11	11	1	0.441
1	39	0.005	1	400	11	11	1	0.568
1	40	0.005	1	437	11	11	1	0.577
1	41	0.006	1	49	11	11	1	0.472
1	42	0.006	1	328	11	11	1	0.536
1	43	0.006	1	318	11	11	1	0.520
1	44	0.006	1	467	11	11	1	0.480
1	45	0.006	1	453	11	11	1	0.472
1	46	0.007	1	128	11	11	1	0.416
1	47	0.007	1	71	11	11	1	0.407
1	48	0.007	1	185	11	11	1	0.431
1	49	0.007	1	419	11	11	1	0.543
1	50	0.007	1	345	11	11	1	0.551
1	51	0.008	1	549	11	11	1	0.543
1	52	0.008	1	293	11	11	1	0.462
1	53	0.008	1	543	11	11	1	0.374
1	54	0.008	1	424	11	11	1	0.358
1	55	0.008	1	178	11	11	1	0.389
1	56	0.009	1	143	11	11	1	0.301
1	57	0.009	1	11	11	11	1	0.342
1	58	0.009	1	522	11	11	1	0.285
1	59	0.009	2	104	13	11	0	0.229
1	60	0.009	1	402	11	11	1	0.357
1	61	0.010	1	165	11	11	1	0.436
1	62	0.010	1	548	11	11	1	0.413
1	63	0.010	1	350	11	11	1	0.428
1	64	0.010	1	261	11	11	1	0.476
1	65	0.010	1	75	11	11	1	0.516
1	66	0.011	1	422	11	11	1	0.475
1	67	0.011	2	204	13	11	0	0.604
1	68	0.224	1	171	11	NaN	0	NaN
1	69	0.011	1	286	11	11	1	0.643
1	70	0.011	1	129	11	11	1	0.571
1	71	0.012	2	105	13	13	1	0.602
1	72	0.012	1	276	11	11	1	0.571
1	73	0.012	1	239	11	11	1	0.522
1	74	0.012	1	388	11	11	1	0.466
1	75	0.012	1	175	11	11	1	0.858
1	76	0.012	2	56	13	13	1	0.865
1	77	0.013	1	385	11	11	1	0.729
1	78	0.013	1	348	11	11	1	0.546
1	79	0.013	1	315	11	11	1	0.529
1	80	0.013	1	515	11	11	1	0.489
1	81	0.013	1	474	11	11	1	0.385
1	82	0.013	1	294	11	11	1	0.641
1	83	0.014	1	405	11	11	1	0.496
1	84	0.014	1	244	11	11	1	0.528
1	85	0.014	1	134	11	11	1	0.568
1	86	0.001	1	10	11	13	0	0.685
1	87	0.001	1	65	11	11	1	0.829
1	88	0.001	2	92	13	13	1	0.732
1	89	0.002	1	458	11	11	1	0.636
1	90	0.002	1	15	11	11	1	0.564
1	91	0.002	1	147	11	11	1	0.588
1	92	0.002	1	369	11	11	1	0.492
1	93	0.002	1	482	11	11	1	0.412
1	94	0.003	1	408	11	11	1	0.372
1	95	0.003	1	83	11	11	1	0.379
1	96	0.003	1	260	11	11	1	0.371
1	97	0.003	1	360	11	11	1	0.379
1	98	0.003	1	275	11	11	1	0.411
1	99	0.004	1	218	11	11	1	0.386
1	100	0.004	1	107	11	11	1	0.426
1	101	0.004	1	491	11	11	1	0.443
1	102	0.004	1	519	11	11	1	0.370
1	103	0.004	1	93	11	11	1	0.378
1	104	0.005	1	489	11	11	1	0.490
1	105	0.005	1	62	11	11	1	0.425
1	106	0.005	1	366	11	11	1	0.377
1	107	0.005	1	518	11	11	1	0.361
1	108	0.005	1	435	11	11	1	0.369
1	109	0.006	1	414	11	11	1	0.312
1	110	0.006	1	184	11	11	1	0.432
1	111	0.006	1	354	11	11	1	0.392
1	112	0.006	1	2	11	11	1	0.248
1	113	0.006	1	326	11	11	1	0.272
1	114	0.007	1	541	11	11	1	0.240
1	115	0.007	2	326	13	11	0	0.232
1	116	0.007	1	495	11	11	1	0.391
1	117	0.007	1	95	11	11	1	0.455
1	118	0.007	1	27	11	11	1	0.639
1	119	0.007	1	480	11	11	1	0.583
1	120	0.008	2	114	13	11	0	0.839
1	121	0.008	1	121	11	13	0	0.111
1	122	0.008	1	292	11	11	1	0.510
1	123	0.008	1	319	11	11	1	0.629
1	124	0.008	1	396	11	11	1	0.614
1	125	0.009	2	216	13	13	1	0.525
1	126	0.009	1	455	11	11	1	0.445
1	127	0.009	1	232	11	11	1	0.717
1	128	0.009	1	389	11	11	1	0.485
1	129	0.009	1	204	11	11	1	0.452
1	130	0.010	1	25	11	11	1	0.429
1	131	0.010	1	272	11	11	1	0.412
1	132	0.010	1	26	11	11	1	0.588
1	133	0.010	1	270	11	11	1	0.468
1	134	0.010	1	378	11	11	1	0.492
1	135	0.011	1	514	11	11	1	0.443
1	136	0.011	1	371	11	11	1	0.484
1	137	0.011	1	289	11	11	1	0.404
1	138	0.011	1	169	11	11	1	0.411
1	139	0.011	1	198	11	11	1	0.474
1	140	0.011	1	493	11	11	1	0.402
1	141	0.012	1	415	11	11	1	0.434
1	142	0.012	1	473	11	11	1	0.410
1	143	0.012	1	100	11	11	1	0.322
1	144	0.012	1	523	11	11	1	0.250
1	145	0.012	1	490	11	11	1	0.234
1	146	0.013	2	144	13	11	0	0.298
1	147	0.013	1	82	11	11	1	0.281
1	148	0.013	1	39	11	11	1	0.273
1	149	0.013	1	238	11	11	1	0.265
1	150	0.013	1	311	11	11	1	0.185
1	151	0.014	2	376	13	11	0	0.064
1	152	0.014	1	546	11	11	1	0.304
1	153	0.014	1	111	11	11	1	0.504
1	154	0.014	1	80	11	NaN	0	NaN
1	155	0.001	1	417	11	11	1	0.686
1	156	0.001	2	375	13	13	1	0.581
1	157	0.001	1	531	11	11	1	0.508
1	158	0.002	1	320	11	11	1	0.461
1	159	0.002	1	357	11	11	1	0.476
1	160	0.002	1	539	11	11	1	0.389
1	161	0.002	1	500	11	11	1	0.644
1	162	0.002	1	497	11	11	1	0.372
1	163	0.003	1	162	11	11	1	0.299
1	164	0.003	1	441	11	11	1	0.299
1	165	0.003	1	341	11	11	1	0.259
1	166	0.003	1	492	11	11	1	0.187
1	167	0.003	1	499	11	11	1	0.291
1	168	0.004	1	188	11	11	1	0.242
1	169	0.004	1	126	11	11	1	0.179
1	170	0.004	1	547	11	11	1	0.274
1	171	0.004	1	454	11	11	1	0.338
1	172	0.004	1	521	11	11	1	0.242
1	173	0.005	1	266	11	11	1	0.106
1	174	0.005	1	466	11	11	1	0.097
1	175	0.005	2	165	13	11	0	0.145
1	176	0.005	1	464	11	11	1	0.153
1	177	0.005	1	45	11	11	1	0.881
1	178	0.005	1	295	11	11	1	0.505
1	179	0.006	2	135	13	11	0	0.257
1	180	0.006	1	404	11	11	1	0.192
1	181	0.006	1	375	11	11	1	0.313
1	182	0.006	1	339	11	11	1	0.272
1	183	0.007	1	496	11	11	1	0.288
1	184	0.007	1	227	11	11	1	0.240
1	185	0.007	1	537	11	11	1	0.247
1	186	0.007	1	78	11	11	1	0.247
1	187	0.007	1	104	11	11	1	0.271
1	188	0.007	1	149	11	11	1	0.158
1	189	0.008	1	201	11	11	1	0.159
1	190	0.008	1	279	11	11	1	0.207
1	191	0.008	1	136	11	11	1	0.102
1	192	0.008	1	530	11	11	1	0.662
1	193	0.008	1	413	11	11	1	0.390
1	194	0.009	1	157	11	11	1	0.286
1	195	0.009	2	264	13	13	1	0.470
1	196	0.009	1	168	11	11	1	0.525
1	197	0.009	1	140	11	11	1	0.445
1	198	0.009	1	231	11	11	1	0.349
1	199	0.009	1	391	11	11	1	0.372
1	200	0.010	1	118	11	11	1	0.341
1	201	0.010	1	5	11	11	1	0.292
1	202	0.010	1	47	11	11	1	0.268
1	203	0.010	1	164	11	11	1	0.172
1	204	0.011	1	399	11	11	1	0.172
1	205	0.011	1	115	11	11	1	0.220
1	206	0.011	1	145	11	11	1	0.252
1	207	0.011	1	150	11	11	1	0.235
1	208	0.011	1	211	11	11	1	0.267
1	209	0.011	1	407	11	11	1	0.235
1	210	0.012	1	322	11	11	1	0.091
1	211	0.012	1	383	11	11	1	0.243
1	212	0.012	1	1	11	11	1	0.202
1	213	0.012	1	67	11	11	1	0.258
1	214	0.012	1	200	11	11	1	0.202
1	215	0.013	1	110	11	11	1	0.210
1	216	0.013	1	426	11	11	1	0.170
1	217	0.013	1	46	11	11	1	0.129
1	218	0.013	1	51	11	11	1	0.128
1	219	0.013	1	98	11	11	1	0.049
1	220	0.014	2	258	13	11	0	0.097
1	221	0.014	1	342	11	11	1	0.041
1	222	0.014	1	8	11	11	1	0.264
1	223	0.014	1	216	11	11	1	0.280
1	224	0.001	1	307	11	11	1	0.237
1	225	0.001	1	50	11	11	1	0.157
1	226	0.001	1	427	11	11	1	0.197
1	227	0.002	1	72	11	11	1	0.124
1	228	0.002	1	105	11	11	1	0.228
1	229	0.002	1	250	11	11	1	0.308
1	230	0.002	1	436	11	11	1	0.332
1	231	0.002	1	376	11	11	1	0.284
1	232	0.003	1	347	11	11	1	0.252
1	233	0.003	1	465	11	11	1	0.340
1	234	0.003	1	123	11	11	1	0.340
1	235	0.003	1	120	11	11	1	0.363
1	236	0.003	1	58	11	11	1	0.347
1	237	0.004	1	393	11	11	1	0.363
1	238	0.004	2	528	13	11	0	0.347
1	239	0.004	1	507	11	11	1	0.266
1	240	0.004	1	511	11	11	1	0.218
1	241	0.004	1	321	11	11	1	0.154
1	242	0.005	1	333	11	11	1	0.249
1	243	0.005	1	338	11	11	1	0.297
1	244	0.005	1	203	11	11	1	0.218
1	245	0.005	1	88	11	11	1	0.017
1	246	0.005	1	89	11	11	1	0.384
1	247	0.006	1	529	11	11	1	0.337
1	248	0.006	1	173	11	11	1	0.321
1	249	0.006	2	444	13	13	1	0.496
1	250	0.006	1	503	11	11	1	0.672
1	251	0.006	1	516	11	NaN	0	NaN
1	252	0.007	1	254	11	11	1	0.128
1	253	0.007	2	491	13	11	0	0.152
1	254	0.007	1	306	11	11	1	0.288
1	255	0.007	1	191	11	11	1	0.287
1	256	0.007	1	116	11	11	1	0.383
1	257	0.008	1	205	11	11	1	0.366
1	258	0.008	1	527	11	11	1	0.255
1	259	0.008	1	112	11	11	1	0.303
1	260	0.008	1	163	11	11	1	0.270
1	261	0.008	1	215	11	11	1	0.302
1	262	0.008	1	246	11	11	1	0.246
1	263	0.009	1	456	11	11	1	0.142
1	264	0.009	1	220	11	11	1	0.254
1	265	0.009	1	183	11	11	1	0.253
1	266	0.009	1	38	11	11	1	0.349
1	267	0.009	1	303	11	11	1	0.461
1	268	0.010	2	78	13	11	0	0.340
1	269	0.010	1	478	11	11	1	0.196
1	270	0.010	1	475	11	11	1	0.276
1	271	0.010	1	70	11	11	1	0.292
1	272	0.010	1	380	11	11	1	0.204
1	273	0.011	1	513	11	11	1	0.259
1	274	0.011	1	274	11	11	1	0.252
1	275	0.011	1	540	11	11	1	0.243
1	276	0.011	1	382	11	11	1	0.283
1	277	0.011	1	180	11	11	1	0.275
1	278	0.011	1	106	11	11	1	0.498
1	279	0.012	2	66	13	13	1	0.515
1	280	0.012	1	114	11	11	1	0.530
1	281	0.012	1	159	11	11	1	0.394
1	282	0.012	1	177	11	11	1	0.290
1	283	0.012	2	379	13	11	0	0.298
1	284	0.013	1	217	11	11	1	0.417
1	285	0.013	1	124	11	11	1	0.465
1	286	0.013	1	154	11	11	1	0.369
1	287	0.013	2	472	13	11	0	0.265
1	288	0.013	1	364	11	11	1	0.128
1	289	0.014	1	445	11	11	1	0.272
1	290	0.014	1	132	11	11	1	0.504
1	291	0.014	1	504	11	11	1	0.376
1	292	0.014	2	430	13	11	0	0.480
1	293	0.001	1	53	11	11	1	0.373
1	294	0.001	1	81	11	11	1	0.317
1	295	0.001	1	259	11	11	1	0.316
1	296	0.002	1	273	11	11	1	0.284
1	297	0.002	1	30	11	11	1	0.460
1	298	0.002	1	52	11	11	1	0.380
1	299	0.002	2	16	13	13	1	0.620
1	300	0.002	1	249	11	11	1	0.523
1	301	0.003	1	130	11	11	1	0.476
1	302	0.003	1	506	11	11	1	0.339
1	303	0.003	2	254	13	11	0	0.291
1	304	0.003	1	127	11	11	1	0.339
1	305	0.003	1	401	11	11	1	0.370
1	306	0.004	1	524	11	11	1	0.298
1	307	0.004	1	170	11	11	1	0.323
1	308	0.004	1	12	11	11	1	0.298
1	309	0.004	1	505	11	13	0	0.314
1	310	0.004	1	485	11	11	1	0.258
1	311	0.005	1	290	11	11	1	0.282
1	312	0.005	1	452	11	11	1	0.345
1	313	0.005	1	442	11	11	1	0.385
1	314	0.005	1	280	11	11	1	0.409
1	315	0.005	2	63	13	13	1	0.593
1	316	0.006	1	43	11	11	1	0.368
1	317	0.006	1	158	11	11	1	0.520
1	318	0.006	1	36	11	11	1	0.537
1	319	0.006	1	377	11	11	1	0.280
1	320	0.006	1	444	11	11	1	0.272
1	321	0.007	1	228	11	11	1	0.248
1	322	0.007	1	119	11	11	1	0.184
1	323	0.007	1	508	11	11	1	0.119
1	324	0.007	1	160	11	11	1	0.063
1	325	0.007	1	153	11	11	1	0.198
1	326	0.007	1	309	11	11	1	0.230
1	327	0.008	1	301	11	11	1	0.311
1	328	0.008	1	282	11	11	1	0.286
1	329	0.008	1	176	11	11	1	0.310
1	330	0.008	1	257	11	11	1	0.310
1	331	0.008	1	34	11	11	1	0.310
1	332	0.009	1	291	11	11	1	0.366
1	333	0.009	1	190	11	11	1	0.341
1	334	0.009	1	76	11	11	1	0.286
1	335	0.009	1	403	11	11	1	0.261
1	336	0.009	1	542	11	11	1	0.117
1	337	0.010	1	355	11	11	1	0.077
1	338	0.010	1	141	11	11	1	0.125
1	339	0.010	1	69	11	11	1	0.084
1	340	0.010	1	90	11	11	1	0.308
1	341	0.010	1	122	11	11	1	0.236
1	342	0.011	1	271	11	11	1	0.339
1	343	0.011	1	365	11	11	1	0.299
1	344	0.011	1	40	11	11	1	0.331
1	345	0.011	1	352	11	11	1	0.339
1	346	0.011	1	471	11	11	1	0.339
1	347	0.011	1	73	11	11	1	0.282
1	348	0.012	1	384	11	11	1	0.211
1	349	0.012	1	344	11	11	1	0.211
1	350	0.012	1	327	11	11	1	0.179
1	351	0.012	1	167	11	11	1	0.210
1	352	0.012	1	288	11	11	1	0.129
1	353	0.013	1	484	11	11	1	0.529
1	354	0.013	1	197	11	11	1	0.305
1	355	0.013	1	316	11	11	1	0.153
1	356	0.013	1	544	11	11	1	0.033
1	357	0.013	1	433	11	11	1	0.801
1	358	0.014	1	16	11	11	1	0.409
1	359	0.014	1	79	11	11	1	0.296
1	360	0.014	1	308	11	11	1	0.040
1	361	0.001	1	472	11	11	1	0.397
1	362	0.001	1	462	11	11	1	0.254
1	363	0.001	1	166	11	11	1	0.397
1	364	0.001	1	470	11	11	1	0.477
1	365	0.002	1	179	11	11	1	0.309
1	366	0.002	1	337	11	11	1	0.420
1	367	0.002	1	434	11	11	1	0.300
1	368	0.002	1	221	11	11	1	0.388
1	369	0.002	1	269	11	11	1	0.412
1	370	0.003	1	74	11	11	1	0.347
1	371	0.003	1	439	11	11	1	0.259
1	372	0.003	1	304	11	11	1	0.291
1	373	0.003	1	525	11	11	1	0.219
1	374	0.003	1	44	11	11	1	0.202
1	375	0.004	1	374	11	11	1	0.210
1	376	0.004	1	297	11	11	1	0.234
1	377	0.004	1	312	11	11	1	0.194
1	378	0.004	1	450	11	11	1	0.194
1	379	0.004	1	194	11	11	1	0.234
1	380	0.005	1	305	11	11	1	0.329
1	381	0.005	1	362	11	11	1	0.289
1	382	0.005	1	109	11	11	1	0.226
1	383	0.005	1	284	11	11	1	0.401
1	384	0.005	1	536	11	11	1	0.305
1	385	0.006	1	13	11	11	1	0.184
1	386	0.006	1	476	11	11	1	0.192
1	387	0.006	1	92	11	11	1	0.408
1	388	0.006	1	21	11	11	1	0.280
1	389	0.006	1	256	11	11	1	0.160
1	390	0.007	1	28	11	11	1	0.112
1	391	0.007	1	285	11	11	1	0.152
1	392	0.007	1	59	11	11	1	0.127
1	393	0.007	1	349	11	11	1	0.079
1	394	0.007	1	488	11	11	1	0.039
1	395	0.008	1	234	11	11	1	0.766
1	396	0.008	1	33	11	11	1	0.502
1	397	0.008	1	181	11	11	1	0.286
1	398	0.008	1	277	11	11	1	0.070
1	399	0.008	1	351	11	11	1	0.470
1	400	0.008	1	550	11	11	1	0.302
1	401	0.009	1	262	11	11	1	0.221
1	402	0.009	1	310	11	11	1	0.222
1	403	0.009	1	61	11	11	1	0.069
1	404	0.009	1	117	11	11	1	0.749
1	405	0.009	1	55	11	11	1	0.405
1	406	0.010	1	60	11	11	1	0.012
1	407	0.010	1	135	11	11	1	0.316
1	408	0.010	1	468	11	11	1	0.188
1	409	0.010	1	101	11	11	1	0.020
1	410	0.010	1	14	11	11	1	0.084
1	411	0.010	1	202	11	11	1	0.172
1	412	0.011	1	528	11	11	1	0.204
1	413	0.011	1	418	11	11	1	0.283
1	414	0.011	1	372	11	11	1	0.300
1	415	0.011	1	219	11	11	1	0.195
1	416	0.011	1	281	11	11	1	0.187
1	417	0.012	1	182	11	11	1	0.171
1	418	0.012	1	108	11	11	1	0.178
1	419	0.012	1	213	11	11	1	0.066
1	420	0.012	1	416	11	11	1	0.722
1	421	0.012	1	20	11	11	1	0.490
1	422	0.013	1	325	11	11	1	0.290
1	423	0.013	1	387	11	11	1	0.249
1	424	0.013	1	146	11	11	1	0.281
1	425	0.013	1	66	11	11	1	0.249
1	426	0.013	1	172	11	11	1	0.417
1	427	0.014	1	299	11	11	1	0.280
1	428	0.014	1	517	11	11	1	0.257
1	429	0.014	1	395	11	11	1	0.040
1	430	0.001	1	481	11	11	1	0.109
1	431	0.001	1	335	11	11	1	0.157
1	432	0.001	1	534	11	11	1	0.213
1	433	0.001	1	229	11	11	1	0.285
1	434	0.002	1	174	11	11	1	0.220
1	435	0.002	1	545	11	11	1	0.276
1	436	0.002	1	487	11	11	1	0.221
1	437	0.002	1	459	11	11	1	0.172
1	438	0.002	1	510	11	11	1	0.196
1	439	0.003	1	230	11	11	1	0.116
1	440	0.003	1	353	11	11	1	0.068
1	441	0.003	1	324	11	11	1	0.139
1	442	0.003	1	358	11	11	1	0.011
1	443	0.003	1	57	11	11	1	0.091
1	444	0.004	1	54	11	11	1	0.034
1	445	0.004	1	240	11	11	1	0.074
1	446	0.004	1	29	11	11	1	0.131
1	447	0.004	1	440	11	11	1	0.114
1	448	0.004	1	494	11	NaN	0	NaN
1	449	0.005	1	41	11	11	1	0.794
1	450	0.005	1	4	11	11	1	0.369
1	451	0.005	1	397	11	11	1	0.258
1	452	0.005	1	313	11	11	1	0.233
1	453	0.005	1	535	11	11	1	0.208
1	454	0.006	1	209	11	11	1	0.233
1	455	0.006	1	252	11	11	1	0.121
1	456	0.006	1	224	11	11	1	0.624
1	457	0.006	1	223	11	11	1	0.368
1	458	0.006	1	501	11	11	1	0.248
1	459	0.006	1	235	11	11	1	0.239
1	460	0.007	1	296	11	11	1	0.168
1	461	0.007	1	438	11	11	1	0.032
1	462	0.007	1	18	11	11	1	0.023
1	463	0.007	1	99	11	11	1	0.007
1	464	0.008	2	515	13	11	0	0.326
1	465	0.008	2	218	13	11	0	0.326
1	466	0.008	1	370	11	11	1	0.631
1	467	0.008	1	199	11	11	1	0.446
1	468	0.008	1	423	11	11	1	0.502
1	469	0.008	1	85	11	NaN	0	NaN
1	470	0.009	2	73	13	11	0	0.598
1	471	0.009	1	113	11	11	1	0.445
1	472	0.009	1	283	11	11	1	0.661
1	473	0.009	1	187	11	11	1	0.525
1	474	0.009	1	317	11	11	1	0.428
1	475	0.010	2	122	13	13	1	0.564
1	476	0.010	1	258	11	11	1	0.469
1	477	0.010	1	532	11	11	1	0.500
1	478	0.010	1	19	11	11	1	0.428
1	479	0.010	1	243	11	11	1	0.371
1	480	0.011	1	156	11	11	1	0.324
1	481	0.011	1	192	11	11	1	0.419
1	482	0.011	1	361	11	11	1	0.355
1	483	0.011	1	343	11	11	1	0.315
1	484	0.011	1	222	11	11	1	0.275
1	485	0.011	1	17	11	11	1	0.234
1	486	0.012	1	431	11	11	1	0.250
1	487	0.012	1	206	11	11	1	0.275
1	488	0.012	1	144	11	11	1	0.266
1	489	0.012	1	287	11	11	1	0.242
1	490	0.012	1	189	11	11	1	0.377
1	491	0.013	1	394	11	11	1	0.457
1	492	0.013	1	31	11	11	1	0.641
1	493	0.013	1	214	11	11	1	0.441
1	494	0.013	1	242	11	11	1	0.265
1	495	0.013	1	356	11	11	1	0.272
1	496	0.014	1	225	11	11	1	0.185
1	497	0.014	1	236	11	11	1	0.176
1	498	0.014	1	300	11	11	1	0.168
1	499	0.001	1	502	11	11	1	0.254
1	500	0.001	1	268	11	11	1	0.253

*********************************************
* Sustained Attention and Recognition Memory Experiment - Memory Test v.1.0
* Date/Time: 30-Oct-2015 11:10:53
* Seed: 213226.9907
* Subject Number: 5
* Subject Name: NW
* Run Number: 1
* debug: 0
*********************************************

1	1	2	4	219	30	1	3.680
1	2	2	4	94	30	1	1.129
1	3	1	3	91	32	0	2.366
1	4	1	1	293	31	0	3.742
1	5	2	2	92	33	1	3.137
1	6	1	3	96	31	1	4.177
1	7	1	1	164	31	0	4.059
1	8	2	2	66	32	1	2.464
1	9	2	4	328	30	1	2.289
1	10	1	1	143	33	1	1.740
1	11	2	2	165	32	1	1.896
1	12	2	2	144	33	1	1.362
1	13	1	3	94	32	0	2.863
1	14	1	1	38	33	1	2.110
1	15	1	3	97	32	0	1.573
1	16	2	4	124	30	1	1.808
1	17	2	2	218	33	1	1.298
1	18	2	4	499	31	1	2.148
1	19	1	3	457	30	1	2.468
1	20	1	3	486	30	1	1.165
1	21	2	4	361	30	1	1.061
1	22	2	2	515	33	1	2.057
1	23	2	4	294	30	1	1.070
1	24	1	3	7	30	1	1.124
1	25	1	1	278	33	1	1.469
1	26	2	2	465	32	1	1.290
1	27	1	1	26	30	0	3.565
1	28	1	1	132	30	0	2.007
1	29	2	4	29	30	1	2.150
1	30	1	3	42	30	1	1.239
1	31	1	3	77	31	1	3.071
1	32	2	2	254	33	1	1.601
1	33	1	1	346	32	1	2.614
1	34	1	1	546	31	0	1.851
1	35	2	4	91	30	1	1.405
1	36	1	1	252	32	1	1.967
1	37	2	4	347	30	1	1.547
1	38	1	3	9	30	1	1.491
1	39	2	2	73	30	0	1.562
1	40	1	3	237	30	1	1.813
1	41	1	1	211	32	1	1.209
1	42	1	3	498	32	0	2.551
1	43	2	4	71	30	1	1.454
1	44	1	1	529	31	0	1.400
1	45	2	4	184	30	1	3.745
1	46	2	2	114	30	0	0.418
1	47	2	4	354	30	1	0.775
1	48	1	1	28	30	0	1.565
1	49	1	3	68	30	1	0.533
1	50	2	4	245	30	1	0.687
1	51	1	3	411	32	0	1.327
1	52	1	1	441	33	1	3.412
1	53	1	3	193	30	1	3.299
1	54	2	2	326	33	1	1.826
1	55	1	1	81	32	1	0.999
1	56	1	1	400	33	1	1.183
1	57	2	4	12	31	1	1.678
1	58	2	4	372	33	0	1.683
1	59	2	4	6	30	1	1.061
1	60	2	4	265	30	1	0.912
1	61	2	2	430	30	0	1.497
1	62	1	1	326	30	0	0.764
1	63	2	4	546	30	1	0.542
1	64	1	1	3	32	1	2.331
1	65	1	1	510	31	0	4.256
1	66	1	1	229	31	0	1.282
1	67	1	1	66	30	0	1.486
1	68	1	1	371	30	0	0.581
1	69	1	1	101	30	0	0.805
1	70	1	1	502	31	0	0.876
1	71	1	1	544	31	0	0.887
1	72	1	3	460	30	1	1.844
1	73	1	3	137	31	1	1.112
1	74	2	4	530	32	0	1.478
1	75	1	3	368	32	0	0.904
1	76	1	3	329	32	0	1.517
1	77	1	3	87	32	0	0.660
1	78	1	3	263	31	1	2.158
1	79	2	2	147	30	0	1.528
1	80	1	1	11	30	0	1.363
1	81	1	1	118	33	1	2.098
1	82	1	1	99	31	0	1.550
1	83	1	3	233	31	1	0.876
1	84	1	3	86	31	1	0.918
1	85	1	3	212	30	1	1.704
1	86	2	2	63	33	1	2.213
1	87	1	3	64	32	0	1.436
1	88	2	2	122	33	1	1.028
1	89	2	4	161	31	1	1.681
1	90	1	3	22	31	1	0.715
1	91	1	3	512	31	1	2.104
1	92	1	1	93	30	0	1.087
1	93	2	2	376	30	0	1.750
1	94	2	2	528	33	1	1.270
1	95	1	3	196	31	1	2.582
1	96	1	3	151	30	1	0.861
1	97	1	1	485	30	0	0.639
1	98	2	4	536	31	1	2.772
1	99	2	4	233	30	1	1.252
1	100	1	1	355	30	0	3.995
1	101	1	1	401	30	0	0.702
1	102	2	2	236	30	0	0.532
1	103	1	3	48	30	1	0.823
1	104	1	1	124	30	0	1.043
1	105	1	3	520	30	1	1.923
1	106	1	1	52	32	1	1.419
1	107	1	3	63	30	1	1.116
1	108	1	3	477	30	1	1.116
1	109	1	3	332	30	1	1.404
1	110	1	3	247	30	1	2.209
1	111	1	1	533	31	0	1.261
1	112	2	2	379	32	1	2.213
1	113	2	4	67	30	1	1.761
1	114	2	2	264	33	1	1.895
1	115	1	3	84	31	1	0.877
1	116	2	4	502	30	1	1.139
1	117	2	4	307	31	1	2.018
1	118	2	2	204	31	0	0.895
1	119	2	2	56	31	0	0.823
1	120	2	2	104	33	1	1.265
1	121	2	4	175	32	0	0.790
1	122	1	3	421	30	1	1.050
1	123	1	3	429	30	1	0.615
1	124	1	3	314	31	1	0.775
1	125	2	2	258	30	0	0.884
1	126	2	4	41	30	1	0.531
1	127	1	3	323	30	1	0.304
1	128	1	1	134	30	0	0.659
1	129	2	4	523	30	1	0.765
1	130	1	1	45	30	0	0.451
1	131	1	1	57	30	0	0.647
1	132	2	2	444	30	0	0.711
1	133	1	3	469	30	1	1.375
1	134	2	2	105	31	0	1.435
1	135	2	4	259	30	1	1.085
1	136	2	2	491	33	1	1.512
1	137	2	2	135	31	0	1.584
1	138	1	1	535	31	0	0.919
1	139	1	1	222	31	0	0.531
1	140	1	3	363	31	1	1.452
1	141	1	3	451	30	1	0.741
1	142	1	1	391	31	0	0.640
1	143	1	1	464	30	0	0.426
1	144	2	2	472	32	1	0.797
1	145	1	1	190	31	0	0.724
1	146	1	3	398	33	0	2.187
1	147	1	1	516	33	1	0.686
1	148	2	2	16	32	1	1.269
1	149	1	3	155	33	0	0.960
1	150	1	1	484	30	0	1.113
1	151	2	2	375	32	1	1.124
1	152	2	4	13	30	1	0.846
1	153	1	1	290	31	0	0.340
1	154	2	4	547	31	1	0.344
1	155	2	4	80	31	1	0.600
1	156	1	1	402	30	0	0.714
1	157	1	3	245	30	1	0.373
1	158	2	4	343	30	1	0.615
1	159	2	4	141	30	1	1.628
1	160	2	2	468	30	0	0.606
1	161	1	1	301	30	0	0.638
1	162	2	2	216	30	0	0.851
1	163	2	2	78	30	0	0.307
1	164	1	1	365	30	0	0.007
1	165	1	3	412	31	1	0.389
1	166	1	1	383	32	1	0.591
1	167	1	3	208	31	1	0.375
1	168	2	2	42	33	1	0.296
1	169	1	3	386	32	0	0.838
1	170	1	3	186	30	1	0.907
