
*********************************************
* Sustained Attention and Recognition Memory Experiment - Sustained Attention Task v.1.0
* Date/Time: 11-Nov-2015 16:57:44
* Seed: 213762.4718
* Subject Number: 20
* Subject Name: JL
* Run Number: 1
* debug: 0
*********************************************

run	trl	tdf	sct	simg	crsp	rsp	acc	rt
1	1	0.011	2	548	11	NaN	0	NaN
1	2	0.011	2	502	11	11	1	0.005
1	3	0.012	1	408	13	13	1	0.709
1	4	0.012	2	301	11	11	1	0.885
1	5	0.012	2	225	11	11	1	0.700
1	6	0.012	2	287	11	11	1	0.669
1	7	0.012	2	128	11	11	1	0.692
1	8	0.013	2	377	11	11	1	0.603
1	9	0.013	1	175	13	11	0	0.548
1	10	0.013	2	547	11	11	1	0.811
1	11	0.013	2	97	11	11	1	0.836
1	12	0.013	2	63	11	11	1	0.667
1	13	0.013	2	468	11	11	1	0.595
1	14	0.014	2	402	11	11	1	0.571
1	15	0.014	2	390	11	11	1	0.547
1	16	0.014	2	540	11	11	1	0.522
1	17	0.001	1	332	13	13	1	0.520
1	18	0.001	2	24	11	11	1	0.751
1	19	0.001	2	10	11	11	1	0.671
1	20	0.002	2	508	11	NaN	0	NaN
1	21	0.002	2	299	11	11	1	0.622
1	22	0.002	2	285	11	11	1	0.566
1	23	0.002	2	403	11	11	1	0.742
1	24	0.002	2	500	11	11	1	0.550
1	25	0.003	2	272	11	11	1	0.478
1	26	0.003	2	348	11	11	1	0.486
1	27	0.003	1	476	13	13	1	0.622
1	28	0.003	2	111	11	11	1	0.581
1	29	0.003	2	526	11	11	1	0.622
1	30	0.004	2	464	11	11	1	0.565
1	31	0.004	2	398	11	11	1	0.516
1	32	0.004	2	49	11	11	1	0.436
1	33	0.004	2	78	11	11	1	0.613
1	34	0.004	2	386	11	11	1	0.477
1	35	0.004	2	416	11	11	1	0.516
1	36	0.005	2	239	11	11	1	0.483
1	37	0.005	1	187	13	11	0	0.523
1	38	0.005	2	254	11	11	1	0.516
1	39	0.005	2	224	11	11	1	0.460
1	40	0.005	2	483	11	11	1	0.531
1	41	0.006	2	237	11	11	1	0.482
1	42	0.006	2	110	11	11	1	0.531
1	43	0.006	2	280	11	11	1	0.579
1	44	0.006	2	164	11	11	1	0.498
1	45	0.006	2	393	11	11	1	0.514
1	46	0.007	2	545	11	11	1	0.538
1	47	0.007	2	67	11	11	1	0.506
1	48	0.007	2	459	11	11	1	0.458
1	49	0.007	2	171	11	11	1	0.498
1	50	0.007	2	52	11	11	1	0.529
1	51	0.008	2	318	11	11	1	0.529
1	52	0.008	2	156	11	11	1	0.713
1	53	0.008	2	441	11	11	1	0.760
1	54	0.008	1	461	13	13	1	0.592
1	55	0.008	2	371	11	11	1	0.584
1	56	0.009	2	454	11	11	1	0.600
1	57	0.009	2	279	11	11	1	0.664
1	58	0.009	2	537	11	11	1	0.648
1	59	0.009	2	337	11	11	1	0.559
1	60	0.009	2	440	11	11	1	0.527
1	61	0.010	2	356	11	11	1	0.551
1	62	0.010	2	449	11	11	1	0.598
1	63	0.010	2	51	11	11	1	0.718
1	64	0.010	2	3	11	11	1	0.670
1	65	0.010	2	213	11	13	0	0.655
1	66	0.011	2	475	11	11	1	0.710
1	67	0.011	2	270	11	11	1	0.670
1	68	0.011	2	391	11	11	1	0.838
1	69	0.011	1	468	13	13	1	0.670
1	70	0.011	2	424	11	11	1	0.621
1	71	0.011	2	306	11	11	1	0.629
1	72	0.012	2	8	11	11	1	0.565
1	73	0.012	2	405	11	11	1	0.636
1	74	0.012	2	124	11	11	1	0.876
1	75	0.012	2	227	11	11	1	0.740
1	76	0.012	1	418	13	13	1	0.668
1	77	0.013	2	176	11	11	1	0.652
1	78	0.013	2	517	11	11	1	0.772
1	79	0.013	2	72	11	11	1	0.812
1	80	0.013	2	140	11	11	1	0.659
1	81	0.013	2	238	11	11	1	0.635
1	82	0.013	2	76	11	11	1	0.795
1	83	0.014	2	297	11	11	1	0.675
1	84	0.014	2	175	11	11	1	0.699
1	85	0.014	2	476	11	11	1	0.538
1	86	0.001	2	17	11	11	1	0.471
1	87	0.001	2	538	11	11	1	0.512
1	88	0.001	1	155	13	13	1	0.623
1	89	0.002	2	137	11	11	1	0.679
1	90	0.002	2	536	11	11	1	0.607
1	91	0.002	2	354	11	11	1	0.622
1	92	0.002	2	295	11	11	1	0.726
1	93	0.002	2	22	11	11	1	0.582
1	94	0.003	2	216	11	11	1	0.598
1	95	0.003	2	278	11	11	1	0.597
1	96	0.003	2	160	11	11	1	0.541
1	97	0.003	2	253	11	11	1	0.541
1	98	0.003	2	288	11	11	1	0.549
1	99	0.003	2	369	11	11	1	0.541
1	100	0.004	2	533	11	11	1	0.517
1	101	0.004	2	418	11	11	1	0.453
1	102	0.004	1	222	13	13	1	0.468
1	103	0.004	2	264	11	11	1	0.452
1	104	0.004	2	37	11	11	1	0.468
1	105	0.005	2	106	11	11	1	0.492
1	106	0.005	1	525	13	13	1	0.563
1	107	0.005	2	125	11	11	1	0.507
1	108	0.005	2	36	11	11	1	0.483
1	109	0.006	2	189	11	11	1	0.523
1	110	0.006	2	528	11	11	1	0.570
1	111	0.006	2	490	11	11	1	0.514
1	112	0.006	2	69	11	11	1	0.506
1	113	0.006	2	358	11	11	1	0.522
1	114	0.006	2	53	11	11	1	0.506
1	115	0.007	2	18	11	11	1	0.522
1	116	0.007	2	83	11	11	1	0.498
1	117	0.007	2	195	11	11	1	0.506
1	118	0.007	2	442	11	11	1	0.521
1	119	0.007	2	541	11	11	1	0.594
1	120	0.008	2	349	11	11	1	0.649
1	121	0.008	2	148	11	11	1	0.681
1	122	0.008	2	161	11	11	1	0.617
1	123	0.008	2	242	11	11	1	0.585
1	124	0.008	2	495	11	11	1	0.728
1	125	0.009	2	355	11	11	1	0.600
1	126	0.009	2	50	11	11	1	0.544
1	127	0.009	2	385	11	11	1	0.544
1	128	0.009	2	183	11	11	1	0.559
1	129	0.009	2	381	11	11	1	0.527
1	130	0.010	2	305	11	11	1	0.567
1	131	0.010	2	153	11	11	1	0.495
1	132	0.010	2	521	11	11	1	0.479
1	133	0.010	2	522	11	11	1	0.462
1	134	0.010	2	394	11	11	1	0.502
1	135	0.010	2	530	11	11	1	0.565
1	136	0.011	2	215	11	11	1	0.525
1	137	0.011	2	59	11	11	1	0.478
1	138	0.011	2	344	11	11	1	0.526
1	139	0.011	2	309	11	11	1	0.493
1	140	0.011	2	77	11	11	1	0.501
1	141	0.012	2	19	11	11	1	0.445
1	142	0.012	2	409	11	11	1	0.461
1	143	0.012	2	207	11	11	1	0.453
1	144	0.012	2	84	11	11	1	0.532
1	145	0.012	2	262	11	11	1	0.572
1	146	0.013	2	347	11	13	0	0.884
1	147	0.013	1	458	13	13	1	0.868
1	148	0.013	2	422	11	11	1	0.756
1	149	0.013	2	496	11	11	1	0.763
1	150	0.013	2	86	11	11	1	0.563
1	151	0.013	1	3	13	13	1	0.659
1	152	0.014	2	322	11	11	1	0.691
1	153	0.014	2	350	11	11	1	0.730
1	154	0.014	2	57	11	11	1	0.755
1	155	0.001	1	56	13	13	1	0.679
1	156	0.001	2	494	11	11	1	0.720
1	157	0.001	2	312	11	11	1	0.623
1	158	0.002	2	184	11	11	1	0.599
1	159	0.002	2	88	11	11	1	0.542
1	160	0.002	2	395	11	11	1	0.543
1	161	0.002	2	479	11	11	1	0.543
1	162	0.002	2	256	11	11	1	0.566
1	163	0.003	2	426	11	11	1	0.638
1	164	0.003	2	430	11	11	1	0.613
1	165	0.003	2	436	11	11	1	0.646
1	166	0.003	2	388	11	11	1	0.605
1	167	0.003	2	543	11	11	1	0.541
1	168	0.004	2	282	11	11	1	0.557
1	169	0.004	2	230	11	11	1	0.652
1	170	0.004	2	527	11	11	1	0.572
1	171	0.004	2	421	11	11	1	0.508
1	172	0.004	2	315	11	11	1	0.484
1	173	0.005	2	222	11	11	1	0.468
1	174	0.005	2	179	11	11	1	0.500
1	175	0.005	2	159	11	11	1	0.540
1	176	0.005	2	269	11	11	1	0.579
1	177	0.005	2	219	11	11	1	0.643
1	178	0.006	2	13	11	11	1	0.595
1	179	0.006	2	531	11	11	1	0.523
1	180	0.006	2	126	11	11	1	0.506
1	181	0.006	2	511	11	11	1	0.515
1	182	0.006	2	472	11	11	1	0.602
1	183	0.006	2	243	11	11	1	0.618
1	184	0.007	2	359	11	11	1	0.562
1	185	0.007	2	497	11	11	1	0.586
1	186	0.007	2	201	11	11	1	0.658
1	187	0.007	2	310	11	11	1	0.497
1	188	0.007	2	519	11	11	1	0.537
1	189	0.008	2	33	11	11	1	0.537
1	190	0.008	2	129	11	11	1	0.649
1	191	0.008	2	217	11	11	1	0.616
1	192	0.008	2	62	11	11	1	0.656
1	193	0.008	2	505	11	11	1	0.656
1	194	0.009	2	433	11	11	1	0.680
1	195	0.009	2	182	11	11	1	0.624
1	196	0.009	2	463	11	11	1	0.600
1	197	0.009	2	336	11	11	1	0.535
1	198	0.009	2	268	11	11	1	0.543
1	199	0.010	2	146	11	11	1	0.543
1	200	0.010	2	188	11	11	1	0.479
1	201	0.010	2	229	11	11	1	0.534
1	202	0.010	2	32	11	11	1	0.550
1	203	0.010	2	149	11	11	1	0.534
1	204	0.010	2	474	11	11	1	0.622
1	205	0.011	2	165	11	11	1	0.582
1	206	0.011	2	127	11	11	1	0.565
1	207	0.011	2	252	11	11	1	0.566
1	208	0.011	2	26	11	11	1	0.613
1	209	0.011	2	102	11	11	1	0.557
1	210	0.012	2	101	11	11	1	0.604
1	211	0.012	2	42	11	11	1	0.597
1	212	0.012	2	27	11	11	1	0.677
1	213	0.012	2	112	11	11	1	0.556
1	214	0.012	2	152	11	11	1	0.548
1	215	0.013	2	525	11	11	1	0.524
1	216	0.013	2	236	11	11	1	0.499
1	217	0.013	2	361	11	11	1	0.492
1	218	0.013	2	61	11	11	1	0.435
1	219	0.013	2	29	11	11	1	0.523
1	220	0.013	2	178	11	11	1	0.531
1	221	0.014	2	514	11	11	1	0.587
1	222	0.014	2	210	11	11	1	0.507
1	223	0.001	2	131	11	11	1	0.544
1	224	0.001	2	121	11	11	1	0.512
1	225	0.001	2	412	11	11	1	0.551
1	226	0.001	2	294	11	11	1	0.527
1	227	0.002	2	263	11	11	1	0.519
1	228	0.002	2	218	11	11	1	0.454
1	229	0.002	2	450	11	11	1	0.471
1	230	0.002	2	411	11	11	1	0.463
1	231	0.002	2	518	11	11	1	0.462
1	232	0.003	2	247	11	11	1	0.486
1	233	0.003	2	328	11	11	1	0.453
1	234	0.003	2	406	11	11	1	0.398
1	235	0.003	1	77	13	11	0	0.501
1	236	0.003	2	271	11	11	1	0.533
1	237	0.004	2	404	11	11	1	0.669
1	238	0.004	2	71	11	11	1	0.629
1	239	0.004	2	401	11	11	1	0.516
1	240	0.004	2	524	11	11	1	0.572
1	241	0.004	2	429	11	11	1	0.692
1	242	0.005	2	47	11	11	1	0.804
1	243	0.005	1	459	13	13	1	0.692
1	244	0.005	2	163	11	11	1	0.588
1	245	0.005	2	277	11	11	1	0.572
1	246	0.005	2	368	11	NaN	0	NaN
1	247	0.005	2	444	11	11	1	0.595
1	248	0.006	2	455	11	11	1	0.651
1	249	0.006	2	16	11	11	1	0.643
1	250	0.006	2	366	11	11	1	0.579
1	251	0.006	2	196	11	11	1	0.547
1	252	0.006	2	154	11	11	1	0.530
1	253	0.007	2	465	11	11	1	0.537
1	254	0.007	2	329	11	11	1	0.682
1	255	0.007	2	81	11	11	1	0.625
1	256	0.007	2	324	11	11	1	0.561
1	257	0.007	2	103	11	11	1	0.513
1	258	0.008	2	346	11	11	1	0.505
1	259	0.008	2	542	11	11	1	0.513
1	260	0.008	2	135	11	11	1	0.528
1	261	0.008	2	323	11	11	1	0.568
1	262	0.008	2	290	11	11	1	0.576
1	263	0.009	2	281	11	11	1	0.608
1	264	0.009	2	191	11	11	1	0.648
1	265	0.009	2	342	11	11	1	0.639
1	266	0.009	2	480	11	11	1	0.663
1	267	0.009	2	202	11	11	1	0.799
1	268	0.010	1	528	13	13	1	0.639
1	269	0.010	2	221	11	11	1	0.583
1	270	0.010	2	115	11	11	1	0.558
1	271	0.010	2	105	11	11	1	0.583
1	272	0.010	2	190	11	11	1	0.566
1	273	0.011	2	169	11	11	1	0.542
1	274	0.011	2	460	11	11	1	0.550
1	275	0.011	2	158	11	11	1	0.502
1	276	0.011	2	515	11	11	1	0.518
1	277	0.011	2	38	11	11	1	0.469
1	278	0.011	2	205	11	11	1	0.501
1	279	0.012	2	365	11	11	1	0.485
1	280	0.012	2	289	11	11	1	0.501
1	281	0.012	2	396	11	11	1	0.516
1	282	0.012	2	399	11	11	1	0.524
1	283	0.012	2	456	11	11	1	0.604
1	284	0.013	2	478	11	11	1	0.620
1	285	0.013	2	389	11	11	1	0.660
1	286	0.013	2	248	11	13	0	0.636
1	287	0.013	2	138	11	11	1	0.659
1	288	0.013	2	447	11	11	1	0.739
1	289	0.014	1	215	13	13	1	0.779
1	290	0.014	2	211	11	NaN	0	NaN
1	291	0.014	2	332	11	11	1	0.834
1	292	0.014	2	23	11	11	1	0.563
1	293	0.001	1	541	13	11	0	0.672
1	294	0.001	2	56	11	NaN	0	NaN
1	295	0.001	2	177	11	11	1	0.703
1	296	0.002	2	132	11	11	1	0.639
1	297	0.002	2	147	11	11	1	0.543
1	298	0.002	2	423	11	11	1	0.807
1	299	0.002	2	220	11	11	1	0.646
1	300	0.002	2	235	11	11	1	0.534
1	301	0.003	2	484	11	11	1	0.557
1	302	0.003	2	435	11	11	1	0.630
1	303	0.003	2	108	11	11	1	0.605
1	304	0.003	2	20	11	11	1	0.581
1	305	0.003	2	143	11	11	1	0.565
1	306	0.004	2	249	11	11	1	0.605
1	307	0.004	2	82	11	11	1	0.548
1	308	0.004	2	193	11	11	1	0.532
1	309	0.004	2	397	11	11	1	0.572
1	310	0.004	2	28	11	11	1	0.604
1	311	0.005	2	181	11	11	1	0.572
1	312	0.005	2	491	11	11	1	0.707
1	313	0.005	2	316	11	11	1	0.579
1	314	0.005	2	492	11	11	1	0.563
1	315	0.005	2	510	11	11	1	0.683
1	316	0.006	2	46	11	11	1	0.603
1	317	0.006	2	488	11	11	1	0.507
1	318	0.006	2	550	11	11	1	0.483
1	319	0.006	2	549	11	11	1	0.515
1	320	0.006	2	200	11	11	1	0.499
1	321	0.006	2	34	11	11	1	0.498
1	322	0.007	2	14	11	11	1	0.569
1	323	0.007	2	275	11	11	1	0.506
1	324	0.007	2	209	11	11	1	0.498
1	325	0.007	2	446	11	11	1	0.601
1	326	0.007	2	477	11	11	1	0.625
1	327	0.008	2	467	11	11	1	0.585
1	328	0.008	2	534	11	11	1	0.640
1	329	0.008	2	55	11	11	1	0.697
1	330	0.008	2	364	11	11	1	0.680
1	331	0.008	2	419	11	11	1	0.592
1	332	0.009	2	498	11	11	1	0.576
1	333	0.009	2	283	11	11	1	0.512
1	334	0.009	2	11	11	11	1	0.543
1	335	0.009	2	499	11	11	1	0.543
1	336	0.009	2	142	11	11	1	0.648
1	337	0.010	2	544	11	11	1	0.630
1	338	0.010	2	473	11	11	1	0.527
1	339	0.010	2	96	11	11	1	0.551
1	340	0.010	2	343	11	11	1	0.487
1	341	0.010	2	300	11	11	1	0.486
1	342	0.010	2	265	11	11	1	0.630
1	343	0.011	2	325	11	11	1	0.614
1	344	0.011	2	408	11	11	1	0.558
1	345	0.011	2	529	11	11	1	0.542
1	346	0.011	2	44	11	11	1	0.525
1	347	0.011	2	9	11	11	1	0.590
1	348	0.012	2	367	11	11	1	0.612
1	349	0.012	2	293	11	11	1	0.653
1	350	0.012	2	458	11	11	1	0.676
1	351	0.012	2	95	11	11	1	0.685
1	352	0.012	2	425	11	11	1	0.540
1	353	0.013	2	539	11	11	1	0.524
1	354	0.013	2	7	11	11	1	0.596
1	355	0.013	2	532	11	11	1	0.619
1	356	0.013	2	60	11	11	1	0.516
1	357	0.013	2	204	11	11	1	0.467
1	358	0.014	2	481	11	11	1	0.579
1	359	0.014	2	486	11	11	1	0.547
1	360	0.014	2	523	11	11	1	0.523
1	361	0.014	2	345	11	11	1	0.578
1	362	0.001	2	39	11	11	1	0.592
1	363	0.001	2	144	11	11	1	0.551
1	364	0.001	2	469	11	11	1	0.607
1	365	0.001	2	443	11	11	1	0.535
1	366	0.002	2	35	11	11	1	0.543
1	367	0.002	2	462	11	11	1	0.590
1	368	0.002	2	30	11	11	1	0.542
1	369	0.002	2	145	11	11	1	0.526
1	370	0.003	2	453	11	11	1	0.590
1	371	0.003	2	114	11	11	1	0.534
1	372	0.003	2	123	11	11	1	0.510
1	373	0.003	2	382	11	11	1	0.461
1	374	0.003	2	546	11	11	1	0.461
1	375	0.004	1	268	13	13	1	0.693
1	376	0.004	2	241	11	11	1	0.628
1	377	0.004	2	451	11	11	1	0.637
1	378	0.004	2	333	11	11	1	0.692
1	379	0.004	2	331	11	11	1	0.556
1	380	0.005	2	445	11	11	1	0.676
1	381	0.005	2	485	11	11	1	0.604
1	382	0.005	2	116	11	11	1	0.628
1	383	0.005	2	414	11	11	1	0.652
1	384	0.005	2	376	11	11	1	0.555
1	385	0.006	2	431	11	11	1	0.763
1	386	0.006	2	80	11	11	1	0.675
1	387	0.006	2	31	11	11	1	0.619
1	388	0.006	1	137	13	13	1	0.642
1	389	0.006	2	286	11	11	1	0.626
1	390	0.007	2	231	11	11	1	0.818
1	391	0.007	2	260	11	11	1	0.754
1	392	0.007	1	374	13	13	1	0.882
1	393	0.007	2	64	11	11	1	0.713
1	394	0.007	2	378	11	11	1	0.698
1	395	0.007	2	317	11	11	1	0.665
1	396	0.008	1	479	13	13	1	0.649
1	397	0.008	2	372	11	11	1	0.593
1	398	0.008	2	261	11	11	1	0.537
1	399	0.008	2	506	11	11	1	0.584
1	400	0.008	2	244	11	11	1	0.560
1	401	0.009	2	186	11	11	1	0.648
1	402	0.009	2	180	11	11	1	0.607
1	403	0.009	2	415	11	11	1	0.592
1	404	0.009	2	94	11	11	1	0.632
1	405	0.009	2	48	11	11	1	0.663
1	406	0.010	2	192	11	11	1	0.623
1	407	0.010	2	351	11	11	1	0.583
1	408	0.010	2	92	11	11	1	0.574
1	409	0.010	2	173	11	11	1	0.551
1	410	0.010	2	208	11	11	1	0.566
1	411	0.011	2	259	11	11	1	0.542
1	412	0.011	2	513	11	11	1	0.494
1	413	0.011	2	119	11	11	1	0.445
1	414	0.011	1	191	13	13	1	0.517
1	415	0.011	2	428	11	11	1	0.493
1	416	0.011	2	4	11	11	1	0.501
1	417	0.012	2	75	11	11	1	0.493
1	418	0.012	2	387	11	11	1	0.516
1	419	0.012	2	139	11	11	1	0.557
1	420	0.012	2	392	11	11	1	0.500
1	421	0.012	2	457	11	11	1	0.516
1	422	0.013	2	373	11	11	1	0.524
1	423	0.013	2	113	11	11	1	0.444
1	424	0.013	2	370	11	11	1	0.619
1	425	0.013	2	206	11	11	1	0.523
1	426	0.013	2	314	11	11	1	0.556
1	427	0.014	2	223	11	11	1	0.539
1	428	0.014	2	58	11	11	1	0.475
1	429	0.014	2	335	11	11	1	0.563
1	430	0.014	2	91	11	11	1	0.530
1	431	0.001	2	375	11	11	1	0.511
1	432	0.001	2	352	11	11	1	0.536
1	433	0.001	2	12	11	11	1	0.559
1	434	0.002	2	104	11	11	1	0.583
1	435	0.002	2	296	11	11	1	0.623
1	436	0.002	2	437	11	11	1	0.759
1	437	0.002	2	79	11	11	1	0.646
1	438	0.002	1	364	13	13	1	0.598
1	439	0.003	2	461	11	11	1	0.549
1	440	0.003	2	122	11	11	1	0.573
1	441	0.003	2	85	11	11	1	0.493
1	442	0.003	2	507	11	11	1	0.598
1	443	0.003	2	246	11	11	1	0.581
1	444	0.004	2	448	11	11	1	0.653
1	445	0.004	2	45	11	11	1	0.789
1	446	0.004	1	182	13	13	1	0.732
1	447	0.004	2	516	11	11	1	0.668
1	448	0.004	2	197	11	11	1	0.661
1	449	0.005	2	166	11	11	1	0.500
1	450	0.005	2	141	11	11	1	0.572
1	451	0.005	2	120	11	11	1	0.483
1	452	0.005	2	234	11	11	1	0.531
1	453	0.005	2	98	11	11	1	0.435
1	454	0.006	2	512	11	11	1	0.475
1	455	0.006	2	70	11	11	1	0.410
1	456	0.006	2	266	11	11	1	0.426
1	457	0.006	1	336	13	11	0	0.403
1	458	0.006	2	100	11	11	1	0.530
1	459	0.007	2	311	11	11	1	0.498
1	460	0.007	2	150	11	11	1	0.505
1	461	0.007	2	438	11	11	1	0.481
1	462	0.007	2	74	11	11	1	0.442
1	463	0.007	2	118	11	11	1	0.457
1	464	0.007	2	292	11	11	1	0.569
1	465	0.008	2	87	11	11	1	0.609
1	466	0.008	2	107	11	11	1	0.641
1	467	0.008	1	196	13	13	1	0.584
1	468	0.008	2	380	11	11	1	0.592
1	469	0.008	2	291	11	11	1	0.608
1	470	0.009	2	21	11	11	1	0.584
1	471	0.009	2	212	11	11	1	0.576
1	472	0.009	2	471	11	11	1	0.672
1	473	0.009	2	274	11	11	1	0.624
1	474	0.009	2	357	11	11	1	0.591
1	475	0.010	2	267	11	11	1	0.559
1	476	0.010	2	338	11	11	1	0.599
1	477	0.010	2	15	11	11	1	0.582
1	478	0.010	2	417	11	11	1	0.727
1	479	0.010	2	5	11	11	1	0.526
1	480	0.010	2	509	11	11	1	0.486
1	481	0.011	1	394	13	13	1	0.662
1	482	0.011	1	270	13	13	1	0.734
1	483	0.011	2	413	11	11	1	0.726
1	484	0.011	2	503	11	11	1	0.701
1	485	0.011	1	383	13	13	1	0.629
1	486	0.012	2	326	11	11	1	0.669
1	487	0.012	2	99	11	11	1	0.605
1	488	0.012	1	31	13	13	1	0.540
1	489	0.012	2	93	11	11	1	0.581
1	490	0.012	2	308	11	11	1	0.628
1	491	0.013	2	420	11	11	1	0.572
1	492	0.013	1	315	13	13	1	0.571
1	493	0.013	2	40	11	11	1	0.604
1	494	0.013	2	198	11	11	1	0.668
1	495	0.013	2	520	11	11	1	0.659
1	496	0.014	2	535	11	11	1	0.675
1	497	0.014	2	90	11	11	1	0.619
1	498	0.014	2	167	11	11	1	0.651
1	499	0.001	2	321	11	11	1	0.631
1	500	0.001	2	341	11	11	1	0.663

*********************************************
* Sustained Attention and Recognition Memory Experiment - Memory Test v.1.0
* Date/Time: 11-Nov-2015 17:09:47
* Seed: 211862.782
* Subject Number: 20
* Subject Name: JL
* Run Number: 1
* debug: 0
*********************************************

1	1	1	2	479	30	0	3.418
1	2	2	3	258	32	0	1.786
1	3	2	1	107	30	0	2.495
1	4	1	4	477	30	1	1.198
1	5	2	3	470	31	1	2.379
1	6	1	2	336	31	0	4.575
1	7	1	2	182	33	1	1.540
1	8	2	1	22	31	0	3.472
1	9	1	2	77	30	0	1.244
1	10	1	4	481	30	1	2.892
1	11	2	1	490	31	0	4.195
1	12	2	3	25	30	1	2.248
1	13	2	1	539	33	1	1.535
1	14	1	4	299	30	1	2.732
1	15	1	2	270	30	0	3.595
1	16	2	3	313	31	1	2.940
1	17	2	1	95	33	1	1.420
1	18	2	3	172	31	1	2.919
1	19	1	4	529	31	1	2.138
1	20	2	1	437	32	1	3.976
1	21	2	1	143	32	1	1.623
1	22	2	1	393	30	0	6.011
1	23	2	1	381	31	0	3.301
1	24	1	2	458	30	0	2.057
1	25	1	4	34	30	1	1.547
1	26	1	4	10	31	1	2.554
1	27	2	1	18	33	1	1.549
1	28	2	3	168	32	0	3.926
1	29	2	3	302	31	1	4.061
1	30	1	2	468	31	0	5.205
1	31	2	3	65	31	1	5.359
1	32	2	1	475	30	0	3.997
1	33	1	2	196	31	0	1.762
1	34	2	3	504	32	0	1.342
1	35	2	3	54	32	0	1.350
1	36	2	3	362	31	1	3.010
1	37	2	1	55	32	1	2.311
1	38	2	1	342	30	0	1.379
1	39	1	2	459	31	0	3.230
1	40	2	1	120	31	0	1.986
1	41	2	1	361	32	1	3.418
1	42	1	4	483	30	1	1.943
1	43	1	2	3	31	0	3.326
1	44	1	2	155	32	1	5.320
1	45	1	4	266	30	1	2.966
1	46	2	3	319	31	1	1.730
1	47	2	1	301	31	0	5.544
1	48	1	4	170	30	1	2.791
1	49	1	4	517	30	1	3.288
1	50	2	3	245	31	1	1.506
1	51	2	3	327	31	1	2.967
1	52	2	3	439	32	0	2.630
1	53	1	4	142	30	1	1.258
1	54	1	2	137	30	0	1.333
1	55	2	1	299	32	1	4.247
1	56	1	4	205	30	1	1.165
1	57	2	3	273	33	0	1.285
1	58	2	1	316	32	1	3.901
1	59	1	2	315	30	0	1.646
1	60	2	3	117	33	0	2.038
1	61	2	1	277	31	0	3.819
1	62	2	3	432	32	0	1.743
1	63	1	2	364	31	0	3.804
1	64	2	1	526	33	1	1.778
1	65	2	1	34	31	0	2.757
1	66	2	3	303	32	0	1.893
1	67	1	2	187	30	0	1.025
1	68	2	3	304	32	0	3.294
1	69	1	4	550	30	1	0.951
1	70	2	1	523	30	0	7.535
1	71	2	1	135	32	1	1.150
1	72	2	1	215	30	0	1.765
1	73	2	3	340	33	0	1.322
1	74	2	1	93	33	1	1.108
1	75	2	3	489	32	0	2.031
1	76	2	3	360	31	1	2.334
1	77	1	4	223	30	1	0.982
1	78	1	4	232	31	1	1.978
1	79	2	3	257	31	1	4.396
1	80	1	4	313	30	1	2.399
1	81	2	3	353	32	0	3.243
1	82	2	3	151	31	1	4.119
1	83	1	2	476	30	0	1.022
1	84	2	1	58	30	0	2.280
1	85	1	4	124	31	1	3.493
1	86	2	3	452	31	1	2.231
1	87	1	4	376	31	1	5.222
1	88	1	4	68	30	1	4.136
1	89	2	3	307	31	1	5.772
1	90	2	1	390	30	0	3.283
1	91	1	2	268	33	1	1.341
1	92	1	4	26	32	0	4.364
1	93	1	4	275	31	1	1.328
1	94	2	3	410	31	1	2.965
1	95	2	3	493	32	0	1.372
1	96	2	1	371	31	0	3.326
1	97	2	1	84	31	0	2.139
1	98	1	4	112	31	1	3.618
1	99	1	4	59	30	1	3.495
1	100	2	3	134	32	0	1.190
1	101	2	1	494	32	1	3.293
1	102	2	3	130	30	1	2.602
1	103	2	1	426	32	1	2.915
1	104	1	2	56	33	1	1.248
1	105	1	4	258	31	1	1.717
1	106	2	3	228	32	0	3.828
1	107	1	2	31	31	0	1.934
1	108	2	1	464	32	1	2.246
1	109	1	2	215	32	1	1.432
1	110	2	3	170	31	1	1.599
1	111	1	2	175	31	0	2.015
1	112	1	4	385	30	1	1.259
1	113	1	2	383	33	1	2.779
1	114	1	4	139	31	1	2.040
1	115	1	2	374	30	0	2.327
1	116	2	3	89	33	0	4.118
1	117	2	1	471	31	0	1.581
1	118	2	1	396	33	1	1.506
1	119	1	2	222	31	0	1.524
1	120	1	2	332	31	0	3.033
1	121	2	1	248	33	1	1.307
1	122	2	1	421	32	1	1.437
1	123	1	2	541	31	0	1.924
1	124	2	3	330	31	1	5.135
1	125	2	1	236	32	1	1.349
1	126	1	4	244	31	1	2.698
1	127	1	4	226	31	1	9.807
1	128	2	3	66	32	0	4.269
1	129	2	1	397	31	0	1.125
1	130	2	3	185	32	0	2.513
1	131	2	3	2	31	1	4.709
1	132	1	2	418	32	1	1.503
1	133	1	2	525	31	0	1.798
1	134	2	3	255	33	0	1.403
1	135	1	4	251	30	1	1.646
1	136	2	1	287	31	0	4.848
1	137	1	2	461	31	0	1.181
1	138	2	1	106	32	1	1.776
1	139	2	3	109	31	1	1.949
1	140	2	1	324	32	1	1.098
1	141	2	3	226	30	1	1.868
1	142	2	3	41	32	0	1.470
1	143	1	2	191	31	0	3.923
1	144	2	1	87	31	0	1.701
1	145	2	1	94	31	0	2.321
1	146	1	4	402	30	1	2.561
1	147	2	1	249	31	0	3.341
1	148	1	4	518	31	1	3.818
1	149	2	3	174	32	0	2.164
1	150	2	3	1	32	0	3.699
1	151	1	2	408	30	0	1.446
1	152	2	1	323	31	0	1.508
1	153	1	4	491	31	1	5.260
1	154	2	1	269	32	1	2.190
1	155	2	1	294	33	1	1.291
1	156	1	2	394	31	0	1.938
1	157	2	1	266	31	0	2.871
1	158	1	4	522	31	1	3.331
1	159	2	1	99	32	1	1.626
1	160	2	1	488	32	1	2.582
1	161	2	3	334	32	0	1.041
1	162	2	3	157	31	1	1.486
1	163	1	2	528	31	0	1.709
1	164	2	3	187	31	1	1.591
1	165	2	3	400	31	1	0.975
1	166	2	3	232	32	0	1.342
