
*********************************************
* Sustained Attention and Recognition Memory Experiment - Sustained Attention Task v.1.0
* Date/Time: 01-Nov-2015 14:29:33
* Seed: 208703.6827
* Subject Number: 12
* Subject Name: NP
* Run Number: 1
* debug: 0
*********************************************

run	trl	tdf	sct	simg	crsp	rsp	acc	rt
1	1	0.012	2	358	11	NaN	0	NaN
1	2	0.012	2	159	11	11	1	0.842
1	3	0.012	2	139	11	11	1	0.698
1	4	0.012	2	157	11	11	1	0.506
1	5	0.013	2	183	11	11	1	0.738
1	6	0.013	1	55	13	11	0	0.489
1	7	0.013	2	205	11	NaN	0	NaN
1	8	0.013	2	44	11	11	1	0.008
1	9	0.013	2	457	11	11	1	0.521
1	10	0.013	2	466	11	11	1	0.849
1	11	0.014	2	334	11	11	1	0.504
1	12	0.014	2	512	11	11	1	0.544
1	13	0.014	2	429	11	11	1	0.417
1	14	0.001	2	529	11	11	1	0.589
1	15	0.001	2	493	11	11	1	0.709
1	16	0.001	2	103	11	11	1	0.749
1	17	0.002	2	404	11	11	1	0.493
1	18	0.002	2	190	11	11	1	0.532
1	19	0.002	2	449	11	11	1	0.588
1	20	0.002	2	23	11	11	1	0.548
1	21	0.002	2	162	11	11	1	0.363
1	22	0.003	2	352	11	11	1	0.444
1	23	0.003	2	134	11	11	1	0.347
1	24	0.003	2	460	11	11	1	0.388
1	25	0.003	2	112	11	11	1	0.315
1	26	0.003	2	472	11	11	1	0.395
1	27	0.004	2	47	11	11	1	0.443
1	28	0.004	2	393	11	11	1	0.435
1	29	0.004	2	11	11	11	1	0.442
1	30	0.004	2	311	11	11	1	0.482
1	31	0.004	2	91	11	11	1	0.458
1	32	0.005	2	230	11	11	1	0.442
1	33	0.005	2	387	11	11	1	0.370
1	34	0.005	2	475	11	11	1	0.457
1	35	0.005	2	503	11	11	1	0.489
1	36	0.005	1	512	13	13	1	0.537
1	37	0.006	2	117	11	11	1	0.856
1	38	0.006	2	62	11	11	1	0.680
1	39	0.006	2	469	11	11	1	0.624
1	40	0.006	2	547	11	11	1	0.456
1	41	0.006	1	542	13	13	1	0.679
1	42	0.007	2	333	11	11	1	0.647
1	43	0.007	2	549	11	11	1	0.647
1	44	0.007	2	423	11	11	1	0.568
1	45	0.007	2	250	11	11	1	0.415
1	46	0.007	2	203	11	11	1	0.350
1	47	0.007	1	188	13	13	1	0.550
1	48	0.008	2	462	11	11	1	0.566
1	49	0.008	1	497	13	13	1	0.607
1	50	0.008	2	86	11	11	1	0.670
1	51	0.008	2	359	11	11	1	0.478
1	52	0.008	2	515	11	11	1	0.422
1	53	0.009	2	394	11	11	1	0.405
1	54	0.009	2	483	11	11	1	0.446
1	55	0.009	2	70	11	11	1	0.549
1	56	0.009	2	245	11	11	1	0.373
1	57	0.009	2	291	11	11	1	0.421
1	58	0.010	2	226	11	11	1	0.396
1	59	0.010	2	45	11	11	1	0.396
1	60	0.010	2	486	11	11	1	0.364
1	61	0.010	2	521	11	11	1	0.404
1	62	0.010	2	130	11	11	1	0.404
1	63	0.011	2	492	11	11	1	0.348
1	64	0.011	2	452	11	11	1	0.388
1	65	0.011	2	229	11	11	1	0.636
1	66	0.011	2	453	11	11	1	0.427
1	67	0.011	2	471	11	11	1	0.498
1	68	0.012	2	308	11	11	1	0.483
1	69	0.012	2	289	11	11	1	0.482
1	70	0.012	2	52	11	11	1	0.362
1	71	0.012	2	160	11	11	1	0.322
1	72	0.012	2	54	11	11	1	0.354
1	73	0.012	2	80	11	11	1	0.434
1	74	0.013	2	500	11	11	1	0.321
1	75	0.013	2	433	11	11	1	0.369
1	76	0.013	2	178	11	11	1	0.441
1	77	0.013	2	491	11	11	1	0.417
1	78	0.013	2	290	11	11	1	0.361
1	79	0.014	2	518	11	11	1	0.305
1	80	0.014	2	316	11	11	1	0.313
1	81	0.014	2	95	11	11	1	0.289
1	82	0.014	2	389	11	11	1	0.264
1	83	0.001	2	42	11	11	1	0.285
1	84	0.001	2	209	11	11	1	0.389
1	85	0.001	2	444	11	11	1	0.308
1	86	0.002	2	541	11	11	1	0.293
1	87	0.002	2	51	11	11	1	0.325
1	88	0.002	2	81	11	11	1	0.276
1	89	0.002	2	264	11	11	1	0.268
1	90	0.002	2	265	11	11	1	0.291
1	91	0.003	2	340	11	11	1	0.339
1	92	0.003	2	378	11	11	1	0.268
1	93	0.003	2	339	11	11	1	0.267
1	94	0.003	2	150	11	11	1	0.267
1	95	0.003	2	153	11	11	1	0.283
1	96	0.004	2	516	11	11	1	0.322
1	97	0.004	2	13	11	11	1	0.282
1	98	0.004	2	506	11	11	1	0.306
1	99	0.004	2	507	11	11	1	0.290
1	100	0.004	2	350	11	11	1	0.297
1	101	0.005	2	273	11	11	1	0.345
1	102	0.005	2	40	11	11	1	0.281
1	103	0.005	2	364	11	11	1	0.289
1	104	0.005	2	441	11	11	1	0.353
1	105	0.005	2	484	11	11	1	0.289
1	106	0.006	2	274	11	11	1	0.216
1	107	0.006	2	204	11	11	1	0.368
1	108	0.006	2	527	11	11	1	0.328
1	109	0.006	2	76	11	11	1	0.352
1	110	0.006	2	430	11	11	1	0.392
1	111	0.006	2	88	11	11	1	0.344
1	112	0.007	2	367	11	11	1	0.351
1	113	0.007	2	5	11	11	1	0.311
1	114	0.007	2	271	11	11	1	0.199
1	115	0.007	2	377	11	11	1	0.310
1	116	0.007	2	385	11	11	1	0.487
1	117	0.008	2	248	11	11	1	0.311
1	118	0.008	2	114	11	11	1	0.294
1	119	0.008	2	61	11	11	1	0.238
1	120	0.008	2	280	11	11	1	0.110
1	121	0.008	2	418	11	11	1	0.285
1	122	0.009	2	303	11	11	1	0.253
1	123	0.009	2	256	11	11	1	0.310
1	124	0.009	2	439	11	11	1	0.293
1	125	0.009	2	194	11	11	1	0.341
1	126	0.009	2	175	11	11	1	0.293
1	127	0.010	2	147	11	11	1	0.276
1	128	0.010	2	546	11	11	1	0.229
1	129	0.010	2	155	11	11	1	0.452
1	130	0.010	2	366	11	11	1	0.300
1	131	0.010	2	151	11	11	1	0.348
1	132	0.010	1	231	13	11	0	0.292
1	133	0.011	2	431	11	11	1	0.660
1	134	0.011	2	346	11	11	1	0.419
1	135	0.011	2	351	11	11	1	0.443
1	136	0.011	1	340	13	13	1	0.626
1	137	0.011	2	39	11	11	1	0.578
1	138	0.012	2	107	11	11	1	0.610
1	139	0.012	2	255	11	11	1	0.618
1	140	0.012	1	523	13	13	1	0.690
1	141	0.012	2	330	11	11	1	0.570
1	142	0.012	2	328	11	11	1	0.378
1	143	0.013	2	213	11	13	0	0.506
1	144	0.013	1	448	13	13	1	0.649
1	145	0.013	2	443	11	11	1	0.537
1	146	0.013	2	420	11	11	1	0.601
1	147	0.013	2	409	11	11	1	0.361
1	148	0.013	1	410	13	13	1	0.560
1	149	0.014	2	55	11	11	1	0.417
1	150	0.014	2	38	11	11	1	0.360
1	151	0.014	2	10	11	11	1	0.320
1	152	0.001	2	382	11	11	1	0.349
1	153	0.001	2	132	11	11	1	0.468
1	154	0.001	2	498	11	11	1	0.301
1	155	0.002	2	317	11	11	1	0.469
1	156	0.002	2	243	11	11	1	0.372
1	157	0.002	2	208	11	11	1	0.500
1	158	0.002	2	167	11	11	1	0.564
1	159	0.002	2	64	11	11	1	0.364
1	160	0.003	2	344	11	11	1	0.347
1	161	0.003	2	408	11	11	1	0.379
1	162	0.003	2	371	11	11	1	0.307
1	163	0.003	2	532	11	11	1	0.331
1	164	0.003	2	146	11	11	1	0.387
1	165	0.004	2	110	11	11	1	0.330
1	166	0.004	2	347	11	11	1	0.331
1	167	0.004	2	161	11	11	1	0.274
1	168	0.004	2	7	11	11	1	0.298
1	169	0.004	2	90	11	11	1	0.281
1	170	0.005	2	199	11	11	1	0.322
1	171	0.005	2	220	11	11	1	0.233
1	172	0.005	2	228	11	11	1	0.282
1	173	0.005	2	104	11	11	1	0.241
1	174	0.005	2	177	11	11	1	0.296
1	175	0.006	2	133	11	11	1	0.328
1	176	0.006	2	461	11	11	1	0.280
1	177	0.006	2	170	11	11	1	0.312
1	178	0.006	2	322	11	11	1	0.296
1	179	0.006	2	530	11	11	1	0.280
1	180	0.007	2	219	11	11	1	0.320
1	181	0.007	2	445	11	11	1	0.296
1	182	0.007	2	222	11	11	1	0.288
1	183	0.007	2	135	11	11	1	0.312
1	184	0.007	2	343	11	11	1	0.287
1	185	0.007	2	325	11	11	1	0.310
1	186	0.008	2	9	11	11	1	0.302
1	187	0.008	2	101	11	11	1	0.303
1	188	0.008	2	233	11	11	1	0.502
1	189	0.008	2	424	11	11	1	0.326
1	190	0.008	2	353	11	11	1	0.286
1	191	0.009	2	43	11	11	1	0.222
1	192	0.009	2	365	11	11	1	0.229
1	193	0.009	2	180	11	11	1	0.277
1	194	0.009	2	534	11	11	1	0.445
1	195	0.009	2	550	11	11	1	0.509
1	196	0.010	2	400	11	11	1	0.316
1	197	0.010	2	234	11	11	1	0.308
1	198	0.010	2	201	11	11	1	0.252
1	199	0.010	2	348	11	11	1	0.276
1	200	0.010	2	306	11	11	1	0.292
1	201	0.011	2	470	11	11	1	0.299
1	202	0.011	2	109	11	11	1	0.363
1	203	0.011	2	509	11	11	1	0.315
1	204	0.011	2	108	11	11	1	0.315
1	205	0.011	2	407	11	11	1	0.307
1	206	0.011	2	369	11	11	1	0.322
1	207	0.012	2	227	11	11	1	0.290
1	208	0.012	2	342	11	11	1	0.282
1	209	0.012	2	391	11	11	1	0.250
1	210	0.012	2	299	11	11	1	0.330
1	211	0.012	2	218	11	11	1	0.266
1	212	0.013	2	329	11	11	1	0.233
1	213	0.013	2	326	11	11	1	0.169
1	214	0.013	2	60	11	11	1	0.153
1	215	0.013	2	355	11	11	1	0.137
1	216	0.013	1	196	13	11	0	0.257
1	217	0.014	2	123	11	11	1	0.560
1	218	0.014	2	446	11	11	1	0.393
1	219	0.014	2	4	11	11	1	0.377
1	220	0.014	1	453	13	13	1	0.560
1	221	0.001	2	260	11	11	1	0.485
1	222	0.001	2	368	11	11	1	0.413
1	223	0.001	2	397	11	11	1	0.348
1	224	0.002	1	204	13	13	1	0.469
1	225	0.002	2	14	11	11	1	0.732
1	226	0.002	2	525	11	11	1	0.668
1	227	0.002	2	99	11	11	1	0.492
1	228	0.002	1	189	13	13	1	0.452
1	229	0.003	2	375	11	11	1	0.403
1	230	0.003	2	37	11	11	1	0.435
1	231	0.003	2	22	11	11	1	0.363
1	232	0.003	2	142	11	11	1	0.363
1	233	0.003	2	72	11	11	1	0.347
1	234	0.004	2	435	11	11	1	0.314
1	235	0.004	2	313	11	11	1	0.306
1	236	0.004	2	186	11	11	1	0.314
1	237	0.004	2	172	11	11	1	0.346
1	238	0.004	2	474	11	11	1	0.417
1	239	0.005	2	232	11	11	1	0.305
1	240	0.005	2	137	11	11	1	0.313
1	241	0.005	2	318	11	11	1	0.313
1	242	0.005	2	98	11	11	1	0.361
1	243	0.005	2	111	11	11	1	0.264
1	244	0.006	2	17	11	11	1	0.289
1	245	0.006	2	97	11	11	1	0.240
1	246	0.006	2	49	11	11	1	0.248
1	247	0.006	2	454	11	11	1	0.224
1	248	0.006	2	238	11	11	1	0.296
1	249	0.007	2	406	11	11	1	0.304
1	250	0.007	2	126	11	11	1	0.335
1	251	0.007	2	495	11	11	1	0.271
1	252	0.007	2	376	11	11	1	0.399
1	253	0.007	2	15	11	11	1	0.295
1	254	0.007	2	332	11	11	1	0.855
1	255	0.008	1	27	13	13	1	0.679
1	256	0.008	2	32	11	11	1	0.534
1	257	0.008	2	127	11	11	1	0.534
1	258	0.008	2	487	11	11	1	0.366
1	259	0.008	1	30	13	11	0	0.398
1	260	0.009	2	71	11	11	1	0.334
1	261	0.009	2	29	11	11	1	0.342
1	262	0.009	2	138	11	11	1	0.309
1	263	0.009	2	392	11	11	1	0.460
1	264	0.009	2	411	11	11	1	0.541
1	265	0.010	2	479	11	11	1	0.548
1	266	0.010	1	227	13	11	0	0.573
1	267	0.010	2	207	11	11	1	0.436
1	268	0.010	2	189	11	NaN	0	NaN
1	269	0.010	2	41	11	11	1	0.684
1	270	0.011	1	490	13	13	1	0.555
1	271	0.011	2	68	11	11	1	0.475
1	272	0.011	2	548	11	11	1	0.683
1	273	0.011	2	33	11	11	1	0.571
1	274	0.011	1	105	13	11	0	0.451
1	275	0.012	2	539	11	11	1	0.363
1	276	0.012	2	464	11	11	1	0.379
1	277	0.012	2	538	11	11	1	0.386
1	278	0.012	2	315	11	11	1	0.362
1	279	0.012	2	513	11	11	1	0.346
1	280	0.012	2	35	11	11	1	0.426
1	281	0.013	2	535	11	11	1	0.505
1	282	0.013	2	482	11	11	1	0.378
1	283	0.013	2	293	11	11	1	0.577
1	284	0.013	1	354	13	13	1	0.561
1	285	0.013	2	246	11	11	1	0.464
1	286	0.014	2	294	11	11	1	0.385
1	287	0.014	2	321	11	11	1	0.432
1	288	0.014	2	488	11	11	1	0.416
1	289	0.014	2	309	11	11	1	0.384
1	290	0.001	2	295	11	11	1	0.357
1	291	0.001	2	93	11	11	1	0.349
1	292	0.001	2	476	11	11	1	0.589
1	293	0.002	2	467	11	11	1	0.484
1	294	0.002	2	78	11	11	1	0.876
1	295	0.002	1	130	13	13	1	0.676
1	296	0.002	2	514	11	11	1	0.724
1	297	0.002	2	331	11	11	1	0.540
1	298	0.003	2	310	11	11	1	0.555
1	299	0.003	1	131	13	11	0	0.515
1	300	0.003	2	336	11	11	1	0.579
1	301	0.003	2	508	11	11	1	0.434
1	302	0.003	2	118	11	11	1	0.867
1	303	0.004	1	4	13	13	1	0.755
1	304	0.004	2	65	11	NaN	0	NaN
1	305	0.004	2	437	11	11	1	0.138
1	306	0.004	2	456	11	11	1	0.346
1	307	0.004	1	492	13	11	0	0.505
1	308	0.005	2	448	11	11	1	0.698
1	309	0.005	2	528	11	11	1	0.425
1	310	0.005	2	19	11	11	1	0.433
1	311	0.005	2	224	11	11	1	0.385
1	312	0.005	2	48	11	11	1	0.321
1	313	0.005	2	237	11	11	1	0.409
1	314	0.006	2	18	11	11	1	0.432
1	315	0.006	2	125	11	11	1	0.344
1	316	0.006	2	307	11	11	1	0.272
1	317	0.006	2	540	11	11	1	0.304
1	318	0.006	2	165	11	11	1	0.200
1	319	0.007	2	270	11	11	1	0.224
1	320	0.007	1	331	13	11	0	0.239
1	321	0.007	2	285	11	11	1	0.335
1	322	0.007	2	210	11	11	1	0.334
1	323	0.007	2	438	11	11	1	0.495
1	324	0.008	2	92	11	11	1	0.439
1	325	0.008	2	284	11	11	1	0.502
1	326	0.008	2	73	11	11	1	0.366
1	327	0.008	2	53	11	11	1	0.302
1	328	0.008	2	259	11	11	1	0.326
1	329	0.009	2	463	11	11	1	0.221
1	330	0.009	2	20	11	11	1	0.237
1	331	0.009	2	302	11	11	1	0.285
1	332	0.009	2	275	11	11	1	0.373
1	333	0.009	2	249	11	11	1	0.317
1	334	0.010	2	173	11	11	1	0.356
1	335	0.010	2	74	11	11	1	0.564
1	336	0.010	2	106	11	11	1	0.396
1	337	0.010	2	187	11	11	1	0.315
1	338	0.010	2	50	11	11	1	0.332
1	339	0.011	2	450	11	11	1	0.243
1	340	0.011	2	427	11	11	1	0.268
1	341	0.011	2	202	11	11	1	0.284
1	342	0.011	2	59	11	11	1	0.419
1	343	0.011	2	545	11	11	1	0.355
1	344	0.011	2	426	11	11	1	0.603
1	345	0.012	2	164	11	11	1	0.450
1	346	0.012	2	122	11	11	1	0.354
1	347	0.012	2	168	11	11	1	0.410
1	348	0.012	2	225	11	11	1	0.290
1	349	0.012	2	143	11	11	1	0.370
1	350	0.013	2	102	11	11	1	0.297
1	351	0.013	2	82	11	11	1	0.257
1	352	0.013	2	304	11	11	1	0.321
1	353	0.013	2	494	11	11	1	0.289
1	354	0.013	2	30	11	11	1	0.296
1	355	0.014	2	77	11	11	1	0.337
1	356	0.014	2	221	11	11	1	0.449
1	357	0.014	2	85	11	11	1	0.329
1	358	0.001	2	251	11	11	1	0.309
1	359	0.001	2	158	11	11	1	0.261
1	360	0.001	2	247	11	11	1	0.309
1	361	0.001	2	115	11	11	1	0.309
1	362	0.002	2	286	11	11	1	0.261
1	363	0.002	2	24	11	11	1	0.164
1	364	0.002	2	214	11	11	1	0.260
1	365	0.002	2	119	11	11	1	0.244
1	366	0.002	2	381	11	11	1	0.268
1	367	0.003	2	279	11	11	1	0.187
1	368	0.003	2	200	11	11	1	0.259
1	369	0.003	2	121	11	11	1	0.275
1	370	0.003	2	319	11	11	1	0.283
1	371	0.003	2	421	11	11	1	0.242
1	372	0.004	2	522	11	11	1	0.202
1	373	0.004	2	185	11	11	1	0.258
1	374	0.004	2	442	11	11	1	0.130
1	375	0.004	1	292	13	11	0	0.290
1	376	0.004	2	79	11	11	1	0.450
1	377	0.005	2	36	11	11	1	0.362
1	378	0.005	2	128	11	11	1	0.369
1	379	0.005	2	360	11	11	1	0.441
1	380	0.005	2	94	11	11	1	0.321
1	381	0.005	2	349	11	11	1	0.224
1	382	0.006	2	386	11	11	1	0.225
1	383	0.006	2	440	11	11	1	0.264
1	384	0.006	2	524	11	11	1	0.273
1	385	0.006	2	401	11	11	1	0.384
1	386	0.006	2	257	11	11	1	0.304
1	387	0.007	2	83	11	11	1	0.231
1	388	0.007	2	499	11	11	1	0.287
1	389	0.007	2	31	11	11	1	0.319
1	390	0.007	2	179	11	11	1	0.319
1	391	0.007	2	262	11	11	1	0.503
1	392	0.007	2	206	11	11	1	0.311
1	393	0.008	2	100	11	11	1	0.198
1	394	0.008	2	105	11	11	1	0.190
1	395	0.008	2	283	11	11	1	0.038
1	396	0.008	1	440	13	11	0	0.022
1	397	0.008	2	396	11	11	1	0.373
1	398	0.009	2	27	11	11	1	0.614
1	399	0.009	2	215	11	11	1	0.477
1	400	0.009	1	529	13	13	1	0.533
1	401	0.009	2	1	11	11	1	0.501
1	402	0.009	2	166	11	11	1	0.733
1	403	0.010	2	141	11	11	1	0.573
1	404	0.010	1	475	13	13	1	0.477
1	405	0.010	2	277	11	11	1	0.452
1	406	0.010	2	473	11	11	1	0.356
1	407	0.010	2	345	11	11	1	0.388
1	408	0.011	2	3	11	11	1	0.691
1	409	0.011	2	242	11	11	1	0.572
1	410	0.011	1	334	13	13	1	0.580
1	411	0.011	2	26	11	11	1	0.363
1	412	0.011	2	305	11	11	1	0.395
1	413	0.012	2	113	11	11	1	0.346
1	414	0.012	2	12	11	11	1	0.323
1	415	0.012	2	46	11	11	1	0.314
1	416	0.012	2	195	11	11	1	0.394
1	417	0.012	2	69	11	11	1	0.377
1	418	0.012	2	526	11	11	1	0.354
1	419	0.013	2	145	11	11	1	0.354
1	420	0.013	2	149	11	11	1	0.401
1	421	0.013	2	335	11	11	1	0.337
1	422	0.013	2	478	11	11	1	0.529
1	423	0.013	2	511	11	11	1	0.321
1	424	0.014	2	292	11	11	1	0.305
1	425	0.014	2	323	11	11	1	0.321
1	426	0.014	2	380	11	11	1	0.281
1	427	0.001	2	169	11	11	1	0.262
1	428	0.001	2	373	11	11	1	0.373
1	429	0.001	2	465	11	11	1	0.292
1	430	0.001	2	338	11	11	1	0.301
1	431	0.002	2	198	11	11	1	0.364
1	432	0.002	2	320	11	11	1	0.348
1	433	0.002	2	300	11	11	1	0.260
1	434	0.002	2	312	11	11	1	0.331
1	435	0.002	2	390	11	11	1	0.292
1	436	0.003	2	67	11	11	1	0.243
1	437	0.003	2	267	11	11	1	0.347
1	438	0.003	2	288	11	11	1	0.499
1	439	0.003	2	268	11	11	1	0.419
1	440	0.003	2	485	11	11	1	0.427
1	441	0.004	2	278	11	11	1	0.339
1	442	0.004	2	244	11	11	1	0.339
1	443	0.004	2	231	11	11	1	0.354
1	444	0.004	2	296	11	11	1	0.338
1	445	0.004	2	281	11	11	1	0.473
1	446	0.005	2	21	11	11	1	0.306
1	447	0.005	2	504	11	11	1	0.385
1	448	0.005	2	196	11	11	1	0.265
1	449	0.005	2	361	11	11	1	0.241
1	450	0.005	2	356	11	11	1	0.385
1	451	0.006	1	273	13	11	0	0.296
1	452	0.006	2	188	11	11	1	0.280
1	453	0.006	2	89	11	11	1	0.304
1	454	0.006	2	384	11	11	1	0.528
1	455	0.006	2	455	11	11	1	0.448
1	456	0.007	2	239	11	11	1	0.439
1	457	0.007	2	477	11	11	1	0.423
1	458	0.007	2	533	11	11	1	0.431
1	459	0.007	2	269	11	11	1	0.503
1	460	0.007	2	266	11	11	1	0.551
1	461	0.008	2	502	11	11	1	0.503
1	462	0.008	2	314	11	11	1	0.471
1	463	0.008	2	131	11	11	1	0.791
1	464	0.008	2	481	11	11	1	0.542
1	465	0.008	2	171	11	11	1	0.470
1	466	0.008	2	129	11	11	1	0.581
1	467	0.009	2	419	11	11	1	0.550
1	468	0.009	2	276	11	11	1	0.517
1	469	0.009	2	152	11	11	1	0.509
1	470	0.009	2	8	11	11	1	0.420
1	471	0.009	2	497	11	11	1	0.349
1	472	0.010	2	120	11	11	1	0.357
1	473	0.010	2	451	11	11	1	0.308
1	474	0.010	1	84	13	11	0	0.348
1	475	0.010	2	447	11	11	1	0.300
1	476	0.010	2	425	11	11	1	0.299
1	477	0.011	2	403	11	11	1	0.300
1	478	0.011	2	258	11	11	1	0.364
1	479	0.011	2	216	11	11	1	0.307
1	480	0.011	2	370	11	11	1	0.475
1	481	0.011	2	517	11	11	1	0.371
1	482	0.012	2	489	11	11	1	0.499
1	483	0.012	2	252	11	11	1	0.410
1	484	0.012	1	89	13	13	1	0.547
1	485	0.012	2	542	11	11	1	0.498
1	486	0.012	2	116	11	11	1	0.378
1	487	0.012	2	523	11	11	1	0.497
1	488	0.013	2	240	11	11	1	0.393
1	489	0.013	2	413	11	11	1	0.450
1	490	0.013	1	344	13	13	1	0.673
1	491	0.013	1	229	13	11	0	0.497
1	492	0.013	2	402	11	11	1	0.648
1	493	0.014	2	520	11	11	1	0.488
1	494	0.014	2	2	11	11	1	0.601
1	495	0.014	2	544	11	11	1	0.704
1	496	0.001	2	357	11	11	1	0.661
1	497	0.001	2	510	11	11	1	0.669
1	498	0.001	2	468	11	11	1	0.572
1	499	0.001	2	197	11	11	1	0.541
1	500	0.002	1	24	13	13	1	0.652

*********************************************
* Sustained Attention and Recognition Memory Experiment - Memory Test v.1.0
* Date/Time: 01-Nov-2015 14:39:44
* Seed: 212818.9278
* Subject Number: 12
* Subject Name: NP
* Run Number: 1
* debug: 0
*********************************************

1	1	2	1	526	33	1	3.622
1	2	2	3	136	31	1	2.845
1	3	2	3	235	32	0	2.087
1	4	2	3	428	31	1	2.236
1	5	2	3	241	31	1	1.411
1	6	2	3	282	32	0	4.381
1	7	2	1	302	32	1	2.072
1	8	2	3	480	30	1	2.174
1	9	1	4	470	30	1	1.921
1	10	1	2	27	33	1	3.384
1	11	2	1	180	31	0	1.662
1	12	1	4	401	30	1	2.286
1	13	1	2	492	30	0	1.386
1	14	1	4	252	31	1	2.373
1	15	2	1	198	31	0	1.228
1	16	2	3	211	32	0	1.535
1	17	2	3	395	30	1	1.294
1	18	1	2	523	33	1	1.702
1	19	2	1	448	33	1	1.245
1	20	2	1	347	33	1	0.946
1	21	2	3	261	31	1	2.660
1	22	1	2	229	32	1	1.099
1	23	2	1	1	31	0	2.139
1	24	2	1	70	32	1	1.680
1	25	1	4	214	32	0	1.357
1	26	1	2	475	33	1	1.201
1	27	2	3	422	31	1	1.631
1	28	1	4	427	31	1	1.109
1	29	2	1	268	30	0	2.803
1	30	1	2	453	33	1	1.736
1	31	1	2	529	33	1	0.924
1	32	2	1	137	31	0	1.486
1	33	2	3	405	31	1	0.716
1	34	1	2	30	32	1	1.691
1	35	1	4	7	30	1	1.686
1	36	1	4	411	31	1	1.319
1	37	1	4	6	30	1	1.401
1	38	2	3	272	30	1	0.998
1	39	2	1	465	32	1	2.376
1	40	2	3	56	32	0	1.000
1	41	2	1	461	31	0	1.071
1	42	1	2	130	32	1	1.108
1	43	1	2	84	32	1	1.220
1	44	2	1	251	33	1	1.391
1	45	1	2	542	32	1	1.226
1	46	2	3	412	31	1	1.504
1	47	1	4	242	31	1	0.871
1	48	1	4	109	33	0	1.527
1	49	1	2	344	33	1	0.823
1	50	1	2	131	30	0	1.427
1	51	1	2	204	31	0	1.205
1	52	2	1	76	33	1	1.507
1	53	1	4	468	31	1	1.421
1	54	1	4	174	31	1	2.135
1	55	2	1	175	32	1	1.316
1	56	2	3	140	31	1	1.944
1	57	2	3	363	31	1	1.163
1	58	2	1	128	31	0	1.215
1	59	2	3	374	30	1	1.788
1	60	2	3	191	30	1	0.995
1	61	1	2	331	32	1	1.608
1	62	2	3	410	31	1	1.006
1	63	2	3	297	32	0	1.429
1	64	1	2	189	33	1	1.380
1	65	1	2	497	32	1	1.324
1	66	1	2	490	32	1	0.907
1	67	2	3	459	31	1	0.904
1	68	2	3	415	31	1	1.349
1	69	1	2	231	32	1	1.224
1	70	1	2	354	31	0	1.079
1	71	1	4	518	33	0	1.204
1	72	2	1	542	31	0	1.115
1	73	1	2	512	30	0	1.027
1	74	2	3	341	30	1	1.253
1	75	2	1	371	31	0	1.026
1	76	2	1	119	32	1	1.031
1	77	2	1	299	31	0	1.396
1	78	2	3	154	30	1	1.910
1	79	2	1	500	32	1	0.993
1	80	1	4	205	31	1	1.006
1	81	2	1	230	33	1	1.408
1	82	1	4	135	32	0	1.146
1	83	1	2	273	32	1	1.028
1	84	1	2	227	31	0	1.193
1	85	2	3	57	33	0	1.171
1	86	1	4	352	30	1	1.432
1	87	1	2	292	30	0	0.749
1	88	1	4	182	31	1	0.850
1	89	1	4	499	31	1	0.892
1	90	1	4	365	32	0	0.772
1	91	2	1	23	31	0	0.617
1	92	2	1	295	32	1	0.696
1	93	2	3	505	32	0	0.766
1	94	1	2	188	32	1	0.813
1	95	2	3	16	32	0	0.797
1	96	1	2	334	33	1	1.239
1	97	2	1	201	31	0	0.999
1	98	2	3	34	31	1	0.748
1	99	2	1	540	31	0	1.422
1	100	2	3	176	30	1	1.347
1	101	2	1	435	32	1	1.093
1	102	2	1	69	32	1	0.956
1	103	2	1	373	31	0	1.212
1	104	2	3	148	32	0	1.801
1	105	2	1	82	33	1	0.923
1	106	1	2	4	32	1	1.022
1	107	2	1	290	31	0	1.117
1	108	2	1	470	31	0	0.687
1	109	2	3	28	31	1	1.255
1	110	1	2	89	33	1	1.617
1	111	1	2	105	31	0	1.310
1	112	2	3	182	32	0	1.141
1	113	1	4	75	32	0	0.924
1	114	1	2	440	32	1	1.109
1	115	2	1	97	31	0	1.103
1	116	2	3	337	32	0	1.377
1	117	2	3	212	32	0	1.065
1	118	2	1	439	31	0	1.318
1	119	1	2	24	30	0	0.901
1	120	1	4	230	31	1	1.927
1	121	2	1	88	31	0	1.436
1	122	1	4	271	30	1	0.967
1	123	2	1	258	31	0	1.155
1	124	1	2	196	31	0	0.843
1	125	2	3	58	31	1	0.893
1	126	1	4	44	31	1	0.548
1	127	1	4	215	31	1	0.783
1	128	2	1	54	32	1	0.966
1	129	2	3	75	31	1	0.862
1	130	2	3	537	32	0	0.904
1	131	1	4	50	31	1	1.403
1	132	2	3	383	30	1	1.039
1	133	2	1	51	30	0	0.824
1	134	2	1	80	32	1	1.551
1	135	1	2	448	31	0	1.035
1	136	2	3	324	30	1	1.155
1	137	1	2	340	33	1	1.094
1	138	2	1	138	31	0	1.850
1	139	1	4	77	30	1	1.037
1	140	2	1	202	30	0	1.374
1	141	1	4	62	31	1	1.409
1	142	2	1	476	32	1	1.774
1	143	2	1	389	33	1	0.765
1	144	2	1	155	33	1	0.829
1	145	2	3	192	33	0	0.946
1	146	2	3	519	31	1	1.055
1	147	1	2	55	30	0	0.859
1	148	2	3	543	30	1	1.030
1	149	1	4	355	30	1	0.840
1	150	1	4	300	30	1	0.712
1	151	2	3	253	32	0	1.253
1	152	2	1	106	33	1	2.311
1	153	2	1	433	32	1	1.524
1	154	2	1	164	33	1	0.982
1	155	2	3	184	30	1	1.254
1	156	1	4	225	30	1	1.008
1	157	1	4	324	30	1	0.991
1	158	2	1	391	30	0	1.423
1	159	1	2	410	33	1	2.025
1	160	2	3	25	31	1	1.163
1	161	1	4	462	31	1	0.877
1	162	2	1	479	31	0	0.613
1	163	1	4	193	31	1	0.877
1	164	2	3	263	32	0	1.092
1	165	2	3	458	32	0	0.833
1	166	2	1	300	33	1	1.064
1	167	2	3	124	31	1	1.333
1	168	2	3	432	31	1	0.669
1	169	1	4	199	30	1	1.024
1	170	1	4	167	30	1	1.197
1	171	2	3	66	30	1	1.148
1	172	1	4	123	31	1	1.998
