
*********************************************
* Sustained Attention and Recognition Memory Experiment - Memory Test v.1.0
* Date/Time: 01-Nov-2015 14:20:08
* Seed: 207608.7092
* Subject Number: 13
* Subject Name: MV
* Run Number: 1
* debug: 0
*********************************************

1	1	2	4	47	30	1	1.284
1	2	1	1	439	33	1	1.185
1	3	1	1	30	33	1	0.878
1	4	1	3	546	30	1	1.074
1	5	2	4	534	30	1	0.957
1	6	2	2	420	32	1	1.309
1	7	2	2	98	31	0	1.245
1	8	1	3	461	32	0	1.166
1	9	1	1	176	33	1	1.193
1	10	2	2	337	31	0	1.107
1	11	2	4	277	33	0	1.088
1	12	2	2	503	33	1	0.840
1	13	1	3	403	32	0	1.002
1	14	2	2	377	33	1	1.028
1	15	2	2	261	33	1	0.870
1	16	1	3	472	31	1	1.251
1	17	1	1	272	32	1	1.000
1	18	2	2	184	31	0	1.117
1	19	2	2	177	33	1	1.127
1	20	1	3	250	32	0	0.855
1	21	2	4	470	31	1	1.190
1	22	1	3	161	30	1	1.235
1	23	1	3	70	33	0	0.949
1	24	1	1	504	33	1	0.877
1	25	1	1	375	31	0	1.109
1	26	2	4	238	33	0	1.061
1	27	1	3	262	31	1	1.146
1	28	2	4	550	30	1	1.254
1	29	1	3	509	32	0	0.902
1	30	2	4	512	32	0	1.287
1	31	1	3	51	32	0	1.045
1	32	2	2	439	32	1	1.351
1	33	1	1	517	31	0	1.201
1	34	2	4	333	33	0	1.283
1	35	1	3	524	31	1	1.181
1	36	2	2	546	33	1	1.570
1	37	2	2	379	31	0	1.400
1	38	2	4	549	31	1	1.686
1	39	1	1	277	32	1	1.110
1	40	1	3	294	31	1	1.502
1	41	1	3	526	31	1	1.117
1	42	1	1	220	32	1	1.005
1	43	1	1	364	32	1	0.956
1	44	2	2	509	31	0	1.214
1	45	1	1	64	31	0	1.299
1	46	2	4	160	30	1	1.222
1	47	1	3	13	31	1	1.322
1	48	2	4	58	30	1	1.320
1	49	2	2	106	33	1	1.495
1	50	2	4	195	31	1	1.247
1	51	1	3	240	33	0	1.206
1	52	2	4	313	30	1	1.291
1	53	2	4	459	30	1	1.186
1	54	1	1	456	32	1	1.143
1	55	2	2	144	32	1	1.021
1	56	2	4	522	31	1	1.159
1	57	2	2	401	31	0	1.766
1	58	1	3	198	31	1	1.584
1	59	1	1	423	33	1	1.616
1	60	2	2	60	33	1	1.060
1	61	1	1	175	32	1	1.121
1	62	1	1	268	31	0	1.268
1	63	2	4	263	30	1	1.448
1	64	2	4	2	30	1	1.082
1	65	1	3	425	30	1	1.183
1	66	1	3	142	30	1	1.503
1	67	2	4	502	30	1	1.219
1	68	2	4	334	30	1	1.443
1	69	2	2	399	30	0	1.277
1	70	1	3	251	30	1	1.325
1	71	2	4	418	31	1	1.628
1	72	1	1	160	33	1	1.154
1	73	1	3	137	31	1	1.129
1	74	1	3	271	31	1	1.411
1	75	1	1	392	32	1	0.792
1	76	1	3	155	32	0	1.416
1	77	1	3	135	32	0	1.013
1	78	2	2	93	33	1	0.951
1	79	2	2	501	32	1	1.297
1	80	2	2	274	31	0	1.270
1	81	1	1	448	32	1	1.504
1	82	2	2	169	30	0	1.463
1	83	2	2	150	31	0	1.405
1	84	1	3	127	33	0	1.407
1	85	1	1	400	32	1	1.550
1	86	2	4	6	32	0	1.403
1	87	2	4	82	33	0	1.605
1	88	2	4	300	31	1	1.271
1	89	2	4	52	31	1	1.286
1	90	1	1	309	32	1	1.150
1	91	2	4	312	31	1	1.300
1	92	2	4	400	30	1	1.254
1	93	2	2	102	30	0	1.386
1	94	1	1	171	31	0	1.511
1	95	1	3	331	32	0	1.262
1	96	1	3	75	33	0	1.107
1	97	1	1	464	32	1	1.262
1	98	2	2	504	31	0	1.200
1	99	2	2	510	32	1	1.658
1	100	2	2	253	32	1	1.783
1	101	2	2	72	33	1	1.062
1	102	1	1	372	32	1	1.374
1	103	2	2	27	30	0	1.080
1	104	1	3	248	32	0	1.535
1	105	2	4	499	31	1	1.255
1	106	1	1	242	31	0	1.034
1	107	1	1	327	32	1	1.204
1	108	1	3	417	32	0	1.166
1	109	2	2	489	31	0	2.197
1	110	2	2	211	32	1	1.429
1	111	2	2	396	30	0	1.445
1	112	1	3	28	31	1	1.115
1	113	1	3	443	31	1	1.280
1	114	2	4	457	31	1	1.333
1	115	1	1	208	31	0	1.357
1	116	1	3	330	33	0	1.143
1	117	1	3	241	33	0	1.258
1	118	1	1	545	32	1	1.137
1	119	2	2	321	31	0	1.395
1	120	2	2	59	32	1	1.675
1	121	1	1	166	33	1	1.144
1	122	1	3	498	31	1	1.521
1	123	2	2	31	31	0	1.044
1	124	2	4	524	30	1	1.782
1	125	1	3	481	31	1	1.267
1	126	2	4	87	32	0	1.562
1	127	1	1	434	31	0	1.394
1	128	2	4	440	30	1	1.212
1	129	1	3	129	31	1	1.129
1	130	1	3	349	33	0	1.331
1	131	2	2	436	33	1	1.115
1	132	2	4	51	30	1	1.205
1	133	1	3	316	33	0	1.434
1	134	1	1	486	31	0	1.353
1	135	1	1	95	33	1	0.950
1	136	1	1	159	31	0	1.214
1	137	2	4	139	31	1	1.179
1	138	1	1	7	33	1	1.149
1	139	1	1	296	32	1	1.570
1	140	1	1	284	32	1	1.137
1	141	1	3	273	31	1	1.278
1	142	1	1	382	32	1	1.081
1	143	2	4	456	30	1	1.154
1	144	1	3	257	33	0	1.287
1	145	1	3	163	31	1	1.484
1	146	1	3	361	32	0	1.699
1	147	1	1	422	31	0	1.528
1	148	1	3	263	31	1	1.533
1	149	1	1	345	31	0	1.416
1	150	1	3	371	31	1	1.767
1	151	2	4	224	30	1	1.239
1	152	2	2	100	30	0	4.102
1	153	1	1	328	31	0	1.497
1	154	2	4	316	33	0	1.493
1	155	2	4	355	30	1	1.062
1	156	1	1	17	32	1	2.366
1	157	1	3	212	31	1	1.534
1	158	1	1	169	33	1	1.237
1	159	1	3	152	32	0	1.469
1	160	2	2	458	31	0	1.522
1	161	1	1	293	32	1	1.643
1	162	2	2	245	31	0	2.053
1	163	1	1	295	31	0	1.250
1	164	1	3	157	31	1	1.514
1	165	2	4	185	32	0	1.510
1	166	1	1	249	32	1	1.171
1	167	1	3	76	32	0	1.307
1	168	1	3	87	32	0	1.141
1	169	2	2	329	30	0	1.296
1	170	1	1	514	31	0	1.364
1	171	1	3	497	32	0	1.001
1	172	1	1	379	32	1	1.219
1	173	1	1	224	31	0	1.150
1	174	1	1	83	31	0	1.166
1	175	1	1	427	33	1	1.141
1	176	2	4	364	30	1	1.482
1	177	1	3	88	31	1	2.230
1	178	2	4	416	31	1	1.958
1	179	2	2	496	33	1	1.754
1	180	2	4	149	31	1	3.340
1	181	1	1	426	32	1	1.187
1	182	2	2	271	30	0	1.369
