
*********************************************
* Sustained Attention and Recognition Memory Experiment - Sustained Attention Task v.1.0
* Date/Time: 16-Feb-2015 11:55:10
* Seed: 215281.8375
* Subject Number: 72
* Subject Name: JL
* Run Number: 1
* debug: 0
*********************************************

run	trl	tdf	sct	simg	crsp	rsp	acc	rt
1	1	0.004	2	463	11	11	1	0.727
1	2	0.004	2	144	11	11	1	0.545
1	3	0.004	2	203	11	11	1	0.455
1	4	0.004	1	236	13	13	1	0.367
1	5	0.005	2	317	11	13	0	0.424
1	6	0.005	2	123	11	13	0	0.544
1	7	0.005	2	382	11	11	1	0.807
1	8	0.005	1	273	13	13	1	0.816
1	9	0.005	2	247	11	11	1	0.646
1	10	0.006	2	19	11	11	1	0.448
1	11	0.006	1	432	13	13	1	0.534
1	12	0.006	2	148	11	11	1	0.464
1	13	0.006	2	537	11	11	1	0.438
1	14	0.006	2	163	11	11	1	0.415
1	15	0.007	2	264	11	11	1	0.421
1	16	0.007	2	444	11	11	1	0.398
1	17	0.007	2	454	11	11	1	0.455
1	18	0.007	2	313	11	11	1	0.399
1	19	0.007	2	192	11	11	1	0.358
1	20	0.008	1	118	13	11	0	0.334
1	21	0.008	2	366	11	11	1	0.517
1	22	0.008	2	523	11	13	0	0.365
1	23	0.008	1	541	13	NaN	0	NaN
1	24	0.008	2	314	11	11	1	0.732
1	25	0.008	2	245	11	11	1	0.580
1	26	0.009	2	42	11	11	1	0.557
1	27	0.009	2	364	11	11	1	0.628
1	28	0.009	2	386	11	11	1	0.442
1	29	0.009	2	324	11	11	1	0.402
1	30	0.010	2	351	11	11	1	0.411
1	31	0.010	2	170	11	11	1	0.386
1	32	0.010	2	271	11	11	1	0.379
1	33	0.010	2	208	11	11	1	0.291
1	34	0.010	2	275	11	11	1	0.313
1	35	0.010	2	236	11	11	1	0.322
1	36	0.011	2	56	11	11	1	0.345
1	37	0.011	2	287	11	11	1	0.353
1	38	0.011	2	460	11	11	1	0.347
1	39	0.011	2	21	11	11	1	0.417
1	40	0.011	2	114	11	11	1	0.378
1	41	0.012	2	139	11	11	1	0.336
1	42	0.012	2	146	11	11	1	0.314
1	43	0.012	2	157	11	11	1	0.303
1	44	0.012	2	277	11	11	1	0.362
1	45	0.012	2	455	11	11	1	0.288
1	46	0.013	2	137	11	11	1	0.279
1	47	0.013	2	197	11	11	1	0.351
1	48	0.013	2	414	11	11	1	0.280
1	49	0.013	2	258	11	11	1	0.319
1	50	0.013	2	75	11	11	1	0.296
1	51	0.014	1	535	13	11	0	0.287
1	52	0.014	2	198	11	11	1	0.263
1	53	0.014	2	120	11	11	1	0.336
1	54	0.014	2	338	11	11	1	0.375
1	55	0.001	2	417	11	11	1	0.316
1	56	0.001	2	85	11	11	1	0.259
1	57	0.001	1	121	13	11	0	0.218
1	58	0.002	2	365	11	11	1	0.626
1	59	0.002	2	344	11	11	1	0.539
1	60	0.002	2	461	11	11	1	0.420
1	61	0.002	2	125	11	11	1	0.347
1	62	0.002	1	25	13	11	0	0.468
1	63	0.002	2	235	11	11	1	0.491
1	64	0.003	2	514	11	11	1	0.467
1	65	0.003	2	32	11	11	1	0.443
1	66	0.003	1	210	13	13	1	0.562
1	67	0.003	2	116	11	11	1	0.568
1	68	0.003	2	448	11	11	1	0.464
1	69	0.004	2	550	11	11	1	0.520
1	70	0.004	2	9	11	11	1	0.386
1	71	0.004	2	52	11	11	1	0.376
1	72	0.004	2	437	11	11	1	0.399
1	73	0.004	2	128	11	11	1	0.376
1	74	0.005	2	127	11	11	1	0.351
1	75	0.005	2	500	11	11	1	0.361
1	76	0.005	2	35	11	11	1	0.270
1	77	0.005	2	368	11	11	1	0.343
1	78	0.005	2	31	11	11	1	0.430
1	79	0.006	2	421	11	11	1	0.488
1	80	0.006	1	110	13	13	1	0.477
1	81	0.006	2	18	11	11	1	0.376
1	82	0.006	2	527	11	11	1	0.382
1	83	0.006	2	489	11	11	1	0.359
1	84	0.007	2	393	11	11	1	0.349
1	85	0.007	2	549	11	11	1	0.262
1	86	0.007	2	100	11	11	1	0.270
1	87	0.007	1	295	13	11	0	0.324
1	88	0.007	2	291	11	11	1	0.380
1	89	0.008	2	255	11	11	1	0.501
1	90	0.008	2	226	11	11	1	0.397
1	91	0.008	2	379	11	11	1	0.453
1	92	0.008	2	234	11	11	1	0.428
1	93	0.008	2	478	11	11	1	0.404
1	94	0.009	2	524	11	11	1	0.379
1	95	0.009	2	425	11	11	1	0.514
1	96	0.009	2	363	11	11	1	0.362
1	97	0.009	2	355	11	11	1	0.373
1	98	0.009	2	477	11	11	1	0.507
1	99	0.010	2	280	11	11	1	0.596
1	100	0.010	2	155	11	11	1	0.602
1	101	0.010	2	323	11	11	1	0.434
1	102	0.010	2	47	11	11	1	0.395
1	103	0.010	2	209	11	11	1	0.483
1	104	0.010	2	427	11	11	1	0.474
1	105	0.011	2	87	11	11	1	0.418
1	106	0.011	2	445	11	11	1	0.378
1	107	0.011	2	184	11	11	1	0.338
1	108	0.011	2	113	11	11	1	0.392
1	109	0.011	2	356	11	11	1	0.337
1	110	0.012	1	366	13	13	1	0.440
1	111	0.012	2	418	11	11	1	0.418
1	112	0.012	1	66	13	13	1	0.601
1	113	0.012	2	249	11	11	1	0.530
1	114	0.012	2	126	11	11	1	0.471
1	115	0.013	2	165	11	11	1	0.367
1	116	0.013	2	295	11	11	1	0.311
1	117	0.013	2	212	11	11	1	0.272
1	118	0.013	2	539	11	11	1	0.329
1	119	0.013	2	416	11	11	1	0.305
1	120	0.014	2	183	11	11	1	0.232
1	121	0.014	2	60	11	11	1	0.271
1	122	0.014	1	447	13	11	0	0.278
1	123	0.014	2	326	11	11	1	0.397
1	124	0.001	2	442	11	11	1	0.402
1	125	0.001	2	333	11	11	1	0.444
1	126	0.001	2	381	11	11	1	0.643
1	127	0.002	1	528	13	13	1	0.571
1	128	0.002	2	487	11	11	1	0.387
1	129	0.002	1	136	13	11	0	0.411
1	130	0.002	2	64	11	11	1	0.403
1	131	0.002	2	46	11	11	1	0.395
1	132	0.003	2	329	11	11	1	0.483
1	133	0.003	2	218	11	11	1	0.377
1	134	0.003	2	447	11	11	1	0.322
1	135	0.003	2	399	11	11	1	0.457
1	136	0.003	2	484	11	11	1	0.464
1	137	0.003	2	48	11	11	1	0.491
1	138	0.004	2	213	11	11	1	0.369
1	139	0.004	1	186	13	13	1	0.472
1	140	0.004	2	475	11	11	1	0.400
1	141	0.004	2	8	11	11	1	0.327
1	142	0.004	2	78	11	11	1	0.351
1	143	0.005	2	508	11	11	1	0.489
1	144	0.005	2	49	11	11	1	0.399
1	145	0.005	2	179	11	11	1	0.391
1	146	0.005	2	59	11	11	1	0.351
1	147	0.005	2	493	11	11	1	0.376
1	148	0.006	2	303	11	11	1	0.366
1	149	0.006	2	372	11	11	1	0.358
1	150	0.006	2	290	11	11	1	0.255
1	151	0.006	2	6	11	11	1	0.246
1	152	0.006	1	159	13	13	1	0.557
1	153	0.007	2	3	11	11	1	0.421
1	154	0.007	2	378	11	11	1	0.447
1	155	0.007	2	140	11	11	1	0.455
1	156	0.007	2	62	11	11	1	0.366
1	157	0.007	2	330	11	11	1	0.324
1	158	0.008	2	119	11	11	1	0.396
1	159	0.008	2	408	11	11	1	0.326
1	160	0.008	1	234	13	11	0	0.285
1	161	0.008	2	228	11	11	1	0.421
1	162	0.008	2	491	11	11	1	0.331
1	163	0.009	2	410	11	11	1	0.469
1	164	0.009	2	509	11	11	1	0.508
1	165	0.009	2	185	11	11	1	0.341
1	166	0.009	2	312	11	11	1	0.236
1	167	0.009	1	529	13	13	1	0.451
1	168	0.010	2	121	11	11	1	0.410
1	169	0.010	2	215	11	11	1	0.371
1	170	0.010	2	2	11	11	1	0.476
1	171	0.010	2	439	11	11	1	0.498
1	172	0.010	2	189	11	11	1	0.427
1	173	0.010	2	61	11	11	1	0.353
1	174	0.011	2	91	11	11	1	0.345
1	175	0.011	2	496	11	11	1	0.370
1	176	0.011	2	476	11	11	1	0.410
1	177	0.011	2	348	11	11	1	0.386
1	178	0.011	2	273	11	11	1	0.249
1	179	0.012	2	464	11	11	1	0.274
1	180	0.012	2	545	11	11	1	0.281
1	181	0.012	2	318	11	11	1	0.288
1	182	0.012	2	472	11	11	1	0.311
1	183	0.012	1	22	13	13	1	0.399
1	184	0.013	2	28	11	11	1	0.361
1	185	0.013	2	50	11	11	1	0.368
1	186	0.013	2	99	11	11	1	0.328
1	187	0.013	2	540	11	11	1	0.255
1	188	0.013	2	266	11	11	1	0.232
1	189	0.014	2	467	11	11	1	0.190
1	190	0.014	2	331	11	11	1	0.200
1	191	0.014	2	124	11	11	1	0.205
1	192	0.014	2	254	11	11	1	0.199
1	193	0.001	2	149	11	11	1	0.221
1	194	0.001	2	459	11	11	1	0.258
1	195	0.001	2	191	11	11	1	0.283
1	196	0.002	2	94	11	11	1	0.322
1	197	0.002	2	526	11	11	1	0.315
1	198	0.002	2	244	11	11	1	0.275
1	199	0.002	2	122	11	11	1	0.330
1	200	0.002	2	158	11	11	1	0.290
1	201	0.003	2	337	11	11	1	0.283
1	202	0.003	1	349	13	13	1	0.419
1	203	0.003	2	391	11	11	1	0.378
1	204	0.003	2	507	11	11	1	0.384
1	205	0.003	2	504	11	11	1	0.393
1	206	0.004	2	57	11	11	1	0.416
1	207	0.004	2	73	11	11	1	0.568
1	208	0.004	2	130	11	11	1	0.465
1	209	0.004	2	178	11	11	1	0.394
1	210	0.004	2	284	11	11	1	0.367
1	211	0.005	2	473	11	11	1	0.297
1	212	0.005	2	153	11	11	1	0.400
1	213	0.005	1	373	13	13	1	0.422
1	214	0.005	2	428	11	11	1	0.399
1	215	0.005	2	384	11	11	1	0.265
1	216	0.005	2	12	11	11	1	0.288
1	217	0.006	2	261	11	11	1	0.135
1	218	0.006	2	296	11	11	1	0.383
1	219	0.006	2	301	11	11	1	0.216
1	220	0.006	2	360	11	11	1	0.079
1	221	0.006	1	423	13	11	0	0.103
1	222	0.007	2	327	11	11	1	0.399
1	223	0.007	2	546	11	11	1	0.453
1	224	0.007	2	30	11	11	1	0.286
1	225	0.007	2	413	11	11	1	0.581
1	226	0.007	2	536	11	11	1	0.429
1	227	0.008	2	190	11	11	1	0.390
1	228	0.008	2	67	11	11	1	0.414
1	229	0.008	2	398	11	11	1	0.435
1	230	0.008	1	59	13	13	1	0.381
1	231	0.008	2	349	11	11	1	0.308
1	232	0.009	2	388	11	11	1	0.315
1	233	0.009	2	103	11	11	1	0.274
1	234	0.009	2	150	11	11	1	0.251
1	235	0.009	2	308	11	11	1	0.371
1	236	0.009	2	237	11	11	1	0.300
1	237	0.010	2	499	11	11	1	0.292
1	238	0.010	2	431	11	11	1	0.332
1	239	0.010	2	332	11	11	1	0.499
1	240	0.010	1	58	13	13	1	0.490
1	241	0.010	2	252	11	11	1	0.369
1	242	0.010	2	81	11	11	1	0.266
1	243	0.011	1	487	13	11	0	0.115
1	244	0.011	2	93	11	11	1	0.538
1	245	0.011	2	58	11	11	1	0.530
1	246	0.011	2	171	11	11	1	0.443
1	247	0.011	2	7	11	11	1	0.417
1	248	0.012	2	80	11	11	1	0.360
1	249	0.012	2	485	11	11	1	0.353
1	250	0.012	2	108	11	11	1	0.328
1	251	0.012	2	274	11	11	1	0.384
1	252	0.012	2	319	11	11	1	0.359
1	253	0.013	2	276	11	11	1	0.319
1	254	0.013	1	466	13	13	1	0.520
1	255	0.013	2	176	11	11	1	0.351
1	256	0.013	1	383	13	11	0	0.312
1	257	0.013	2	95	11	11	1	0.335
1	258	0.014	1	125	13	11	0	0.263
1	259	0.014	2	498	11	11	1	0.511
1	260	0.014	2	142	11	11	1	0.437
1	261	0.014	2	422	11	11	1	0.383
1	262	0.001	1	492	13	13	1	0.468
1	263	0.001	2	543	11	11	1	0.395
1	264	0.001	1	339	13	13	1	0.372
1	265	0.002	2	506	11	11	1	0.331
1	266	0.002	2	302	11	11	1	0.402
1	267	0.002	2	433	11	11	1	0.425
1	268	0.002	2	97	11	11	1	0.498
1	269	0.002	2	328	11	11	1	0.554
1	270	0.003	2	404	11	11	1	0.497
1	271	0.003	2	446	11	11	1	0.521
1	272	0.003	2	186	11	11	1	0.530
1	273	0.003	2	253	11	11	1	0.409
1	274	0.003	2	415	11	11	1	0.464
1	275	0.003	2	251	11	11	1	0.408
1	276	0.004	2	453	11	11	1	0.369
1	277	0.004	2	216	11	11	1	0.296
1	278	0.004	2	361	11	11	1	0.273
1	279	0.004	2	451	11	11	1	0.393
1	280	0.005	2	202	11	11	1	0.384
1	281	0.005	2	143	11	11	1	0.408
1	282	0.005	2	69	11	11	1	0.449
1	283	0.005	1	310	13	11	0	0.375
1	284	0.005	2	201	11	11	1	0.384
1	285	0.005	2	352	11	11	1	0.392
1	286	0.006	2	494	11	11	1	0.335
1	287	0.006	2	54	11	11	1	0.247
1	288	0.006	2	145	11	11	1	0.287
1	289	0.006	2	70	11	11	1	0.264
1	290	0.006	2	15	11	11	1	0.317
1	291	0.007	2	88	11	11	1	0.343
1	292	0.007	2	180	11	11	1	0.332
1	293	0.007	2	187	11	11	1	0.359
1	294	0.007	2	306	11	11	1	0.365
1	295	0.007	2	541	11	11	1	0.276
1	296	0.008	2	325	11	11	1	0.253
1	297	0.008	2	469	11	11	1	0.262
1	298	0.008	2	449	11	11	1	0.237
1	299	0.008	2	240	11	11	1	0.276
1	300	0.008	2	206	11	11	1	0.251
1	301	0.009	1	268	13	13	1	0.499
1	302	0.009	1	527	13	11	0	0.364
1	303	0.009	1	19	13	13	1	0.498
1	304	0.009	2	279	11	11	1	0.523
1	305	0.009	2	510	11	11	1	0.469
1	306	0.010	2	297	11	11	1	0.507
1	307	0.010	2	424	11	11	1	0.434
1	308	0.010	2	362	11	11	1	0.411
1	309	0.010	2	480	11	11	1	0.387
1	310	0.010	2	529	11	11	1	0.443
1	311	0.010	2	230	11	11	1	0.355
1	312	0.011	2	175	11	11	1	0.395
1	313	0.011	2	530	11	11	1	0.497
1	314	0.011	2	133	11	11	1	0.425
1	315	0.011	2	84	11	11	1	0.402
1	316	0.011	2	20	11	13	0	0.488
1	317	0.012	2	434	11	11	1	0.434
1	318	0.012	1	286	13	13	1	0.504
1	319	0.012	1	513	13	13	1	0.496
1	320	0.012	2	304	11	11	1	0.455
1	321	0.012	2	111	11	11	1	0.479
1	322	0.013	1	469	13	13	1	0.678
1	323	0.013	2	40	11	NaN	0	NaN
1	324	0.013	2	269	11	11	1	0.103
1	325	0.013	2	385	11	11	1	0.367
1	326	0.013	2	538	11	11	1	0.343
1	327	0.014	2	440	11	11	1	0.447
1	328	0.014	2	339	11	11	1	0.615
1	329	0.014	2	515	11	11	1	0.543
1	330	0.014	1	440	13	13	1	0.455
1	331	0.001	2	200	11	11	1	0.428
1	332	0.001	2	221	11	11	1	0.418
1	333	0.001	2	65	11	11	1	0.523
1	334	0.002	2	495	11	11	1	0.436
1	335	0.002	2	486	11	11	1	0.346
1	336	0.002	2	322	11	11	1	0.338
1	337	0.002	2	462	11	11	1	0.235
1	338	0.002	2	512	11	11	1	0.354
1	339	0.003	2	503	11	11	1	0.345
1	340	0.003	2	101	11	11	1	0.291
1	341	0.003	1	285	13	13	1	0.507
1	342	0.003	2	164	11	11	1	0.433
1	343	0.003	2	392	11	11	1	0.488
1	344	0.003	2	25	11	11	1	0.448
1	345	0.004	2	77	11	11	1	0.488
1	346	0.004	2	118	11	11	1	0.416
1	347	0.004	2	22	11	11	1	0.345
1	348	0.004	1	29	13	11	0	0.224
1	349	0.005	2	316	11	11	1	0.600
1	350	0.005	2	110	11	11	1	0.448
1	351	0.005	2	181	11	11	1	0.377
1	352	0.005	2	29	11	11	1	0.431
1	353	0.005	2	367	11	11	1	0.504
1	354	0.005	2	307	11	11	1	0.270
1	355	0.006	2	224	11	11	1	0.279
1	356	0.006	2	232	11	11	1	0.352
1	357	0.006	2	517	11	11	1	0.455
1	358	0.006	2	420	11	11	1	0.366
1	359	0.006	2	429	11	11	1	0.455
1	360	0.007	2	343	11	11	1	0.319
1	361	0.007	2	222	11	11	1	0.279
1	362	0.007	2	387	11	11	1	0.269
1	363	0.007	2	173	11	11	1	0.437
1	364	0.007	2	223	11	11	1	0.381
1	365	0.008	2	335	11	11	1	0.374
1	366	0.008	2	544	11	11	1	0.349
1	367	0.008	2	438	11	11	1	0.468
1	368	0.008	2	374	11	11	1	0.379
1	369	0.008	2	33	11	11	1	0.436
1	370	0.009	2	104	11	11	1	0.283
1	371	0.009	2	39	11	11	1	0.277
1	372	0.009	2	403	11	11	1	0.269
1	373	0.009	2	321	11	11	1	0.242
1	374	0.009	2	286	11	11	1	0.171
1	375	0.010	2	395	11	11	1	0.179
1	376	0.010	2	162	11	11	1	0.186
1	377	0.010	2	34	11	11	1	0.260
1	378	0.010	2	320	11	11	1	0.234
1	379	0.010	2	441	11	11	1	0.258
1	380	0.011	2	214	11	11	1	0.267
1	381	0.011	2	380	11	11	1	0.274
1	382	0.011	1	254	13	11	0	0.219
1	383	0.011	2	72	11	11	1	0.433
1	384	0.011	2	456	11	11	1	0.474
1	385	0.011	1	361	13	13	1	0.528
1	386	0.012	2	168	11	11	1	0.490
1	387	0.012	2	359	11	11	1	0.418
1	388	0.012	2	466	11	11	1	0.328
1	389	0.012	2	13	11	11	1	0.241
1	390	0.012	2	518	11	11	1	0.167
1	391	0.013	2	345	11	11	1	0.097
1	392	0.013	2	204	11	NaN	0	NaN
1	393	0.013	2	470	11	11	1	0.335
1	394	0.013	2	450	11	11	1	0.231
1	395	0.013	2	531	11	11	1	0.207
1	396	0.014	2	528	11	11	1	0.214
1	397	0.014	2	26	11	11	1	0.238
1	398	0.014	2	188	11	11	1	0.296
1	399	0.014	2	397	11	11	1	0.237
1	400	0.001	2	27	11	11	1	0.243
1	401	0.001	2	225	11	11	1	0.202
1	402	0.001	2	159	11	11	1	0.259
1	403	0.002	2	383	11	11	1	0.364
1	404	0.002	2	532	11	11	1	0.420
1	405	0.002	2	458	11	11	1	0.892
1	406	0.002	2	516	11	11	1	0.530
1	407	0.002	2	82	11	11	1	0.427
1	408	0.003	2	513	11	11	1	0.545
1	409	0.003	2	11	11	11	1	0.426
1	410	0.003	2	41	11	11	1	0.386
1	411	0.003	2	471	11	11	1	0.394
1	412	0.003	2	242	11	11	1	0.496
1	413	0.004	2	377	11	11	1	0.361
1	414	0.004	2	79	11	11	1	0.320
1	415	0.004	2	520	11	11	1	0.312
1	416	0.004	2	492	11	11	1	0.305
1	417	0.004	2	195	11	11	1	0.264
1	418	0.005	2	482	11	11	1	0.256
1	419	0.005	2	265	11	11	1	0.279
1	420	0.005	2	166	11	11	1	0.224
1	421	0.005	2	357	11	11	1	0.215
1	422	0.005	2	502	11	11	1	0.238
1	423	0.006	2	112	11	11	1	0.150
1	424	0.006	2	182	11	11	1	0.142
1	425	0.006	2	311	11	11	1	0.199
1	426	0.006	2	86	11	11	1	0.191
1	427	0.006	1	290	13	11	0	0.135
1	428	0.006	2	336	11	11	1	0.398
1	429	0.007	2	394	11	11	1	0.263
1	430	0.007	2	248	11	11	1	0.190
1	431	0.007	2	177	11	11	1	0.053
1	432	0.007	2	154	11	NaN	0	NaN
1	433	0.007	2	161	11	11	1	0.100
1	434	0.008	2	10	11	11	1	0.157
1	435	0.008	2	432	11	11	1	0.214
1	436	0.008	2	435	11	11	1	0.109
1	437	0.008	2	292	11	11	1	0.022
1	438	0.008	2	263	11	11	1	0.171
1	439	0.009	2	483	11	11	1	0.131
1	440	0.009	2	167	11	11	1	0.076
1	441	0.009	1	256	13	11	0	0.244
1	442	0.009	2	68	11	11	1	0.427
1	443	0.009	2	106	11	11	1	0.402
1	444	0.010	2	129	11	11	1	0.364
1	445	0.010	2	246	11	11	1	0.323
1	446	0.010	2	23	11	11	1	0.220
1	447	0.010	2	135	11	11	1	0.242
1	448	0.010	1	130	13	11	0	0.251
1	449	0.011	1	498	13	13	1	0.483
1	450	0.011	2	152	11	11	1	0.489
1	451	0.011	2	14	11	11	1	0.547
1	452	0.011	2	400	11	11	1	0.442
1	453	0.011	2	83	11	11	1	0.401
1	454	0.011	2	373	11	11	1	0.345
1	455	0.012	2	419	11	11	1	0.369
1	456	0.012	2	270	11	11	1	0.409
1	457	0.012	2	231	11	11	1	0.351
1	458	0.012	2	210	11	11	1	0.359
1	459	0.012	1	518	13	13	1	0.448
1	460	0.013	2	44	11	11	1	0.505
1	461	0.013	1	478	13	13	1	0.415
1	462	0.013	2	151	11	11	1	0.439
1	463	0.013	2	490	11	11	1	0.431
1	464	0.013	2	402	11	11	1	0.520
1	465	0.014	2	347	11	11	1	0.416
1	466	0.014	2	172	11	11	1	0.440
1	467	0.014	2	272	11	11	1	0.367
1	468	0.014	2	131	11	11	1	0.341
1	469	0.001	2	117	11	11	1	0.298
1	470	0.001	2	376	11	11	1	0.308
1	471	0.001	2	262	11	11	1	0.268
1	472	0.002	2	76	11	11	1	0.226
1	473	0.002	2	542	11	11	1	0.203
1	474	0.002	2	405	11	11	1	0.193
1	475	0.002	2	239	11	11	1	0.122
1	476	0.002	2	250	11	11	1	0.129
1	477	0.003	2	238	11	11	1	0.105
1	478	0.003	2	547	11	11	1	0.514
1	479	0.003	2	219	11	11	1	0.411
1	480	0.003	2	505	11	11	1	0.627
1	481	0.003	2	511	11	11	1	0.506
1	482	0.004	2	4	11	11	1	0.498
1	483	0.004	2	521	11	11	1	0.440
1	484	0.004	2	193	11	11	1	0.400
1	485	0.004	2	115	11	11	1	0.329
1	486	0.004	2	283	11	11	1	0.305
1	487	0.005	2	474	11	11	1	0.200
1	488	0.005	2	37	11	11	1	0.351
1	489	0.005	2	141	11	11	1	0.310
1	490	0.005	2	259	11	11	1	0.287
1	491	0.005	2	260	11	11	1	0.295
1	492	0.006	2	294	11	11	1	0.239
1	493	0.006	2	43	11	11	1	0.214
1	494	0.006	2	160	11	11	1	0.255
1	495	0.006	2	90	11	11	1	0.277
1	496	0.006	2	354	11	11	1	0.381
1	497	0.006	2	342	11	11	1	0.389
1	498	0.007	2	535	11	11	1	0.383
1	499	0.007	2	375	11	11	1	0.327
1	500	0.007	2	98	11	11	1	0.285

*********************************************
* Sustained Attention and Recognition Memory Experiment - Memory Test v.1.0
* Date/Time: 16-Feb-2015 12:05:29
* Seed: 206866.3799
* Subject Number: 72
* Subject Name: JL
* Run Number: 1
* debug: 0
*********************************************

1	1	2	3	194	31	1	2.359
1	2	1	2	58	33	1	1.688
1	3	2	3	96	31	1	1.637
1	4	1	4	358	30	1	1.477
1	5	1	2	373	31	0	1.944
1	6	1	2	447	33	1	1.643
1	7	2	3	430	32	0	1.987
1	8	2	3	452	31	1	1.203
1	9	1	4	3	30	1	2.449
1	10	2	3	401	33	0	1.569
1	11	2	1	42	31	0	1.229
1	12	1	4	424	30	1	3.759
1	13	1	4	368	31	1	1.668
1	14	2	1	319	32	1	2.409
1	15	1	2	29	32	1	2.771
1	16	2	1	225	32	1	1.040
1	17	1	2	66	32	1	1.214
1	18	2	1	41	31	0	1.747
1	19	1	2	528	31	0	2.678
1	20	1	2	121	30	0	0.902
1	21	1	4	392	30	1	1.751
1	22	2	1	320	32	1	1.653
1	23	2	1	511	33	1	1.330
1	24	1	2	498	33	1	1.073
1	25	2	1	202	32	1	1.068
1	26	2	1	164	32	1	1.141
1	27	1	2	254	31	0	2.009
1	28	2	1	65	30	0	1.064
1	29	2	3	481	32	0	3.616
1	30	1	2	236	32	1	2.717
1	31	1	2	361	33	1	0.877
1	32	2	1	143	31	0	1.535
1	33	1	4	275	30	1	1.218
1	34	2	3	443	32	0	2.818
1	35	1	2	527	32	1	1.974
1	36	1	2	383	33	1	1.120
1	37	2	3	205	33	0	1.696
1	38	1	2	136	33	1	1.486
1	39	2	1	449	32	1	3.517
1	40	1	2	469	30	0	1.128
1	41	1	2	423	31	0	1.880
1	42	1	4	149	30	1	1.481
1	43	1	2	59	31	0	1.359
1	44	2	3	522	31	1	1.271
1	45	1	4	13	31	1	1.374
1	46	2	1	145	30	0	2.287
1	47	2	1	294	31	0	4.471
1	48	2	3	217	32	0	1.172
1	49	1	2	492	32	1	1.258
1	50	2	3	488	33	0	0.986
1	51	1	2	22	33	1	1.037
1	52	1	2	234	31	0	1.747
1	53	1	4	327	30	1	0.945
1	54	1	4	53	30	1	1.333
1	55	1	4	455	30	1	0.883
1	56	1	4	264	32	0	2.719
1	57	2	1	159	32	1	0.818
1	58	1	2	273	31	0	1.215
1	59	2	1	416	32	1	1.569
1	60	2	3	334	31	1	1.617
1	61	1	2	285	33	1	0.821
1	62	2	3	350	32	0	1.240
1	63	2	1	193	33	1	0.928
1	64	2	3	281	31	1	1.153
1	65	1	2	366	33	1	1.160
1	66	2	1	375	33	1	1.426
1	67	1	4	537	30	1	0.921
1	68	2	3	309	32	0	1.687
1	69	1	4	497	30	1	0.988
1	70	1	2	290	32	1	1.213
1	71	2	1	110	31	0	0.999
1	72	2	1	6	31	0	1.687
1	73	1	4	67	30	1	0.718
1	74	1	4	306	30	1	2.846
1	75	2	1	180	31	0	1.404
1	76	2	3	138	31	1	0.868
1	77	1	4	62	32	0	2.384
1	78	1	2	487	31	0	0.951
1	79	1	2	478	33	1	1.089
1	80	1	2	125	32	1	2.429
1	81	1	4	341	33	0	1.376
1	82	1	4	311	31	1	1.257
1	83	2	1	197	32	1	1.048
1	84	2	3	519	32	0	1.703
1	85	1	4	190	31	1	1.236
1	86	1	2	130	33	1	0.787
1	87	2	3	169	33	0	0.940
1	88	1	4	176	30	1	0.855
1	89	2	1	224	33	1	1.110
1	90	2	3	243	32	0	1.076
1	91	1	2	256	31	0	1.068
1	92	1	2	339	33	1	1.086
1	93	1	2	541	32	1	7.639
1	94	2	3	341	32	0	1.962
1	95	1	2	268	33	1	1.318
1	96	1	4	511	31	1	1.470
1	97	1	4	287	30	1	2.036
1	98	1	2	513	33	1	0.845
1	99	2	3	92	32	0	1.152
1	100	1	2	535	31	0	1.349
1	101	2	1	238	33	1	0.947
1	102	1	4	457	31	1	1.245
1	103	1	4	505	30	1	2.154
1	104	1	4	515	30	1	2.062
1	105	2	1	78	32	1	1.207
1	106	1	2	186	31	0	0.978
1	107	1	2	19	33	1	1.497
1	108	2	3	268	33	0	1.712
1	109	1	4	312	31	1	0.923
1	110	1	2	432	30	0	1.241
1	111	2	3	412	31	1	1.271
1	112	2	1	302	32	1	0.917
1	113	2	3	468	31	1	1.091
1	114	2	3	358	32	0	1.045
1	115	2	1	494	31	0	1.570
1	116	2	1	123	32	1	1.039
1	117	1	2	349	33	1	1.121
1	118	1	2	286	33	1	1.239
1	119	2	3	465	31	1	2.036
1	120	1	4	448	30	1	1.162
1	121	1	4	80	30	1	0.831
1	122	2	1	176	31	0	1.808
1	123	2	3	370	31	1	1.214
1	124	1	2	310	32	1	2.335
1	125	2	1	20	32	1	1.797
1	126	1	2	159	31	0	2.529
1	127	1	2	25	33	1	1.030
1	128	2	1	179	33	1	0.806
1	129	1	2	529	30	0	1.173
1	130	2	1	213	31	0	0.918
1	131	2	1	408	31	0	1.090
1	132	2	3	17	32	0	1.615
1	133	2	3	102	30	1	3.763
1	134	1	4	12	30	1	1.895
1	135	1	4	317	31	1	1.085
1	136	2	3	220	32	0	0.962
1	137	2	1	463	32	1	0.937
1	138	1	4	32	31	1	0.966
1	139	2	1	19	30	0	1.277
1	140	1	2	118	30	0	1.592
1	141	1	2	295	31	0	0.991
1	142	1	4	328	31	1	1.265
1	143	2	3	89	32	0	1.953
1	144	2	3	51	31	1	0.984
1	145	1	4	109	32	0	1.052
1	146	1	4	85	32	0	0.821
1	147	2	1	155	33	1	1.088
1	148	2	3	174	31	1	0.941
1	149	1	4	271	33	0	1.295
1	150	2	1	363	32	1	1.155
1	151	2	3	109	31	1	1.503
1	152	1	4	246	31	1	1.423
1	153	2	3	411	33	0	1.199
1	154	2	3	426	33	0	0.919
1	155	1	4	403	30	1	0.897
1	156	2	3	55	31	1	1.144
1	157	1	4	503	30	1	0.861
1	158	2	3	310	32	0	1.224
1	159	2	1	385	32	1	1.060
1	160	2	1	94	31	0	1.096
1	161	1	4	412	31	1	3.821
1	162	1	4	276	31	1	1.286
1	163	1	4	248	30	1	1.212
1	164	1	4	436	31	1	0.931
1	165	2	3	293	32	0	1.055
1	166	1	4	51	31	1	1.394
1	167	2	1	509	33	1	0.758
1	168	2	3	257	32	0	0.927
1	169	2	1	374	33	1	0.544
1	170	1	2	466	33	1	0.879
1	171	2	3	396	33	0	0.671
1	172	2	1	489	31	0	0.822
1	173	2	3	407	30	1	0.871
1	174	2	3	233	31	1	1.144
1	175	1	4	288	32	0	0.798
1	176	2	3	534	32	0	0.864
1	177	2	1	228	32	1	1.170
1	178	2	3	299	31	1	1.793
1	179	1	2	518	33	1	0.823
1	180	2	3	53	32	0	0.973
1	181	2	1	424	33	1	0.984
1	182	2	1	364	32	1	1.004
1	183	1	4	510	32	0	1.040
1	184	2	3	289	32	0	1.203
1	185	2	1	365	31	0	1.096
1	186	2	1	223	32	1	1.395
1	187	1	2	440	31	0	1.526
1	188	2	3	525	30	1	2.333
1	189	2	1	413	31	0	0.925
1	190	2	3	207	33	0	1.610
1	191	1	4	279	30	1	1.468
1	192	1	4	177	31	1	1.282
1	193	2	1	250	31	0	1.649
1	194	2	3	229	32	0	2.093
1	195	2	1	182	31	0	2.085
1	196	1	4	241	32	0	1.183
1	197	1	2	210	30	0	1.347
1	198	2	1	254	32	1	1.158
1	199	1	2	110	33	1	0.784
1	200	1	4	362	31	1	1.007
