
*********************************************
* Sustained Attention and Recognition Memory Experiment - Sustained Attention Task v.1.0
* Date/Time: 13-Nov-2015 11:57:16
* Seed: 216500.5192
* Subject Number: 21
* Subject Name: AS
* Run Number: 1
* debug: 0
*********************************************

run	trl	tdf	sct	simg	crsp	rsp	acc	rt
1	1	0.013	1	347	11	13	0	0.582
1	2	0.013	1	30	11	11	1	0.678
1	3	0.013	1	441	11	11	1	0.598
1	4	0.013	1	394	11	11	1	0.502
1	5	0.013	1	128	11	11	1	0.470
1	6	0.013	1	216	11	11	1	0.389
1	7	0.014	1	199	11	11	1	0.381
1	8	0.014	1	444	11	11	1	0.398
1	9	0.014	1	3	11	11	1	0.413
1	10	0.001	1	333	11	11	1	0.354
1	11	0.001	1	279	11	11	1	0.370
1	12	0.001	1	89	11	11	1	0.410
1	13	0.002	1	208	11	11	1	0.393
1	14	0.002	1	460	11	11	1	0.362
1	15	0.002	1	220	11	11	1	0.473
1	16	0.002	1	498	11	11	1	0.433
1	17	0.002	2	433	13	13	1	0.577
1	18	0.002	1	381	11	11	1	0.497
1	19	0.003	1	499	11	11	1	0.537
1	20	0.003	1	15	11	11	1	0.488
1	21	0.003	1	240	11	11	1	0.552
1	22	0.003	1	458	11	11	1	0.512
1	23	0.003	1	542	11	11	1	0.512
1	24	0.004	1	338	11	11	1	0.376
1	25	0.004	2	378	13	13	1	0.511
1	26	0.004	1	159	11	11	1	0.510
1	27	0.004	1	487	11	11	1	0.494
1	28	0.004	1	433	11	11	1	0.446
1	29	0.004	1	380	11	11	1	0.350
1	30	0.005	1	351	11	11	1	0.382
1	31	0.005	2	515	13	11	0	0.358
1	32	0.005	1	131	11	11	1	0.374
1	33	0.005	1	442	11	11	1	0.358
1	34	0.006	1	486	11	11	1	0.325
1	35	0.006	1	37	11	11	1	0.301
1	36	0.006	1	385	11	11	1	0.277
1	37	0.006	2	270	13	11	0	0.213
1	38	0.006	1	233	11	11	1	0.309
1	39	0.007	1	528	11	11	1	0.340
1	40	0.007	1	54	11	11	1	0.324
1	41	0.007	1	511	11	11	1	0.364
1	42	0.007	1	282	11	11	1	0.364
1	43	0.007	1	255	11	11	1	0.483
1	44	0.008	2	476	13	11	0	0.355
1	45	0.008	1	223	11	11	1	0.540
1	46	0.008	1	237	11	11	1	0.595
1	47	0.008	1	91	11	11	1	0.555
1	48	0.008	1	292	11	11	1	0.555
1	49	0.008	1	323	11	11	1	0.554
1	50	0.009	1	296	11	11	1	0.530
1	51	0.009	2	516	13	13	1	0.482
1	52	0.009	1	476	11	11	1	0.698
1	53	0.009	1	392	11	11	1	0.593
1	54	0.009	1	425	11	11	1	0.545
1	55	0.010	2	239	13	13	1	0.569
1	56	0.010	1	257	11	11	1	0.513
1	57	0.010	1	69	11	11	1	0.513
1	58	0.010	1	414	11	11	1	0.472
1	59	0.010	1	8	11	11	1	0.457
1	60	0.010	1	274	11	11	1	0.472
1	61	0.011	1	34	11	11	1	0.424
1	62	0.011	1	470	11	11	1	0.464
1	63	0.011	1	141	11	11	1	0.520
1	64	0.011	1	411	11	11	1	0.520
1	65	0.011	1	512	11	11	1	0.536
1	66	0.012	1	420	11	11	1	0.583
1	67	0.012	1	170	11	11	1	0.655
1	68	0.012	1	305	11	11	1	0.583
1	69	0.012	2	508	13	13	1	0.615
1	70	0.013	1	445	11	11	1	0.662
1	71	0.013	1	47	11	11	1	0.678
1	72	0.013	1	114	11	11	1	0.654
1	73	0.013	2	221	13	11	0	0.582
1	74	0.013	1	374	11	NaN	0	NaN
1	75	0.013	1	50	11	11	1	0.646
1	76	0.014	1	224	11	11	1	0.526
1	77	0.014	1	82	11	11	1	0.525
1	78	0.014	1	210	11	11	1	0.573
1	79	0.001	1	348	11	11	1	0.586
1	80	0.001	1	66	11	11	1	0.594
1	81	0.001	1	64	11	11	1	0.681
1	82	0.001	1	77	11	11	1	0.769
1	83	0.002	2	61	13	13	1	0.601
1	84	0.002	1	262	11	11	1	0.481
1	85	0.002	1	416	11	11	1	0.529
1	86	0.002	1	519	11	11	1	0.512
1	87	0.002	1	214	11	11	1	0.521
1	88	0.003	1	250	11	11	1	0.528
1	89	0.003	1	25	11	11	1	0.472
1	90	0.003	1	168	11	11	1	0.632
1	91	0.003	1	289	11	11	1	0.496
1	92	0.003	1	321	11	11	1	0.480
1	93	0.004	1	187	11	11	1	0.391
1	94	0.004	2	391	13	11	0	0.375
1	95	0.004	1	340	11	11	1	0.815
1	96	0.004	1	272	11	11	1	0.583
1	97	0.004	1	188	11	11	1	0.551
1	98	0.005	1	549	11	11	1	0.542
1	99	0.005	1	357	11	11	1	0.582
1	100	0.005	1	490	11	11	1	0.558
1	101	0.005	1	302	11	11	1	0.550
1	102	0.005	1	203	11	11	1	0.485
1	103	0.005	1	332	11	11	1	0.469
1	104	0.006	1	358	11	11	1	0.485
1	105	0.006	1	265	11	11	1	0.581
1	106	0.006	1	236	11	11	1	0.557
1	107	0.006	1	4	11	11	1	0.653
1	108	0.007	1	127	11	11	1	0.740
1	109	0.007	1	447	11	11	1	0.812
1	110	0.007	2	384	13	13	1	0.588
1	111	0.007	1	31	11	11	1	0.652
1	112	0.007	1	481	11	11	1	0.644
1	113	0.008	1	450	11	11	1	0.676
1	114	0.008	1	212	11	11	1	0.867
1	115	0.008	2	504	13	13	1	0.739
1	116	0.008	1	58	11	11	1	0.579
1	117	0.008	1	164	11	11	1	0.643
1	118	0.008	1	56	11	11	1	0.650
1	119	0.009	1	191	11	11	1	0.530
1	120	0.009	1	71	11	11	1	0.602
1	121	0.009	1	468	11	11	1	0.618
1	122	0.009	1	320	11	11	1	0.465
1	123	0.009	1	453	11	NaN	0	NaN
1	124	0.010	1	276	11	11	1	0.105
1	125	0.010	2	132	13	11	0	0.385
1	126	0.010	1	435	11	11	1	0.865
1	127	0.010	1	83	11	11	1	0.656
1	128	0.010	1	145	11	11	1	0.424
1	129	0.011	1	432	11	11	1	0.336
1	130	0.011	2	430	13	13	1	0.553
1	131	0.011	1	465	11	11	1	0.720
1	132	0.011	1	190	11	11	1	0.568
1	133	0.011	1	278	11	11	1	0.576
1	134	0.012	1	387	11	11	1	0.567
1	135	0.012	1	531	11	11	1	0.527
1	136	0.012	1	153	11	11	1	0.567
1	137	0.012	1	451	11	11	1	0.454
1	138	0.012	1	275	11	11	1	0.471
1	139	0.013	1	44	11	11	1	0.462
1	140	0.013	2	314	13	13	1	0.686
1	141	0.013	1	396	11	11	1	0.566
1	142	0.013	1	94	11	11	1	0.534
1	143	0.013	1	200	11	11	1	0.469
1	144	0.013	1	52	11	11	1	0.581
1	145	0.014	1	184	11	11	1	0.557
1	146	0.014	1	354	11	11	1	0.477
1	147	0.014	1	110	11	11	1	0.461
1	148	0.001	1	479	11	11	1	0.530
1	149	0.001	1	81	11	11	1	0.498
1	150	0.001	1	337	11	11	1	0.466
1	151	0.001	1	439	11	11	1	0.449
1	152	0.002	2	327	13	11	0	0.553
1	153	0.002	1	540	11	NaN	0	NaN
1	154	0.002	1	516	11	11	1	0.825
1	155	0.002	1	59	11	11	1	0.889
1	156	0.003	2	424	13	13	1	0.840
1	157	0.003	1	421	11	11	1	0.616
1	158	0.003	1	17	11	11	1	0.568
1	159	0.003	1	253	11	11	1	0.584
1	160	0.003	1	534	11	11	1	0.536
1	161	0.003	1	258	11	11	1	0.559
1	162	0.004	1	346	11	11	1	0.671
1	163	0.004	1	383	11	11	1	0.631
1	164	0.004	1	271	11	13	0	0.815
1	165	0.004	1	449	11	NaN	0	NaN
1	166	0.004	1	359	11	11	1	0.230
1	167	0.005	1	122	11	11	1	0.558
1	168	0.005	2	526	13	13	1	0.678
1	169	0.005	1	88	11	11	1	0.558
1	170	0.005	1	431	11	11	1	0.510
1	171	0.005	1	162	11	11	1	0.598
1	172	0.006	1	267	11	11	1	0.525
1	173	0.006	1	368	11	11	1	0.525
1	174	0.006	1	467	11	11	1	0.485
1	175	0.006	1	471	11	11	1	0.525
1	176	0.006	1	364	11	11	1	0.532
1	177	0.007	1	456	11	11	1	0.477
1	178	0.007	1	130	11	11	1	0.453
1	179	0.007	1	24	11	11	1	0.484
1	180	0.007	2	227	13	13	1	0.572
1	181	0.007	1	532	11	11	1	0.580
1	182	0.008	1	515	11	11	1	0.524
1	183	0.008	1	283	11	11	1	0.539
1	184	0.008	1	57	11	11	1	0.499
1	185	0.008	1	448	11	11	1	0.690
1	186	0.008	1	256	11	11	1	0.618
1	187	0.009	1	192	11	11	1	0.603
1	188	0.009	1	507	11	11	1	0.594
1	189	0.009	1	399	11	11	1	0.561
1	190	0.009	1	316	11	11	1	0.521
1	191	0.009	1	249	11	11	1	0.457
1	192	0.009	1	418	11	11	1	0.577
1	193	0.010	1	218	11	11	1	0.561
1	194	0.010	1	466	11	11	1	0.577
1	195	0.010	1	48	11	11	1	0.585
1	196	0.010	1	413	11	11	1	0.560
1	197	0.010	1	402	11	11	1	0.544
1	198	0.010	1	260	11	11	1	0.552
1	199	0.011	1	412	11	11	1	0.576
1	200	0.011	1	151	11	11	1	0.600
1	201	0.011	1	363	11	11	1	0.600
1	202	0.011	1	217	11	11	1	0.680
1	203	0.012	1	480	11	11	1	0.648
1	204	0.012	1	523	11	11	1	0.799
1	205	0.012	1	32	11	11	1	0.791
1	206	0.012	2	502	13	NaN	0	NaN
1	207	0.012	1	390	11	11	1	0.726
1	208	0.012	1	45	11	11	1	0.607
1	209	0.013	1	307	11	11	1	0.718
1	210	0.013	1	109	11	11	1	0.870
1	211	0.013	1	318	11	11	1	0.670
1	212	0.013	2	68	13	13	1	0.638
1	213	0.013	1	353	11	11	1	0.622
1	214	0.014	1	324	11	11	1	0.549
1	215	0.014	1	496	11	11	1	0.462
1	216	0.014	1	134	11	11	1	0.557
1	217	0.001	1	55	11	11	1	0.618
1	218	0.001	1	294	11	11	1	0.618
1	219	0.001	1	382	11	11	1	0.633
1	220	0.002	1	328	11	11	1	0.658
1	221	0.002	1	398	11	11	1	0.617
1	222	0.002	1	22	11	11	1	0.537
1	223	0.002	1	369	11	11	1	0.417
1	224	0.002	1	173	11	11	1	0.408
1	225	0.003	2	398	13	11	0	0.344
1	226	0.003	1	311	11	11	1	0.665
1	227	0.003	1	372	11	11	1	0.808
1	228	0.003	1	288	11	11	1	0.888
1	229	0.003	2	230	13	13	1	0.823
1	230	0.003	1	46	11	11	1	0.720
1	231	0.004	1	522	11	11	1	0.656
1	232	0.004	1	535	11	11	1	0.703
1	233	0.004	1	400	11	11	1	0.711
1	234	0.004	1	189	11	11	1	0.783
1	235	0.004	1	301	11	NaN	0	NaN
1	236	0.005	1	538	11	NaN	0	NaN
1	237	0.005	2	276	13	13	1	0.806
1	238	0.005	1	72	11	11	1	0.686
1	239	0.005	1	98	11	11	1	0.606
1	240	0.005	1	6	11	11	1	0.597
1	241	0.006	1	509	11	11	1	0.541
1	242	0.006	1	293	11	11	1	0.614
1	243	0.006	1	225	11	11	1	0.533
1	244	0.006	1	281	11	11	1	0.501
1	245	0.006	1	144	11	11	1	0.509
1	246	0.007	2	226	13	13	1	0.628
1	247	0.007	1	165	11	11	1	0.524
1	248	0.007	1	518	11	11	1	0.444
1	249	0.007	1	49	11	11	1	0.500
1	250	0.007	2	150	13	13	1	0.612
1	251	0.007	1	300	11	11	1	0.476
1	252	0.008	1	65	11	11	1	0.443
1	253	0.008	1	11	11	11	1	0.491
1	254	0.008	2	449	13	11	0	0.547
1	255	0.008	1	90	11	NaN	0	NaN
1	256	0.009	1	317	11	11	1	0.155
1	257	0.009	1	158	11	11	1	0.530
1	258	0.009	2	374	13	13	1	0.746
1	259	0.009	1	287	11	11	1	0.521
1	260	0.009	1	370	11	11	1	0.498
1	261	0.009	1	117	11	11	1	0.649
1	262	0.010	1	171	11	11	1	0.538
1	263	0.010	1	506	11	11	1	0.625
1	264	0.010	1	219	11	11	1	0.505
1	265	0.010	1	550	11	11	1	0.785
1	266	0.010	1	541	11	11	1	0.601
1	267	0.010	1	501	11	11	1	0.633
1	268	0.011	1	455	11	11	1	0.712
1	269	0.011	1	163	11	11	1	0.536
1	270	0.011	1	494	11	11	1	0.448
1	271	0.011	1	209	11	11	1	0.407
1	272	0.012	2	317	13	11	0	0.511
1	273	0.012	1	295	11	11	1	0.783
1	274	0.012	1	361	11	11	1	0.647
1	275	0.012	1	139	11	11	1	0.807
1	276	0.012	1	497	11	11	1	0.838
1	277	0.013	2	478	13	13	1	0.695
1	278	0.013	1	40	11	11	1	0.574
1	279	0.013	1	43	11	11	1	0.510
1	280	0.013	1	403	11	11	1	0.606
1	281	0.013	1	290	11	11	1	0.710
1	282	0.013	1	344	11	11	1	0.661
1	283	0.014	1	42	11	11	1	0.653
1	284	0.014	1	268	11	11	1	0.701
1	285	0.014	1	546	11	11	1	0.685
1	286	0.001	1	215	11	11	1	0.522
1	287	0.001	1	309	11	11	1	0.538
1	288	0.001	1	533	11	11	1	0.505
1	289	0.002	1	33	11	11	1	0.545
1	290	0.002	1	409	11	11	1	0.489
1	291	0.002	2	224	13	13	1	0.513
1	292	0.002	1	196	11	11	1	0.488
1	293	0.002	1	234	11	11	1	0.441
1	294	0.003	1	373	11	11	1	0.369
1	295	0.003	2	263	13	13	1	0.600
1	296	0.003	1	280	11	11	1	0.393
1	297	0.003	1	68	11	11	1	0.503
1	298	0.003	1	129	11	11	1	0.488
1	299	0.004	2	301	13	11	0	0.520
1	300	0.004	1	241	11	11	1	0.767
1	301	0.004	1	544	11	11	1	0.623
1	302	0.004	1	176	11	11	1	0.583
1	303	0.004	1	97	11	11	1	0.543
1	304	0.004	1	157	11	11	1	0.479
1	305	0.005	1	504	11	11	1	0.542
1	306	0.005	1	21	11	11	1	0.542
1	307	0.005	1	186	11	11	1	0.502
1	308	0.005	1	277	11	11	1	0.574
1	309	0.005	1	510	11	11	1	0.598
1	310	0.006	1	438	11	11	1	0.613
1	311	0.006	1	269	11	11	1	0.765
1	312	0.006	1	193	11	11	1	0.789
1	313	0.006	1	349	11	11	1	0.716
1	314	0.006	2	282	13	11	0	0.837
1	315	0.007	1	459	11	NaN	0	NaN
1	316	0.007	1	457	11	11	1	0.092
1	317	0.007	1	343	11	11	1	0.340
1	318	0.007	2	342	13	11	0	0.444
1	319	0.007	1	367	11	11	1	0.539
1	320	0.008	1	63	11	11	1	0.475
1	321	0.008	1	261	11	NaN	0	NaN
1	322	0.008	1	336	11	NaN	0	NaN
1	323	0.008	2	456	13	11	0	0.179
1	324	0.008	1	500	11	11	1	0.394
1	325	0.009	1	342	11	11	1	0.346
1	326	0.009	1	389	11	11	1	0.330
1	327	0.009	2	289	13	11	0	0.298
1	328	0.009	1	423	11	11	1	0.442
1	329	0.009	1	454	11	11	1	0.426
1	330	0.009	1	18	11	11	1	0.386
1	331	0.010	2	362	13	11	0	0.442
1	332	0.010	1	428	11	11	1	0.473
1	333	0.010	1	27	11	11	1	0.544
1	334	0.010	1	243	11	11	1	0.489
1	335	0.010	1	239	11	11	1	0.529
1	336	0.011	1	104	11	11	1	0.513
1	337	0.011	1	179	11	11	1	0.616
1	338	0.011	1	108	11	11	1	0.672
1	339	0.011	1	201	11	11	1	0.759
1	340	0.011	1	377	11	11	1	0.600
1	341	0.011	1	211	11	11	1	0.456
1	342	0.012	1	474	11	11	1	0.471
1	343	0.012	1	493	11	11	1	0.487
1	344	0.012	1	242	11	11	1	0.519
1	345	0.012	1	181	11	11	1	0.606
1	346	0.013	1	84	11	11	1	0.486
1	347	0.013	1	183	11	11	1	0.390
1	348	0.013	1	270	11	11	1	0.350
1	349	0.013	1	502	11	11	1	0.421
1	350	0.013	1	41	11	11	1	0.406
1	351	0.013	1	96	11	11	1	0.454
1	352	0.014	1	150	11	11	1	0.429
1	353	0.014	1	335	11	11	1	0.405
1	354	0.014	1	174	11	11	1	0.405
1	355	0.001	1	508	11	11	1	0.418
1	356	0.001	1	513	11	11	1	0.578
1	357	0.001	1	14	11	11	1	0.594
1	358	0.002	1	207	11	11	1	0.497
1	359	0.002	1	155	11	11	1	0.562
1	360	0.002	1	195	11	11	1	0.505
1	361	0.002	1	417	11	11	1	0.409
1	362	0.002	1	93	11	11	1	0.376
1	363	0.003	1	483	11	11	1	0.416
1	364	0.003	1	221	11	11	1	0.712
1	365	0.003	1	73	11	11	1	0.624
1	366	0.003	1	61	11	11	1	0.543
1	367	0.003	1	105	11	11	1	0.544
1	368	0.003	1	120	11	11	1	0.560
1	369	0.004	1	298	11	11	1	0.575
1	370	0.004	1	99	11	11	1	0.535
1	371	0.004	1	536	11	11	1	0.543
1	372	0.004	1	273	11	11	1	0.535
1	373	0.004	1	28	11	11	1	0.590
1	374	0.005	1	401	11	11	1	0.454
1	375	0.005	1	484	11	11	1	0.454
1	376	0.005	1	397	11	11	1	0.470
1	377	0.005	1	547	11	11	1	0.486
1	378	0.005	1	154	11	11	1	0.501
1	379	0.006	1	482	11	11	1	0.485
1	380	0.006	1	136	11	11	1	0.517
1	381	0.006	1	87	11	11	1	0.525
1	382	0.006	1	222	11	11	1	0.485
1	383	0.006	1	67	11	11	1	0.460
1	384	0.007	1	537	11	11	1	0.468
1	385	0.007	1	492	11	11	1	0.492
1	386	0.007	1	140	11	11	1	0.451
1	387	0.007	1	548	11	11	1	0.396
1	388	0.007	1	325	11	11	1	0.411
1	389	0.007	1	60	11	11	1	0.436
1	390	0.008	1	530	11	11	1	0.419
1	391	0.008	1	393	11	11	1	0.531
1	392	0.008	1	132	11	11	1	0.499
1	393	0.008	1	112	11	11	1	0.482
1	394	0.009	1	7	11	11	1	0.571
1	395	0.009	1	161	11	11	1	0.683
1	396	0.009	1	169	11	11	1	0.706
1	397	0.009	1	172	11	11	1	0.633
1	398	0.009	1	291	11	11	1	0.570
1	399	0.009	1	463	11	11	1	0.489
1	400	0.010	1	395	11	11	1	0.409
1	401	0.010	1	115	11	11	1	0.481
1	402	0.010	1	246	11	11	1	0.433
1	403	0.010	1	78	11	11	1	0.512
1	404	0.010	1	194	11	11	1	0.472
1	405	0.011	1	138	11	11	1	0.425
1	406	0.011	1	286	11	11	1	0.504
1	407	0.011	1	464	11	11	1	0.488
1	408	0.011	1	306	11	11	1	0.488
1	409	0.011	1	113	11	11	1	0.559
1	410	0.012	1	310	11	11	1	0.559
1	411	0.012	1	314	11	11	1	0.575
1	412	0.012	1	228	11	11	1	0.503
1	413	0.012	1	95	11	11	1	0.647
1	414	0.012	1	149	11	11	1	0.575
1	415	0.012	1	251	11	11	1	0.550
1	416	0.013	1	231	11	11	1	0.622
1	417	0.013	1	322	11	11	1	0.654
1	418	0.013	1	297	11	11	1	0.686
1	419	0.013	1	422	11	11	1	0.766
1	420	0.013	2	447	13	13	1	0.662
1	421	0.014	1	116	11	11	1	0.637
1	422	0.014	1	462	11	11	1	0.661
1	423	0.014	1	375	11	11	1	0.581
1	424	0.001	1	366	11	11	1	0.698
1	425	0.001	1	330	11	11	1	0.698
1	426	0.001	1	517	11	11	1	0.666
1	427	0.002	2	334	13	13	1	0.762
1	428	0.002	1	36	11	11	1	0.593
1	429	0.002	1	226	11	11	1	0.569
1	430	0.002	1	143	11	11	1	0.592
1	431	0.002	1	259	11	11	1	0.712
1	432	0.003	1	410	11	11	1	0.584
1	433	0.003	1	469	11	11	1	0.513
1	434	0.003	1	23	11	11	1	0.528
1	435	0.003	1	102	11	11	1	0.495
1	436	0.003	1	53	11	11	1	0.448
1	437	0.004	1	62	11	11	1	0.344
1	438	0.004	1	371	11	11	1	0.367
1	439	0.004	1	312	11	11	1	0.431
1	440	0.004	1	331	11	11	1	0.446
1	441	0.004	1	434	11	11	1	0.535
1	442	0.004	1	424	11	11	1	0.534
1	443	0.005	1	86	11	11	1	0.534
1	444	0.005	1	436	11	11	1	0.478
1	445	0.005	1	514	11	11	1	0.542
1	446	0.005	1	238	11	11	1	0.613
1	447	0.005	1	264	11	11	1	0.653
1	448	0.006	1	10	11	11	1	0.605
1	449	0.006	1	545	11	11	1	0.629
1	450	0.006	1	2	11	11	1	0.733
1	451	0.006	1	51	11	11	1	0.604
1	452	0.006	1	365	11	11	1	0.477
1	453	0.007	1	39	11	11	1	0.492
1	454	0.007	1	135	11	11	1	0.420
1	455	0.007	2	10	13	11	0	0.324
1	456	0.007	1	9	11	11	1	0.596
1	457	0.007	1	491	11	11	1	0.548
1	458	0.008	2	414	13	13	1	0.723
1	459	0.008	1	360	11	11	1	0.619
1	460	0.008	2	355	13	13	1	0.571
1	461	0.008	1	177	11	11	1	0.483
1	462	0.008	1	103	11	11	1	0.442
1	463	0.009	1	520	11	11	1	0.418
1	464	0.009	1	247	11	11	1	0.434
1	465	0.009	1	524	11	11	1	0.410
1	466	0.009	1	79	11	11	1	0.394
1	467	0.009	1	229	11	11	1	0.362
1	468	0.009	1	327	11	11	1	0.497
1	469	0.010	1	76	11	11	1	0.577
1	470	0.010	1	197	11	NaN	0	NaN
1	471	0.010	1	230	11	11	1	0.617
1	472	0.010	2	225	13	13	1	0.641
1	473	0.010	1	205	11	11	1	0.496
1	474	0.011	1	118	11	11	1	0.417
1	475	0.011	1	213	11	11	1	0.376
1	476	0.011	1	107	11	11	1	0.424
1	477	0.011	1	319	11	11	1	0.383
1	478	0.011	1	100	11	11	1	0.408
1	479	0.011	1	106	11	11	1	0.359
1	480	0.012	1	477	11	11	1	0.256
1	481	0.012	1	475	11	11	1	0.351
1	482	0.012	1	156	11	11	1	0.294
1	483	0.012	2	157	13	11	0	0.287
1	484	0.013	1	125	11	11	1	0.567
1	485	0.013	1	461	11	11	1	0.519
1	486	0.013	1	147	11	11	1	0.438
1	487	0.013	1	284	11	11	1	0.613
1	488	0.013	1	478	11	11	1	0.430
1	489	0.013	1	80	11	11	1	0.365
1	490	0.014	1	488	11	11	1	0.325
1	491	0.014	1	263	11	11	1	0.229
1	492	0.014	1	529	11	11	1	0.269
1	493	0.001	1	378	11	11	1	0.274
1	494	0.001	1	70	11	11	1	0.258
1	495	0.001	1	167	11	11	1	0.337
1	496	0.002	2	168	13	13	1	0.569
1	497	0.002	1	526	11	11	1	0.433
1	498	0.002	1	376	11	11	1	0.401
1	499	0.002	1	426	11	11	1	0.393
1	500	0.002	1	266	11	11	1	0.369

*********************************************
* Sustained Attention and Recognition Memory Experiment - Memory Test v.1.0
* Date/Time: 13-Nov-2015 12:08:50
* Seed: 207361.3133
* Subject Number: 21
* Subject Name: AS
* Run Number: 1
* debug: 0
*********************************************

1	1	2	4	304	31	1	5.895
1	2	2	2	276	33	1	2.125
1	3	2	2	327	32	1	1.450
1	4	2	4	113	30	1	1.983
1	5	1	3	13	31	1	2.107
1	6	2	4	112	33	0	1.472
1	7	1	1	102	32	1	1.413
1	8	2	4	305	30	1	1.503
1	9	2	4	429	31	1	2.655
1	10	2	4	415	31	1	1.491
1	11	2	2	378	33	1	1.192
1	12	2	4	185	31	1	1.594
1	13	1	1	176	33	1	1.361
1	14	2	2	61	32	1	2.611
1	15	1	1	43	32	1	1.441
1	16	1	3	405	31	1	2.088
1	17	2	4	521	31	1	1.935
1	18	1	3	204	32	0	1.628
1	19	2	4	143	30	1	2.393
1	20	2	2	270	32	1	2.171
1	21	2	2	414	33	1	1.319
1	22	1	3	352	31	1	1.356
1	23	1	1	263	33	1	2.190
1	24	1	1	196	32	1	0.928
1	25	1	3	160	31	1	1.429
1	26	2	2	508	30	0	2.413
1	27	2	4	133	33	0	1.391
1	28	1	1	17	31	0	1.515
1	29	1	1	409	32	1	0.966
1	30	2	4	176	31	1	1.899
1	31	2	2	282	30	0	2.733
1	32	2	2	362	32	1	1.996
1	33	2	4	306	31	1	1.230
1	34	2	2	478	31	0	1.302
1	35	1	3	446	32	0	2.005
1	36	2	4	18	30	1	1.333
1	37	2	4	277	32	0	1.114
1	38	2	2	226	33	1	2.639
1	39	1	1	363	31	0	1.451
1	40	1	3	232	32	0	1.405
1	41	2	2	449	31	0	1.458
1	42	2	4	107	31	1	1.300
1	43	1	1	416	32	1	2.220
1	44	1	3	452	32	0	1.600
1	45	1	1	199	33	1	0.901
1	46	1	3	505	32	0	2.285
1	47	1	3	85	32	0	1.751
1	48	2	2	342	33	1	1.486
1	49	1	3	308	31	1	2.773
1	50	2	4	460	31	1	1.978
1	51	1	3	137	30	1	7.226
1	52	1	3	142	30	1	2.910
1	53	1	1	351	32	1	1.356
1	54	2	2	334	33	1	1.087
1	55	1	3	443	31	1	1.828
1	56	1	3	244	32	0	1.477
1	57	2	4	469	31	1	1.253
1	58	2	2	374	33	1	1.133
1	59	1	1	433	32	1	2.231
1	60	1	1	73	33	1	1.275
1	61	1	3	472	31	1	3.235
1	62	2	2	289	32	1	1.536
1	63	2	2	225	33	1	0.970
1	64	1	3	521	31	1	1.055
1	65	1	1	302	32	1	1.270
1	66	2	4	480	32	0	1.620
1	67	1	1	106	33	1	1.070
1	68	2	4	216	30	1	1.725
1	69	2	4	104	30	1	0.954
1	70	2	4	550	31	1	2.972
1	71	1	1	157	32	1	1.539
1	72	1	1	470	33	1	1.208
1	73	2	4	201	31	1	1.154
1	74	1	1	83	31	0	1.671
1	75	2	4	486	31	1	1.948
1	76	1	1	337	32	1	3.534
1	77	2	2	516	32	1	3.176
1	78	2	2	391	30	0	1.868
1	79	1	1	301	33	1	1.419
1	80	1	3	440	31	1	1.966
1	81	2	4	368	31	1	1.096
1	82	1	1	340	31	0	1.786
1	83	1	3	20	32	0	1.030
1	84	1	1	217	33	1	1.273
1	85	1	1	317	32	1	1.227
1	86	1	3	386	33	0	0.963
1	87	2	4	137	31	1	1.944
1	88	1	3	178	31	1	1.500
1	89	1	3	495	31	1	1.516
1	90	2	4	187	30	1	1.267
1	91	1	3	254	32	0	1.198
1	92	2	4	116	30	1	1.467
1	93	1	1	493	33	1	2.501
1	94	1	1	529	33	1	2.279
1	95	2	4	126	30	1	2.430
1	96	2	4	331	31	1	2.299
1	97	2	4	519	30	1	2.871
1	98	1	1	376	33	1	1.254
1	99	2	2	430	33	1	1.078
1	100	2	2	476	31	0	1.781
1	101	2	4	409	31	1	2.714
1	102	2	2	384	32	1	1.137
1	103	2	4	453	31	1	1.548
1	104	2	2	317	32	1	2.760
1	105	2	2	504	33	1	1.822
1	106	2	2	456	32	1	2.503
1	107	1	3	35	32	0	2.794
1	108	1	3	285	33	0	1.790
1	109	1	1	314	33	1	0.789
1	110	1	1	447	32	1	0.955
1	111	1	3	329	32	0	3.063
1	112	1	1	140	32	1	0.958
1	113	1	3	391	33	0	1.145
1	114	1	1	188	33	1	2.109
1	115	1	1	293	32	1	1.762
1	116	2	2	221	30	0	1.788
1	117	2	4	256	30	1	0.732
1	118	1	3	5	32	0	0.953
1	119	1	3	384	32	0	0.864
1	120	2	4	340	31	1	1.155
1	121	2	4	49	31	1	2.983
1	122	1	3	350	32	0	2.324
1	123	2	2	433	33	1	1.118
1	124	2	4	35	30	1	1.902
1	125	1	3	303	31	1	1.952
1	126	1	3	473	32	0	2.794
1	127	1	1	467	32	1	2.228
1	128	1	3	437	32	0	1.720
1	129	1	3	525	31	1	2.621
1	130	1	3	341	31	1	1.202
1	131	2	2	239	32	1	1.702
1	132	1	3	12	33	0	1.582
1	133	1	3	185	33	0	3.251
1	134	2	2	157	31	0	2.477
1	135	1	1	212	32	1	2.039
1	136	2	4	538	31	1	2.014
1	137	1	1	374	30	0	1.896
1	138	1	1	11	31	0	1.448
1	139	2	2	150	31	0	1.639
1	140	2	4	65	30	1	2.100
1	141	1	1	453	32	1	1.516
1	142	2	4	265	31	1	1.077
1	143	2	2	230	31	0	1.938
1	144	1	1	108	32	1	1.916
1	145	2	2	526	32	1	1.729
1	146	1	3	543	31	1	1.363
1	147	1	1	310	32	1	1.182
1	148	2	4	45	31	1	2.146
1	149	2	2	398	31	0	2.151
1	150	2	4	60	31	1	0.748
1	151	2	2	10	32	1	0.846
1	152	2	2	355	33	1	1.621
1	153	1	1	213	32	1	1.034
1	154	1	1	32	32	1	5.084
1	155	2	2	68	32	1	1.166
1	156	1	3	111	30	1	2.312
1	157	1	3	124	32	0	2.410
1	158	1	1	47	31	0	2.023
1	159	2	2	301	30	0	2.195
1	160	2	2	263	31	0	1.947
1	161	1	1	262	32	1	3.472
1	162	1	1	544	32	1	0.916
1	163	1	3	245	31	1	0.748
1	164	2	4	11	30	1	1.907
1	165	2	2	314	31	0	1.211
1	166	1	3	182	32	0	0.968
1	167	2	2	502	31	0	1.191
1	168	2	4	484	31	1	1.625
1	169	1	3	315	32	0	1.166
1	170	2	2	227	32	1	3.273
1	171	1	1	349	30	0	1.629
1	172	2	4	69	30	1	1.351
1	173	1	1	319	32	1	2.034
1	174	1	1	515	32	1	1.328
1	175	2	2	447	30	0	1.077
1	176	1	1	103	31	0	1.058
1	177	2	2	424	32	1	2.788
1	178	1	3	334	31	1	2.612
1	179	2	2	224	30	0	1.891
1	180	1	3	101	31	1	1.021
1	181	2	2	168	33	1	1.645
1	182	1	1	179	31	0	1.532
1	183	2	4	195	31	1	1.326
1	184	2	2	515	30	0	1.918
1	185	2	4	363	30	1	0.799
1	186	2	4	210	30	1	2.111
1	187	1	3	235	31	1	2.844
1	188	2	2	132	30	0	0.976
1	189	1	3	404	32	0	2.357
1	190	1	3	1	32	0	0.810
1	191	1	3	38	31	1	1.706
1	192	1	1	174	31	0	1.649
1	193	1	3	126	30	1	1.375
1	194	1	1	450	31	0	5.883
