
*********************************************
* Sustained Attention and Recognition Memory Experiment - Sustained Attention Task v.1.0
* Date/Time: 13-Apr-2015 11:59:10
* Seed: 214891.2273
* Subject Number: 82
* Subject Name: BW
* Run Number: 1
* debug: 0
*********************************************

run	trl	tdf	sct	simg	crsp	rsp	acc	rt
1	1	0.005	2	308	11	11	1	0.794
1	2	0.006	2	267	11	11	1	0.624
1	3	0.006	2	400	11	11	1	0.538
1	4	0.006	2	375	11	11	1	0.561
1	5	0.006	2	64	11	11	1	0.505
1	6	0.006	2	106	11	11	1	0.529
1	7	0.007	2	44	11	11	1	0.520
1	8	0.007	2	367	11	11	1	0.640
1	9	0.007	2	512	11	11	1	0.568
1	10	0.007	2	393	11	11	1	0.703
1	11	0.007	2	251	11	11	1	0.647
1	12	0.008	2	412	11	11	1	0.624
1	13	0.008	2	139	11	11	1	0.615
1	14	0.007	2	477	11	11	1	0.591
1	15	0.008	2	332	11	11	1	0.519
1	16	0.008	2	525	11	11	1	0.463
1	17	0.009	2	349	11	11	1	0.502
1	18	0.009	2	67	11	11	1	0.509
1	19	0.009	2	162	11	11	1	0.549
1	20	0.009	1	70	13	11	0	0.525
1	21	0.009	2	436	11	11	1	0.758
1	22	0.009	2	59	11	11	1	0.717
1	23	0.010	2	86	11	11	1	0.581
1	24	0.010	2	347	11	11	1	0.732
1	25	0.010	2	167	11	11	1	0.613
1	26	0.010	2	290	11	11	1	0.476
1	27	0.010	2	380	11	11	1	0.516
1	28	0.011	2	16	11	11	1	0.525
1	29	0.011	2	43	11	11	1	0.564
1	30	0.011	2	376	11	11	1	0.620
1	31	0.011	2	537	11	11	1	0.563
1	32	0.011	2	405	11	11	1	0.603
1	33	0.011	2	194	11	11	1	0.484
1	34	0.012	2	520	11	11	1	0.427
1	35	0.012	2	314	11	11	1	0.451
1	36	-0.001	1	354	13	13	1	0.567
1	37	-0.001	2	79	11	11	1	0.639
1	38	-0.000	2	27	11	11	1	0.775
1	39	-0.000	2	522	11	11	1	0.750
1	40	-0.000	2	284	11	11	1	0.743
1	41	0.000	2	87	11	11	1	0.687
1	42	0.000	1	160	13	13	1	0.870
1	43	0.000	2	534	11	NaN	0	NaN
1	44	0.000	2	227	11	11	1	0.694
1	45	0.000	2	41	11	11	1	0.639
1	46	0.001	2	82	11	11	1	0.517
1	47	0.001	2	186	11	11	1	0.750
1	48	0.002	2	457	11	11	1	0.661
1	49	0.001	2	148	11	11	1	0.637
1	50	0.001	2	264	11	11	1	0.693
1	51	0.001	2	296	11	11	1	0.637
1	52	0.002	1	141	13	13	1	0.548
1	53	0.002	2	409	11	11	1	0.845
1	54	0.002	2	124	11	11	1	0.788
1	55	0.002	1	18	13	13	1	0.829
1	56	0.003	2	415	11	11	1	0.788
1	57	0.003	2	22	11	11	1	0.653
1	58	0.003	2	343	11	11	1	0.659
1	59	0.003	2	169	11	11	1	0.732
1	60	0.003	2	529	11	11	1	0.627
1	61	0.004	2	366	11	11	1	0.636
1	62	0.004	2	54	11	11	1	0.515
1	63	0.004	2	504	11	11	1	0.538
1	64	0.005	2	99	11	11	1	0.515
1	65	0.004	2	312	11	11	1	0.441
1	66	0.005	2	123	11	11	1	0.417
1	67	0.005	2	481	11	11	1	0.441
1	68	0.005	2	85	11	11	1	0.481
1	69	0.005	2	410	11	11	1	0.376
1	70	0.005	2	373	11	11	1	0.496
1	71	0.005	2	406	11	11	1	0.457
1	72	0.006	2	545	11	11	1	0.465
1	73	0.006	2	325	11	11	1	0.521
1	74	0.006	2	276	11	11	1	0.545
1	75	0.006	2	256	11	11	1	0.520
1	76	0.007	2	275	11	11	1	0.560
1	77	0.007	2	478	11	11	1	0.648
1	78	0.007	2	309	11	11	1	0.591
1	79	0.007	2	443	11	11	1	0.552
1	80	0.007	2	235	11	11	1	0.496
1	81	0.008	1	530	13	13	1	0.567
1	82	0.008	2	342	11	11	1	0.752
1	83	0.008	2	57	11	11	1	0.790
1	84	0.008	2	151	11	11	1	0.511
1	85	0.008	2	358	11	11	1	0.487
1	86	0.009	2	214	11	11	1	0.414
1	87	0.009	2	383	11	11	1	0.422
1	88	0.009	2	479	11	11	1	0.334
1	89	0.008	2	531	11	11	1	0.470
1	90	0.009	2	357	11	11	1	0.253
1	91	0.009	2	142	11	11	1	0.213
1	92	0.010	2	133	11	11	1	0.364
1	93	0.010	2	320	11	11	1	0.581
1	94	0.010	2	49	11	11	1	0.460
1	95	0.010	2	295	11	11	1	0.388
1	96	0.010	2	112	11	11	1	0.396
1	97	0.011	2	116	11	11	1	0.548
1	98	0.011	2	200	11	11	1	0.572
1	99	0.011	2	237	11	11	1	0.404
1	100	0.011	2	77	11	11	1	0.347
1	101	0.011	1	404	13	13	1	0.563
1	102	0.011	1	121	13	11	0	0.491
1	103	0.012	2	324	11	13	0	0.178
1	104	0.012	2	113	11	11	1	0.714
1	105	-0.001	2	245	11	11	1	0.783
1	106	-0.001	2	378	11	11	1	0.743
1	107	-0.000	2	451	11	11	1	0.879
1	108	-0.001	2	546	11	11	1	0.727
1	109	-0.000	2	304	11	11	1	0.480
1	110	0.000	2	3	11	11	1	0.407
1	111	0.000	2	110	11	11	1	0.655
1	112	0.000	2	398	11	11	1	0.631
1	113	0.000	2	240	11	11	1	0.894
1	114	0.000	2	281	11	11	1	0.519
1	115	0.001	2	293	11	11	1	0.653
1	116	0.001	2	88	11	11	1	0.773
1	117	0.002	2	282	11	11	1	0.462
1	118	0.001	2	459	11	11	1	0.678
1	119	0.002	2	302	11	11	1	0.558
1	120	0.002	2	159	11	11	1	0.582
1	121	0.002	2	55	11	11	1	0.685
1	122	0.002	2	243	11	11	1	0.693
1	123	0.002	2	104	11	11	1	0.508
1	124	0.003	2	147	11	11	1	0.404
1	125	0.003	2	81	11	11	1	0.412
1	126	0.003	2	473	11	11	1	0.485
1	127	0.003	2	438	11	11	1	0.474
1	128	0.003	2	201	11	11	1	0.340
1	129	0.003	2	326	11	11	1	0.331
1	130	0.004	2	509	11	11	1	0.435
1	131	0.004	2	508	11	11	1	0.363
1	132	0.004	1	231	13	13	1	0.531
1	133	0.004	2	96	11	11	1	0.458
1	134	0.004	2	248	11	11	1	0.466
1	135	0.004	2	515	11	11	1	0.459
1	136	0.005	2	204	11	11	1	0.386
1	137	0.005	2	434	11	11	1	0.426
1	138	0.005	2	161	11	11	1	0.401
1	139	0.005	2	340	11	11	1	0.425
1	140	0.006	2	140	11	11	1	0.417
1	141	0.006	2	455	11	11	1	0.378
1	142	0.006	2	32	11	11	1	0.353
1	143	0.006	2	83	11	11	1	0.424
1	144	0.006	2	430	11	11	1	0.448
1	145	0.007	2	297	11	11	1	0.360
1	146	0.007	2	165	11	11	1	0.687
1	147	0.007	1	238	13	13	1	0.616
1	148	0.007	2	37	11	11	1	0.527
1	149	0.007	2	10	11	11	1	0.632
1	150	0.008	1	31	13	13	1	0.736
1	151	0.008	2	172	11	11	1	0.518
1	152	0.008	2	464	11	11	1	0.558
1	153	0.008	2	14	11	11	1	0.486
1	154	0.008	2	108	11	11	1	0.416
1	155	0.009	2	432	11	11	1	0.422
1	156	0.009	2	517	11	11	1	0.494
1	157	0.009	2	212	11	11	1	0.485
1	158	0.009	2	115	11	11	1	0.718
1	159	0.009	2	384	11	11	1	0.485
1	160	0.009	2	56	11	11	1	0.413
1	161	0.010	2	223	11	11	1	0.565
1	162	0.010	2	323	11	11	1	0.444
1	163	0.010	2	319	11	11	1	0.292
1	164	0.010	2	103	11	11	1	0.589
1	165	0.010	2	62	11	11	1	0.645
1	166	0.010	2	143	11	11	1	0.475
1	167	0.011	2	318	11	11	1	0.468
1	168	0.011	2	58	11	11	1	0.380
1	169	0.011	2	92	11	11	1	0.386
1	170	0.011	2	350	11	11	1	0.427
1	171	0.012	2	369	11	11	1	0.467
1	172	0.012	2	100	11	NaN	0	NaN
1	173	0.012	2	51	11	11	1	0.627
1	174	-0.001	2	421	11	11	1	0.503
1	175	-0.001	1	60	13	13	1	0.640
1	176	-0.000	2	261	11	11	1	0.454
1	177	-0.000	2	498	11	11	1	0.398
1	178	-0.000	1	342	13	11	0	0.342
1	179	0.000	2	364	11	11	1	0.430
1	180	0.000	2	543	11	11	1	0.454
1	181	0.000	2	90	11	11	1	0.446
1	182	0.000	2	101	11	11	1	0.503
1	183	0.000	2	130	11	11	1	0.430
1	184	0.001	2	311	11	11	1	0.454
1	185	0.001	2	102	11	11	1	0.413
1	186	0.001	2	187	11	11	1	0.693
1	187	0.001	2	365	11	11	1	0.493
1	188	0.002	2	9	11	11	1	0.437
1	189	0.002	2	127	11	11	1	0.381
1	190	0.002	2	476	11	11	1	0.436
1	191	0.002	1	417	13	13	1	0.717
1	192	0.002	2	354	11	11	1	0.483
1	193	0.003	2	411	11	11	1	0.476
1	194	0.003	2	370	11	11	1	0.821
1	195	0.003	2	540	11	11	1	0.509
1	196	0.003	2	206	11	11	1	0.435
1	197	0.003	2	518	11	11	1	0.508
1	198	0.004	1	482	13	13	1	0.531
1	199	0.003	2	199	11	11	1	0.395
1	200	0.004	2	70	11	11	1	0.403
1	201	0.004	2	413	11	11	1	0.779
1	202	0.005	2	91	11	11	1	0.513
1	203	0.004	2	496	11	11	1	0.490
1	204	0.005	2	536	11	11	1	0.403
1	205	0.005	2	230	11	11	1	0.426
1	206	0.005	2	423	11	11	1	0.401
1	207	0.005	2	472	11	11	1	0.346
1	208	0.005	2	225	11	11	1	0.449
1	209	0.006	1	533	13	11	0	0.664
1	210	0.006	2	215	11	11	1	0.864
1	211	0.006	2	494	11	11	1	0.568
1	212	0.006	2	285	11	11	1	0.513
1	213	0.006	2	6	11	11	1	0.426
1	214	0.007	2	269	11	NaN	0	NaN
1	215	0.006	2	61	11	11	1	0.200
1	216	0.007	2	236	11	11	1	0.223
1	217	0.007	2	12	11	11	1	0.232
1	218	0.007	2	403	11	11	1	0.431
1	219	0.008	2	362	11	11	1	0.375
1	220	0.008	2	317	11	11	1	0.383
1	221	0.008	2	488	11	11	1	0.439
1	222	0.008	2	355	11	11	1	0.463
1	223	0.008	2	419	11	11	1	0.582
1	224	0.009	2	547	11	11	1	0.575
1	225	0.009	2	50	11	11	1	0.550
1	226	0.008	2	300	11	11	1	0.479
1	227	0.008	2	399	11	11	1	0.454
1	228	0.009	2	75	11	11	1	0.445
1	229	0.009	2	321	11	11	1	0.486
1	230	0.010	2	39	11	11	1	0.542
1	231	0.010	2	396	11	11	1	0.581
1	232	0.010	2	15	11	11	1	0.668
1	233	0.010	2	506	11	11	1	0.645
1	234	0.010	2	414	11	11	1	0.636
1	235	0.011	2	542	11	11	1	0.563
1	236	0.011	1	509	13	11	0	0.684
1	237	0.011	2	196	11	11	1	0.820
1	238	0.011	1	406	13	13	1	0.683
1	239	0.011	2	437	11	11	1	0.372
1	240	0.012	2	34	11	11	1	0.587
1	241	0.012	2	131	11	11	1	0.706
1	242	0.012	2	426	11	NaN	0	NaN
1	243	-0.001	2	265	11	11	1	0.080
1	244	-0.001	2	484	11	11	1	0.056
1	245	-0.000	2	448	11	11	1	0.110
1	246	-0.000	2	395	11	11	1	0.214
1	247	-0.000	2	541	11	11	1	0.094
1	248	0.000	2	95	11	11	1	0.294
1	249	0.000	2	65	11	11	1	0.239
1	250	0.000	2	8	11	11	1	0.087
1	251	0.000	1	420	13	11	0	0.159
1	252	0.000	2	417	11	11	1	0.247
1	253	0.001	2	166	11	11	1	0.189
1	254	0.001	2	397	11	11	1	0.229
1	255	0.002	2	193	11	11	1	0.189
1	256	0.001	2	458	11	11	1	0.070
1	257	0.002	2	45	11	11	1	0.381
1	258	0.002	2	241	11	11	1	0.214
1	259	0.002	1	175	13	11	0	0.060
1	260	0.002	2	386	11	11	1	0.006
1	261	0.002	2	277	11	11	1	0.428
1	262	0.003	2	539	11	11	1	0.293
1	263	0.003	2	453	11	11	1	0.124
1	264	0.003	2	263	11	11	1	0.036
1	265	0.003	2	548	11	11	1	0.011
1	266	0.003	2	289	11	11	1	0.579
1	267	0.004	2	228	11	11	1	0.330
1	268	0.004	2	353	11	11	1	0.211
1	269	0.004	2	420	11	11	1	0.282
1	270	0.004	2	268	11	11	1	0.355
1	271	0.004	2	232	11	11	1	0.330
1	272	0.004	2	339	11	11	1	0.387
1	273	0.005	1	464	13	11	0	0.362
1	274	0.005	1	13	13	11	0	0.450
1	275	0.005	2	346	11	11	1	0.714
1	276	0.005	2	24	11	11	1	0.610
1	277	0.005	1	22	13	13	1	0.600
1	278	0.006	2	5	11	11	1	0.560
1	279	0.006	2	271	11	11	1	0.537
1	280	0.006	2	439	11	11	1	0.496
1	281	0.006	2	63	11	11	1	0.729
1	282	0.006	2	266	11	11	1	0.544
1	283	0.007	2	257	11	11	1	0.616
1	284	0.007	2	544	11	11	1	0.368
1	285	0.007	2	385	11	11	1	0.248
1	286	0.007	2	303	11	11	1	0.096
1	287	0.007	2	495	11	11	1	0.280
1	288	0.008	2	278	11	11	1	0.239
1	289	0.008	2	273	11	11	1	0.343
1	290	0.008	1	254	13	13	1	0.463
1	291	0.008	2	192	11	11	1	0.279
1	292	0.008	2	391	11	11	1	0.159
1	293	0.008	2	454	11	11	1	0.135
1	294	0.009	2	356	11	11	1	0.094
1	295	0.009	2	60	11	11	1	0.197
1	296	0.008	2	152	11	11	1	0.190
1	297	0.010	1	517	13	13	1	0.741
1	298	0.009	2	181	11	11	1	0.333
1	299	0.010	2	233	11	11	1	0.294
1	300	0.009	1	427	13	13	1	0.733
1	301	0.010	1	16	13	13	1	0.676
1	302	0.010	2	239	11	11	1	0.621
1	303	0.011	2	121	11	11	1	0.371
1	304	0.011	2	452	11	11	1	0.204
1	305	0.011	2	218	11	11	1	0.275
1	306	0.011	2	20	11	11	1	0.492
1	307	0.011	2	526	11	11	1	0.595
1	308	0.011	2	29	11	11	1	0.619
1	309	0.011	2	244	11	11	1	0.548
1	310	0.012	2	69	11	11	1	0.571
1	311	0.011	2	222	11	11	1	0.563
1	312	0.012	2	514	11	11	1	0.635
1	313	-0.001	2	120	11	11	1	0.590
1	314	-0.000	2	72	11	13	0	0.728
1	315	-0.000	2	178	11	11	1	0.847
1	316	-0.000	2	499	11	11	1	0.534
1	317	0.000	2	345	11	11	1	0.542
1	318	0.000	2	28	11	11	1	0.454
1	319	0.000	2	211	11	11	1	0.718
1	320	0.000	2	456	11	11	1	0.662
1	321	0.000	2	360	11	NaN	0	NaN
1	322	0.001	1	2	13	NaN	0	NaN
1	323	0.001	2	425	11	13	0	0.605
1	324	0.002	2	483	11	11	1	0.757
1	325	0.001	2	475	11	NaN	0	NaN
1	326	0.002	2	465	11	11	1	0.246
1	327	0.002	2	292	11	11	1	0.477
1	328	0.002	2	217	11	11	1	0.437
1	329	0.002	2	390	11	11	1	0.525
1	330	0.002	2	132	11	11	1	0.501
1	331	0.003	2	528	11	11	1	0.460
1	332	0.003	2	234	11	11	1	0.419
1	333	0.003	2	433	11	11	1	0.363
1	334	0.003	2	470	11	11	1	0.515
1	335	0.003	2	146	11	11	1	0.523
1	336	0.004	2	202	11	11	1	0.514
1	337	0.004	2	298	11	11	1	0.491
1	338	0.004	2	328	11	11	1	0.466
1	339	0.004	1	322	13	13	1	0.587
1	340	0.004	2	258	11	11	1	0.595
1	341	0.004	2	173	11	11	1	0.634
1	342	0.005	2	480	11	11	1	0.562
1	343	0.005	2	330	11	11	1	0.489
1	344	0.005	2	229	11	11	1	0.769
1	345	0.005	2	389	11	11	1	0.426
1	346	0.005	2	135	11	11	1	0.690
1	347	0.006	2	163	11	11	1	0.522
1	348	0.006	2	467	11	11	1	0.816
1	349	0.006	2	550	11	11	1	0.472
1	350	0.006	2	164	11	11	1	0.416
1	351	0.006	2	407	11	11	1	0.551
1	352	0.007	2	428	11	11	1	0.689
1	353	0.007	1	346	13	13	1	0.647
1	354	0.007	2	156	11	11	1	0.623
1	355	0.007	2	490	11	11	1	0.647
1	356	0.007	2	203	11	11	1	0.671
1	357	0.008	2	445	11	11	1	0.423
1	358	0.008	2	404	11	11	1	0.591
1	359	0.008	2	463	11	11	1	0.711
1	360	0.008	2	26	11	11	1	0.670
1	361	0.008	2	40	11	11	1	0.502
1	362	0.009	2	469	11	11	1	0.415
1	363	0.009	2	138	11	11	1	0.246
1	364	0.009	2	36	11	11	1	0.542
1	365	0.009	2	427	11	11	1	0.613
1	366	0.010	2	301	11	11	1	0.589
1	367	0.009	1	40	13	13	1	0.692
1	368	0.010	2	126	11	11	1	0.557
1	369	0.010	2	532	11	11	1	0.485
1	370	0.010	1	451	13	13	1	0.604
1	371	0.011	1	307	13	13	1	0.645
1	372	0.010	2	359	11	11	1	0.653
1	373	0.011	2	246	11	11	1	0.709
1	374	0.011	2	351	11	11	1	0.572
1	375	0.011	2	286	11	11	1	0.579
1	376	0.011	1	84	13	11	0	0.491
1	377	0.011	2	197	11	11	1	0.578
1	378	0.012	2	305	11	11	1	0.572
1	379	0.012	2	361	11	11	1	0.484
1	380	-0.001	2	429	11	11	1	0.551
1	381	-0.001	2	119	11	11	1	0.512
1	382	-0.001	1	396	13	13	1	0.534
1	383	-0.000	2	105	11	11	1	0.430
1	384	-0.000	1	167	13	13	1	0.487
1	385	-0.000	2	444	11	11	1	0.351
1	386	0.000	2	500	11	11	1	0.582
1	387	0.000	2	210	11	11	1	0.590
1	388	0.000	2	503	11	11	1	0.534
1	389	0.000	2	13	11	11	1	0.559
1	390	0.000	2	288	11	11	1	0.502
1	391	0.001	1	140	13	13	1	0.542
1	392	0.001	2	382	11	11	1	0.438
1	393	0.002	2	408	11	11	1	0.237
1	394	0.001	2	125	11	11	1	0.437
1	395	0.002	2	485	11	11	1	0.573
1	396	0.002	2	21	11	11	1	0.724
1	397	0.002	2	535	11	11	1	0.653
1	398	0.002	2	461	11	11	1	0.805
1	399	0.002	2	442	11	11	1	0.652
1	400	0.003	2	66	11	11	1	0.388
1	401	0.003	2	283	11	11	1	0.508
1	402	0.003	2	141	11	11	1	0.532
1	403	0.003	2	255	11	11	1	0.459
1	404	0.003	2	188	11	11	1	0.516
1	405	0.003	2	388	11	11	1	0.571
1	406	0.004	2	491	11	11	1	0.546
1	407	0.004	2	402	11	11	1	0.491
1	408	0.004	2	392	11	11	1	0.482
1	409	0.004	2	416	11	11	1	0.346
1	410	0.005	1	295	13	13	1	0.562
1	411	0.005	2	4	11	11	1	0.394
1	412	0.005	1	344	13	11	0	0.306
1	413	0.005	2	137	11	11	1	0.377
1	414	0.005	1	381	13	11	0	0.353
1	415	0.006	2	231	11	11	1	0.121
1	416	0.006	2	310	11	11	1	0.384
1	417	0.006	2	387	11	11	1	0.473
1	418	0.006	2	466	11	11	1	0.385
1	419	0.006	2	519	11	11	1	0.568
1	420	0.006	2	337	11	11	1	0.624
1	421	0.007	2	249	11	11	1	0.584
1	422	0.007	2	368	11	11	1	0.560
1	423	0.007	2	538	11	11	1	0.408
1	424	0.007	2	17	11	11	1	0.415
1	425	0.007	2	80	11	11	1	0.423
1	426	0.008	2	89	11	11	1	0.463
1	427	0.008	2	182	11	11	1	0.326
1	428	0.008	1	531	13	11	0	0.191
1	429	0.008	2	71	11	11	1	0.087
1	430	0.008	2	175	11	11	1	0.110
1	431	0.008	2	84	11	11	1	0.006
1	432	0.008	2	331	11	11	1	0.510
1	433	0.009	2	422	11	11	1	0.327
1	434	0.008	2	497	11	11	1	0.302
1	435	0.009	2	424	11	11	1	0.341
1	436	0.009	2	94	11	11	1	0.446
1	437	0.010	2	160	11	11	1	0.500
1	438	0.010	2	511	11	11	1	0.492
1	439	0.010	2	279	11	11	1	0.485
1	440	0.011	2	441	11	11	1	0.444
1	441	0.010	2	53	11	11	1	0.484
1	442	0.011	2	306	11	11	1	0.428
1	443	0.011	2	144	11	11	1	0.548
1	444	0.011	1	110	13	13	1	0.539
1	445	0.011	2	418	11	11	1	0.355
1	446	0.011	2	447	11	11	1	0.219
1	447	0.012	1	304	13	11	0	0.115
1	448	0.012	2	507	11	11	1	0.411
1	449	-0.001	2	294	11	11	1	0.399
1	450	-0.001	2	38	11	11	1	0.280
1	451	-0.000	2	189	11	11	1	0.383
1	452	-0.000	2	482	11	11	1	0.423
1	453	-0.000	2	224	11	11	1	0.638
1	454	0.000	2	18	11	11	1	0.534
1	455	0.000	1	361	13	13	1	0.607
1	456	0.000	2	487	11	11	1	0.342
1	457	0.000	2	42	11	11	1	0.223
1	458	0.000	1	252	13	11	0	0.167
1	459	0.014	2	145	11	NaN	0	NaN
1	460	0.001	2	280	11	11	1	0.470
1	461	0.001	1	176	13	11	0	0.317
1	462	0.001	2	505	11	11	1	0.166
1	463	0.001	2	254	11	11	1	0.477
1	464	0.002	2	307	11	11	1	0.278
1	465	0.002	2	272	11	11	1	0.380
1	466	0.002	2	48	11	11	1	0.468
1	467	0.002	2	446	11	11	1	0.781
1	468	0.002	2	25	11	11	1	0.629
1	469	0.003	2	129	11	11	1	0.701
1	470	0.003	2	327	11	11	1	0.500
1	471	0.003	2	322	11	11	1	0.428
1	472	0.003	2	521	11	11	1	0.420
1	473	0.003	1	411	13	13	1	0.700
1	474	0.004	2	372	11	11	1	0.516
1	475	0.004	2	216	11	11	1	0.298
1	476	0.004	2	155	11	11	1	0.195
1	477	0.004	2	341	11	11	1	0.490
1	478	0.004	2	533	11	11	1	0.291
1	479	0.005	2	213	11	11	1	0.250
1	480	0.005	2	523	11	11	1	0.242
1	481	0.005	2	177	11	11	1	0.234
1	482	0.005	2	174	11	11	1	0.274
1	483	0.005	2	118	11	11	1	0.298
1	484	0.005	2	207	11	11	1	0.289
1	485	0.006	2	527	11	11	1	0.233
1	486	0.006	1	318	13	11	0	0.224
1	487	0.006	2	247	11	11	1	0.215
1	488	0.006	2	134	11	11	1	0.272
1	489	0.006	2	524	11	11	1	0.264
1	490	0.007	2	462	11	11	1	0.288
1	491	0.007	2	1	11	11	1	0.312
1	492	0.007	2	157	11	11	1	0.303
1	493	0.007	1	157	13	11	0	0.359
1	494	0.007	2	250	11	11	1	0.383
1	495	0.008	2	23	11	11	1	0.503
1	496	0.008	1	20	13	13	1	0.655
1	497	0.008	2	52	11	11	1	0.631
1	498	0.008	2	179	11	11	1	0.494
1	499	0.008	2	2	11	11	1	0.583
1	500	0.009	2	242	11	11	1	0.557

*********************************************
* Sustained Attention and Recognition Memory Experiment - Memory Test v.1.0
* Date/Time: 13-Apr-2015 12:11:05
* Seed: 209925.2013
* Subject Number: 82
* Subject Name: BW
* Run Number: 1
* debug: 0
*********************************************

1	1	2	1	467	31	0	3.705
1	2	2	1	451	33	1	2.843
1	3	1	4	249	30	1	4.737
1	4	2	3	114	32	0	2.584
1	5	1	4	383	30	1	2.512
1	6	2	1	424	31	0	4.999
1	7	2	3	299	30	1	3.543
1	8	2	1	240	32	1	3.133
1	9	2	3	238	30	1	2.629
1	10	2	3	440	30	1	2.233
1	11	1	4	147	30	1	2.221
1	12	1	2	482	32	1	4.616
1	13	2	3	198	30	1	2.054
1	14	1	4	345	30	1	3.316
1	15	1	2	361	30	0	5.432
1	16	1	2	396	33	1	2.157
1	17	1	2	451	33	1	1.214
1	18	2	1	134	32	1	1.957
1	19	2	1	433	30	0	1.984
1	20	2	3	170	30	1	2.319
1	21	2	1	167	30	0	1.648
1	22	2	1	412	31	0	6.664
1	23	2	1	210	30	0	2.487
1	24	1	2	175	33	1	1.916
1	25	1	2	406	32	1	1.320
1	26	1	4	522	30	1	3.894
1	27	2	3	549	31	1	4.145
1	28	1	2	157	32	1	3.126
1	29	1	2	31	30	0	1.801
1	30	1	4	142	30	1	1.535
1	31	1	2	530	30	0	2.049
1	32	2	1	206	33	1	1.601
1	33	1	2	304	32	1	2.227
1	34	2	3	379	31	1	2.582
1	35	2	1	366	31	0	3.791
1	36	2	1	514	30	0	2.600
1	37	2	3	274	30	1	4.367
1	38	1	2	140	33	1	1.711
1	39	1	2	307	31	0	19.747
1	40	2	3	97	30	1	3.559
1	41	2	3	19	31	1	3.390
1	42	2	1	527	30	0	2.210
1	43	1	4	130	30	1	1.765
1	44	1	2	13	30	0	2.658
1	45	1	4	124	32	0	3.588
1	46	2	3	128	31	1	5.000
1	47	1	4	10	30	1	2.685
1	48	2	1	126	30	0	1.355
1	49	2	1	62	30	0	1.809
1	50	2	3	176	30	1	0.861
1	51	2	3	184	30	1	0.768
1	52	2	1	422	31	0	1.918
1	53	2	1	151	31	0	1.438
1	54	1	4	46	30	1	1.909
1	55	1	2	176	30	0	1.773
1	56	1	2	231	30	0	2.146
1	57	2	1	453	32	1	3.771
1	58	2	3	109	30	1	3.283
1	59	2	3	513	30	1	0.818
1	60	2	3	33	30	1	1.915
1	61	1	2	252	30	0	0.988
1	62	2	1	404	30	0	0.614
1	63	2	3	450	32	0	1.904
1	64	1	4	375	31	1	2.836
1	65	2	3	46	30	1	5.134
1	66	1	2	322	33	1	1.359
1	67	2	1	80	32	1	2.003
1	68	2	3	381	30	1	3.647
1	69	1	4	486	30	1	3.918
1	70	1	4	103	30	1	1.464
1	71	2	3	352	30	1	3.322
1	72	2	1	446	33	1	1.852
1	73	2	1	419	32	1	3.838
1	74	2	3	374	30	1	3.069
1	75	2	1	354	31	0	1.545
1	76	2	1	504	31	0	1.396
1	77	2	1	295	30	0	1.080
1	78	2	1	192	30	0	1.848
1	79	1	2	346	33	1	3.416
1	80	1	2	509	32	1	2.579
1	81	2	3	209	30	1	1.966
1	82	2	3	502	32	0	5.525
1	83	1	4	86	32	0	5.071
1	84	1	2	18	33	1	1.159
1	85	2	3	270	33	0	2.995
1	86	2	3	185	32	0	4.170
1	87	2	3	68	31	1	1.620
1	88	2	1	434	31	0	1.410
1	89	1	4	79	32	0	5.840
1	90	1	2	121	30	0	2.069
1	91	1	2	84	33	1	4.259
1	92	1	4	310	30	1	1.818
1	93	2	1	38	31	0	1.900
1	94	2	1	75	20	0	1.766
1	95	1	4	498	20	0	1.240
1	96	1	4	491	30	1	3.317
1	97	2	3	117	32	0	9.639
1	98	1	4	21	30	1	4.813
1	99	2	1	525	30	0	4.697
1	100	1	2	16	33	1	2.227
1	101	2	3	180	31	1	11.694
1	102	1	4	90	30	1	1.978
1	103	2	3	195	31	1	2.061
1	104	1	2	420	33	1	2.390
1	105	1	4	137	30	1	1.868
1	106	2	3	348	32	0	2.485
1	107	1	4	171	30	1	1.266
1	108	2	3	338	30	1	1.540
1	109	1	4	28	30	1	1.134
1	110	1	4	289	30	1	0.802
1	111	2	3	153	30	1	1.444
1	112	2	3	291	30	1	1.292
1	113	2	3	47	31	1	2.006
1	114	1	2	318	32	1	2.222
1	115	2	1	118	30	0	3.037
1	116	1	2	40	33	1	1.740
1	117	1	4	392	32	0	1.419
1	118	1	4	343	30	1	1.137
1	119	2	1	498	31	0	2.338
1	120	2	1	414	30	0	1.352
1	121	1	2	417	31	0	7.118
1	122	2	3	35	32	0	2.368
1	123	1	2	22	31	0	1.775
1	124	2	3	287	30	1	1.550
1	125	1	2	160	30	0	1.934
1	126	2	1	540	32	1	1.550
1	127	1	4	372	30	1	1.440
1	128	1	2	295	30	0	1.330
1	129	1	4	329	30	1	1.404
1	130	2	1	43	33	1	1.939
1	131	1	2	344	33	1	1.408
1	132	1	4	235	32	0	1.064
1	133	1	2	404	32	1	7.492
1	134	1	4	210	31	1	1.355
1	135	1	4	456	30	1	1.221
1	136	2	3	449	30	1	0.887
1	137	2	1	8	30	0	0.687
1	138	2	1	519	33	1	3.375
1	139	2	3	30	30	1	2.768
1	140	2	1	17	30	0	1.185
1	141	2	3	221	31	1	1.170
1	142	1	4	9	30	1	1.204
1	143	1	2	141	33	1	3.829
1	144	1	4	399	33	0	0.791
1	145	1	4	515	33	0	5.572
1	146	2	3	183	30	1	1.721
1	147	1	4	37	30	1	2.798
1	148	2	1	81	30	0	1.678
1	149	1	4	164	30	1	1.639
1	150	1	4	463	30	1	0.897
1	151	2	1	481	32	1	2.073
1	152	1	2	411	33	1	0.984
1	153	2	1	537	31	0	0.960
1	154	1	4	461	30	1	1.391
1	155	1	2	254	30	0	0.806
1	156	2	3	262	30	1	5.134
1	157	2	3	93	30	1	1.321
1	158	2	1	61	30	0	1.036
1	159	1	4	449	31	1	2.786
1	160	2	3	74	30	1	1.987
1	161	2	1	485	32	1	1.693
1	162	2	1	203	33	1	4.445
1	163	1	2	167	26	0	1.848
1	164	1	2	427	33	1	2.205
1	165	2	1	91	30	0	2.167
1	166	2	1	403	33	1	2.045
1	167	1	2	20	31	0	1.532
1	168	1	2	2	30	0	1.142
1	169	1	2	60	30	0	1.474
1	170	1	2	381	30	0	3.165
1	171	2	3	7	30	1	7.319
1	172	1	4	214	30	1	1.431
1	173	1	2	342	30	0	4.303
1	174	1	2	533	31	0	1.337
1	175	1	2	531	33	1	1.395
1	176	2	3	493	33	0	1.054
1	177	2	3	474	32	0	1.360
1	178	1	4	242	33	0	1.647
1	179	1	2	517	33	1	1.141
1	180	2	3	492	30	1	1.468
1	181	1	4	39	30	1	0.630
1	182	1	4	379	32	0	3.580
1	183	1	4	74	30	1	1.313
1	184	2	1	359	30	0	1.332
1	185	2	1	399	33	1	1.926
1	186	1	2	238	33	1	0.933
1	187	1	2	70	32	1	1.506
1	188	2	3	149	30	1	2.388
1	189	1	2	354	33	1	1.912
1	190	1	4	169	30	1	1.632
1	191	2	1	438	31	0	2.436
1	192	1	4	457	30	1	6.007
1	193	1	4	290	30	1	1.492
1	194	1	4	77	31	1	1.345
1	195	1	4	325	30	1	1.912
1	196	2	1	483	32	1	1.822
1	197	2	3	530	32	0	1.814
1	198	1	4	338	30	1	1.398
1	199	1	2	110	30	0	1.022
1	200	1	2	464	30	0	0.605
