
*********************************************
* Sustained Attention and Recognition Memory Experiment - Sustained Attention Task v.1.0
* Date/Time: 17-Nov-2015 14:33:55
* Seed: 212853.4152
* Subject Number: 26
* Subject Name: ES
* Run Number: 1
* debug: 0
*********************************************


*********************************************
* Sustained Attention and Recognition Memory Experiment - Sustained Attention Task v.1.0
* Date/Time: 17-Nov-2015 14:38:06
* Seed: 214462.1132
* Subject Number: 26
* Subject Name: ES
* Run Number: 1
* debug: 0
*********************************************

run	trl	tdf	sct	simg	crsp	rsp	acc	rt
1	1	0.012	2	309	11	NaN	0	NaN
1	2	-0.001	2	342	11	13	0	0.419
1	3	-0.001	2	398	11	13	0	0.331
1	4	-0.000	2	320	11	13	0	0.491
1	5	-0.000	2	433	11	13	0	0.491
1	6	-0.000	1	548	13	NaN	0	NaN
1	7	0.000	2	120	11	13	0	0.499
1	8	0.000	2	322	11	13	0	0.595
1	9	0.000	2	527	11	13	0	0.770
1	10	0.000	2	540	11	13	0	0.562
1	11	0.000	2	72	11	13	0	0.635
1	12	0.001	2	250	11	13	0	0.521
1	13	0.001	2	382	11	13	0	0.442
1	14	0.002	2	43	11	13	0	0.457
1	15	0.001	2	42	11	13	0	0.537
1	16	0.001	2	267	11	13	0	0.425
1	17	0.002	2	352	11	13	0	0.401
1	18	0.002	1	415	13	NaN	0	NaN
1	19	0.002	2	70	11	NaN	0	NaN
1	20	0.002	2	91	11	13	0	0.048
1	21	0.002	2	252	11	13	0	0.816
1	22	0.003	2	188	11	13	0	0.696
1	23	0.003	2	531	11	13	0	0.479
1	24	0.003	2	369	11	13	0	0.799
1	25	0.003	2	293	11	13	0	0.775
1	26	0.003	2	298	11	13	0	0.615
1	27	0.004	2	111	11	13	0	0.543
1	28	0.004	2	400	11	13	0	0.487
1	29	0.004	1	274	13	13	1	0.526
1	30	0.004	2	12	11	13	0	0.542
1	31	0.004	2	333	11	13	0	0.550
1	32	0.005	2	243	11	13	0	0.494
1	33	0.005	2	522	11	13	0	0.494
1	34	0.005	2	451	11	13	0	0.502
1	35	0.005	2	134	11	13	0	0.541
1	36	0.005	2	235	11	NaN	0	NaN
1	37	0.005	1	70	13	NaN	0	NaN
1	38	0.006	2	178	11	NaN	0	NaN
1	39	0.006	2	262	11	13	0	0.629
1	40	0.006	2	405	11	13	0	0.556
1	41	0.006	2	121	11	13	0	0.564
1	42	0.007	2	8	11	13	0	0.492
1	43	0.007	2	26	11	13	0	0.484
1	44	0.007	2	362	11	13	0	0.411
1	45	0.007	2	442	11	13	0	0.451
1	46	0.007	2	332	11	13	0	0.499
1	47	0.008	2	436	11	13	0	0.427
1	48	0.007	2	455	11	13	0	0.468
1	49	0.008	1	57	13	13	1	0.442
1	50	0.008	2	475	11	13	0	0.675
1	51	0.008	2	508	11	13	0	0.706
1	52	0.008	2	171	11	13	0	0.690
1	53	0.009	1	221	13	NaN	0	NaN
1	54	0.009	2	489	11	13	0	0.625
1	55	0.009	2	486	11	NaN	0	NaN
1	56	0.009	2	50	11	13	0	0.593
1	57	0.009	2	299	11	13	0	0.521
1	58	0.010	2	45	11	13	0	0.592
1	59	0.010	2	365	11	13	0	0.521
1	60	0.010	2	375	11	13	0	0.544
1	61	0.010	2	429	11	13	0	0.528
1	62	0.010	2	402	11	13	0	0.488
1	63	0.011	2	52	11	13	0	0.496
1	64	0.011	2	507	11	13	0	0.503
1	65	0.011	2	126	11	13	0	0.696
1	66	0.011	2	414	11	13	0	0.552
1	67	0.011	2	294	11	13	0	0.567
1	68	0.012	2	251	11	13	0	0.503
1	69	0.012	2	537	11	13	0	0.439
1	70	0.012	2	209	11	13	0	0.423
1	71	0.012	2	47	11	13	0	0.575
1	72	-0.001	2	289	11	13	0	0.572
1	73	-0.000	2	281	11	13	0	0.515
1	74	-0.000	2	98	11	13	0	0.794
1	75	-0.000	2	443	11	13	0	0.634
1	76	0.000	2	524	11	13	0	0.394
1	77	0.000	2	542	11	13	0	0.499
1	78	0.000	2	354	11	13	0	0.467
1	79	0.000	2	51	11	13	0	0.579
1	80	0.000	2	226	11	13	0	0.730
1	81	0.001	2	22	11	13	0	0.673
1	82	0.001	2	325	11	13	0	0.649
1	83	0.001	2	431	11	13	0	0.713
1	84	0.001	2	165	11	NaN	0	NaN
1	85	0.001	2	423	11	13	0	0.714
1	86	0.002	1	459	13	13	1	0.649
1	87	0.002	2	509	11	13	0	0.601
1	88	0.002	2	73	11	13	0	0.648
1	89	0.002	2	420	11	13	0	0.624
1	90	0.003	2	380	11	13	0	0.633
1	91	0.002	2	144	11	13	0	0.632
1	92	0.003	2	428	11	13	0	0.672
1	93	0.003	2	66	11	13	0	0.751
1	94	0.003	2	110	11	13	0	0.719
1	95	0.003	2	87	11	13	0	0.647
1	96	0.003	2	172	11	13	0	0.559
1	97	0.003	2	434	11	13	0	0.511
1	98	0.004	2	231	11	13	0	0.455
1	99	0.004	2	470	11	13	0	0.534
1	100	0.004	2	241	11	13	0	0.550
1	101	0.005	2	18	11	13	0	0.558
1	102	0.005	2	15	11	13	0	0.486
1	103	0.005	2	156	11	13	0	0.525
1	104	0.005	2	424	11	13	0	0.533
1	105	0.005	2	291	11	13	0	0.573
1	106	0.006	2	200	11	13	0	0.525
1	107	0.006	2	32	11	13	0	0.556
1	108	0.006	2	396	11	13	0	0.452
1	109	0.006	2	504	11	13	0	0.389
1	110	0.006	1	94	13	NaN	0	NaN
1	111	0.007	2	161	11	NaN	0	NaN
1	112	0.007	2	151	11	13	0	0.508
1	113	0.007	2	368	11	13	0	0.500
1	114	0.007	2	249	11	13	0	0.436
1	115	0.007	2	222	11	13	0	0.451
1	116	0.007	2	525	11	13	0	0.419
1	117	0.008	1	416	13	NaN	0	NaN
1	118	0.008	2	513	11	13	0	0.515
1	119	0.008	2	196	11	13	0	0.451
1	120	0.008	2	478	11	13	0	0.594
1	121	0.008	2	346	11	13	0	0.634
1	122	0.009	2	314	11	13	0	0.634
1	123	0.009	2	344	11	13	0	0.602
1	124	0.009	2	324	11	13	0	0.434
1	125	0.009	2	28	11	13	0	0.401
1	126	0.009	2	378	11	13	0	0.369
1	127	0.010	1	45	13	NaN	0	NaN
1	128	0.010	2	218	11	13	0	0.681
1	129	0.010	2	340	11	13	0	0.752
1	130	0.010	2	305	11	13	0	0.537
1	131	0.010	2	539	11	13	0	0.600
1	132	0.010	2	379	11	13	0	0.600
1	133	0.011	2	277	11	13	0	0.528
1	134	0.011	2	187	11	13	0	0.559
1	135	0.011	2	40	11	13	0	0.480
1	136	0.011	2	490	11	13	0	0.519
1	137	0.012	2	79	11	13	0	0.503
1	138	0.012	2	276	11	13	0	0.790
1	139	0.012	2	376	11	13	0	0.583
1	140	-0.001	2	439	11	13	0	0.500
1	141	-0.001	2	55	11	13	0	0.443
1	142	-0.000	2	272	11	13	0	0.483
1	143	-0.000	2	118	11	13	0	0.427
1	144	-0.000	2	308	11	13	0	0.410
1	145	0.000	1	354	13	13	1	0.570
1	146	0.000	2	75	11	13	0	0.514
1	147	0.000	2	205	11	13	0	0.658
1	148	0.000	2	547	11	13	0	0.562
1	149	0.000	2	545	11	13	0	0.634
1	150	0.001	2	215	11	13	0	0.505
1	151	0.001	2	416	11	13	0	0.562
1	152	0.001	2	415	11	13	0	0.497
1	153	0.001	2	148	11	13	0	0.450
1	154	0.001	2	302	11	13	0	0.441
1	155	0.002	2	404	11	13	0	0.425
1	156	0.002	2	292	11	13	0	0.561
1	157	0.002	2	426	11	13	0	0.512
1	158	0.002	2	460	11	13	0	0.521
1	159	0.003	2	390	11	13	0	0.472
1	160	0.003	2	166	11	13	0	0.448
1	161	0.003	2	313	11	13	0	0.455
1	162	0.003	2	484	11	13	0	0.431
1	163	0.003	2	329	11	13	0	0.407
1	164	0.003	2	154	11	13	0	0.439
1	165	0.004	2	526	11	13	0	0.431
1	166	0.003	2	82	11	13	0	0.527
1	167	0.004	2	474	11	13	0	0.526
1	168	0.004	2	236	11	13	0	0.391
1	169	0.004	2	214	11	13	0	0.502
1	170	0.005	2	89	11	13	0	0.541
1	171	0.005	2	20	11	13	0	0.469
1	172	0.005	2	128	11	13	0	0.381
1	173	0.005	2	331	11	13	0	0.477
1	174	0.005	2	493	11	13	0	0.413
1	175	0.006	2	430	11	13	0	0.413
1	176	0.006	2	14	11	13	0	0.413
1	177	0.006	2	418	11	13	0	0.413
1	178	0.006	2	279	11	13	0	0.397
1	179	0.006	2	173	11	13	0	0.461
1	180	0.007	2	335	11	13	0	0.492
1	181	0.007	2	383	11	13	0	0.428
1	182	0.007	2	349	11	13	0	0.388
1	183	0.007	2	132	11	13	0	0.428
1	184	0.007	2	217	11	13	0	0.411
1	185	0.008	2	343	11	13	0	0.371
1	186	0.008	2	472	11	13	0	0.354
1	187	0.008	1	299	13	NaN	0	NaN
1	188	0.008	2	256	11	13	0	0.483
1	189	0.008	2	268	11	13	0	0.458
1	190	0.009	2	422	11	13	0	0.370
1	191	0.009	2	468	11	13	0	0.321
1	192	0.009	2	500	11	13	0	0.314
1	193	0.009	1	138	13	NaN	0	NaN
1	194	0.009	2	57	11	13	0	0.362
1	195	0.009	2	361	11	13	0	0.273
1	196	0.010	2	146	11	13	0	0.385
1	197	0.010	1	192	13	13	1	0.296
1	198	0.010	2	303	11	13	0	0.656
1	199	0.011	2	125	11	13	0	0.408
1	200	0.010	2	499	11	13	0	0.456
1	201	0.011	2	485	11	13	0	0.432
1	202	0.011	2	473	11	13	0	0.335
1	203	0.011	2	304	11	13	0	0.296
1	204	0.011	2	450	11	13	0	0.288
1	205	0.011	1	212	13	13	1	0.471
1	206	0.012	2	195	11	13	0	0.391
1	207	0.012	2	283	11	13	0	0.351
1	208	0.012	2	208	11	NaN	0	NaN
1	209	-0.001	2	258	11	13	0	0.827
1	210	-0.001	1	269	13	13	1	0.443
1	211	-0.000	2	114	11	13	0	0.387
1	212	0.013	2	479	11	13	0	0.502
1	213	-0.000	2	386	11	13	0	0.467
1	214	0.000	2	175	11	13	0	0.627
1	215	0.000	2	131	11	NaN	0	NaN
1	216	0.000	2	496	11	13	0	0.515
1	217	0.000	1	332	13	NaN	0	NaN
1	218	0.000	2	56	11	13	0	0.394
1	219	0.001	2	421	11	13	0	0.561
1	220	0.001	2	307	11	13	0	0.537
1	221	0.001	2	117	11	13	0	0.569
1	222	0.001	2	487	11	13	0	0.786
1	223	0.002	1	523	13	NaN	0	NaN
1	224	0.002	2	534	11	13	0	0.728
1	225	0.002	2	538	11	13	0	0.497
1	226	0.002	2	2	11	13	0	0.408
1	227	0.002	2	341	11	13	0	0.385
1	228	0.002	2	65	11	13	0	0.640
1	229	0.003	2	167	11	13	0	0.576
1	230	0.003	2	334	11	13	0	0.464
1	231	0.003	2	447	11	13	0	0.399
1	232	0.003	2	228	11	13	0	0.511
1	233	0.003	2	16	11	13	0	0.423
1	234	0.004	2	401	11	13	0	0.439
1	235	0.004	2	330	11	13	0	0.551
1	236	0.004	2	85	11	13	0	0.702
1	237	0.004	2	290	11	13	0	0.766
1	238	0.004	1	517	13	NaN	0	NaN
1	239	0.005	2	453	11	11	1	0.654
1	240	0.005	2	61	11	11	1	0.589
1	241	0.005	2	122	11	11	1	0.669
1	242	0.005	1	47	13	NaN	0	NaN
1	243	0.005	2	223	11	11	1	0.501
1	244	0.006	2	203	11	11	1	0.765
1	245	0.006	2	71	11	11	1	0.701
1	246	0.006	1	109	13	NaN	0	NaN
1	247	0.006	2	232	11	11	1	0.525
1	248	0.006	2	176	11	11	1	0.884
1	249	0.007	2	417	11	11	1	0.612
1	250	0.007	1	516	13	NaN	0	NaN
1	251	0.007	2	31	11	11	1	0.491
1	252	0.007	2	364	11	11	1	0.492
1	253	0.007	2	476	11	11	1	0.747
1	254	0.007	2	397	11	11	1	0.651
1	255	0.008	1	298	13	NaN	0	NaN
1	256	0.008	2	384	11	11	1	0.699
1	257	0.008	2	105	11	11	1	0.563
1	258	0.008	2	310	11	11	1	0.386
1	259	0.009	2	467	11	11	1	0.434
1	260	0.009	2	457	11	11	1	0.506
1	261	0.009	2	459	11	11	1	0.426
1	262	0.009	2	69	11	11	1	0.409
1	263	0.009	2	409	11	11	1	0.385
1	264	0.009	2	437	11	11	1	0.489
1	265	0.009	2	239	11	11	1	0.418
1	266	0.010	2	462	11	11	1	0.537
1	267	0.010	2	456	11	11	1	0.393
1	268	0.010	2	115	11	11	1	0.408
1	269	0.010	2	174	11	11	1	0.393
1	270	0.011	2	254	11	11	1	0.464
1	271	0.010	2	530	11	11	1	0.512
1	272	0.010	2	408	11	11	1	0.392
1	273	0.011	2	319	11	11	1	0.439
1	274	0.011	2	419	11	11	1	0.351
1	275	0.012	2	427	11	11	1	0.439
1	276	0.012	2	355	11	11	1	0.567
1	277	0.012	2	113	11	11	1	0.486
1	278	-0.001	2	407	11	11	1	0.411
1	279	0.012	2	511	11	11	1	0.295
1	280	-0.001	2	410	11	11	1	0.427
1	281	-0.000	2	109	11	11	1	0.331
1	282	-0.000	1	357	13	11	0	0.283
1	283	0.000	2	311	11	11	1	0.378
1	284	0.000	2	548	11	11	1	0.274
1	285	0.000	2	142	11	11	1	0.314
1	286	0.013	1	321	13	11	0	0.277
1	287	0.000	2	92	11	11	1	0.466
1	288	0.001	2	23	11	11	1	0.329
1	289	0.001	2	37	11	11	1	0.321
1	290	0.001	2	541	11	11	1	0.425
1	291	0.001	2	348	11	11	1	0.401
1	292	0.002	2	123	11	11	1	0.408
1	293	0.002	2	550	11	11	1	0.553
1	294	0.002	2	288	11	11	1	0.369
1	295	0.002	2	358	11	11	1	0.408
1	296	0.002	2	17	11	11	1	0.337
1	297	0.003	2	145	11	11	1	0.376
1	298	0.003	2	350	11	11	1	0.560
1	299	0.003	2	533	11	11	1	0.344
1	300	0.003	2	512	11	11	1	0.375
1	301	0.003	2	265	11	11	1	0.399
1	302	0.003	2	162	11	11	1	0.383
1	303	0.004	2	158	11	11	1	0.367
1	304	0.004	2	206	11	11	1	0.398
1	305	0.004	2	363	11	11	1	0.399
1	306	0.004	2	88	11	11	1	0.382
1	307	0.004	2	300	11	11	1	0.406
1	308	0.004	2	284	11	11	1	0.358
1	309	0.005	2	177	11	11	1	0.357
1	310	0.005	2	225	11	11	1	0.358
1	311	0.005	2	328	11	11	1	0.414
1	312	0.005	2	119	11	11	1	0.373
1	313	0.006	2	41	11	11	1	0.413
1	314	0.006	2	491	11	11	1	0.444
1	315	0.006	2	317	11	11	1	0.413
1	316	0.006	2	257	11	11	1	0.556
1	317	0.006	2	259	11	11	1	0.460
1	318	0.007	2	461	11	11	1	0.412
1	319	0.007	2	90	11	11	1	0.396
1	320	0.007	2	469	11	11	1	0.363
1	321	0.007	2	53	11	11	1	0.411
1	322	0.007	2	471	11	11	1	0.475
1	323	0.008	2	391	11	11	1	0.411
1	324	0.008	2	246	11	11	1	0.379
1	325	0.008	2	502	11	11	1	0.395
1	326	0.008	2	482	11	11	1	0.354
1	327	0.008	2	207	11	11	1	0.619
1	328	0.009	2	520	11	11	1	0.450
1	329	0.009	2	347	11	11	1	0.345
1	330	0.009	2	521	11	11	1	0.434
1	331	0.009	2	495	11	11	1	0.394
1	332	0.009	2	67	11	11	1	0.377
1	333	0.010	2	76	11	11	1	0.313
1	334	0.010	2	86	11	11	1	0.353
1	335	0.010	2	108	11	11	1	0.344
1	336	0.010	2	549	11	11	1	0.361
1	337	0.010	2	544	11	11	1	0.320
1	338	0.010	2	458	11	11	1	0.392
1	339	0.011	2	448	11	11	1	0.544
1	340	0.011	2	212	11	11	1	0.408
1	341	0.011	2	38	11	11	1	0.424
1	342	0.011	2	326	11	11	1	0.407
1	343	0.011	2	234	11	11	1	0.352
1	344	0.011	2	529	11	11	1	0.384
1	345	0.012	2	96	11	11	1	0.470
1	346	-0.001	2	181	11	11	1	0.404
1	347	-0.001	2	216	11	11	1	0.419
1	348	-0.001	2	189	11	11	1	0.379
1	349	-0.000	2	494	11	11	1	0.395
1	350	-0.000	2	367	11	11	1	0.355
1	351	0.000	2	130	11	11	1	0.442
1	352	0.000	2	4	11	11	1	0.418
1	353	0.000	2	133	11	11	1	0.474
1	354	0.000	2	425	11	11	1	0.426
1	355	0.000	2	286	11	11	1	0.514
1	356	0.000	2	192	11	11	1	0.443
1	357	0.001	2	9	11	11	1	0.465
1	358	0.001	2	266	11	11	1	0.401
1	359	0.002	2	242	11	11	1	0.441
1	360	0.001	2	441	11	11	1	0.449
1	361	0.002	2	54	11	11	1	0.401
1	362	0.002	2	11	11	11	1	0.321
1	363	0.002	2	264	11	11	1	0.505
1	364	0.002	2	501	11	11	1	0.544
1	365	0.002	2	247	11	11	1	0.656
1	366	0.003	1	258	13	NaN	0	NaN
1	367	0.003	2	345	11	11	1	0.496
1	368	0.003	2	488	11	11	1	0.391
1	369	0.003	2	106	11	11	1	0.463
1	370	0.003	2	46	11	11	1	0.327
1	371	0.004	2	261	11	11	1	0.399
1	372	0.004	2	81	11	11	1	0.407
1	373	0.004	2	413	11	11	1	0.375
1	374	0.004	2	116	11	11	1	0.359
1	375	0.004	2	169	11	11	1	0.390
1	376	0.004	2	193	11	11	1	0.358
1	377	0.005	2	63	11	11	1	0.398
1	378	0.005	2	510	11	11	1	0.374
1	379	0.005	2	150	11	11	1	0.445
1	380	0.005	2	444	11	11	1	0.629
1	381	0.005	2	34	11	11	1	0.582
1	382	0.006	1	342	13	NaN	0	NaN
1	383	0.006	2	412	11	11	1	0.501
1	384	0.006	2	483	11	11	1	0.413
1	385	0.006	2	372	11	11	1	0.388
1	386	0.006	2	33	11	11	1	0.332
1	387	0.007	2	366	11	11	1	0.284
1	388	0.007	2	6	11	11	1	0.308
1	389	0.007	2	129	11	11	1	0.276
1	390	0.007	1	412	13	11	0	0.331
1	391	0.007	2	306	11	11	1	0.435
1	392	0.008	2	213	11	11	1	0.331
1	393	0.008	2	211	11	11	1	0.403
1	394	0.008	2	153	11	11	1	0.275
1	395	0.008	2	275	11	11	1	0.274
1	396	0.008	2	27	11	11	1	0.475
1	397	0.009	2	229	11	11	1	0.610
1	398	0.009	2	452	11	11	1	0.442
1	399	0.008	1	114	13	NaN	0	NaN
1	400	0.009	2	29	11	11	1	0.713
1	401	0.009	2	84	11	11	1	0.673
1	402	0.009	2	233	11	11	1	0.489
1	403	0.010	1	230	13	NaN	0	NaN
1	404	0.010	2	5	11	11	1	0.384
1	405	0.010	2	337	11	11	1	0.624
1	406	0.010	2	301	11	11	1	0.384
1	407	0.011	2	139	11	11	1	0.584
1	408	0.011	1	291	13	NaN	0	NaN
1	409	0.011	2	138	11	11	1	0.776
1	410	0.011	2	221	11	11	1	0.560
1	411	0.011	2	374	11	11	1	0.447
1	412	0.011	1	241	13	NaN	0	NaN
1	413	0.012	2	97	11	11	1	0.687
1	414	0.012	2	465	11	11	1	0.487
1	415	0.012	2	505	11	11	1	0.463
1	416	-0.001	1	311	13	NaN	0	NaN
1	417	0.012	2	44	11	11	1	0.375
1	418	-0.000	2	497	11	11	1	0.539
1	419	-0.000	2	385	11	11	1	0.427
1	420	-0.000	2	74	11	11	1	0.467
1	421	0.000	2	163	11	11	1	0.530
1	422	0.000	2	445	11	11	1	0.514
1	423	0.000	2	297	11	11	1	0.370
1	424	0.000	2	244	11	11	1	0.435
1	425	0.000	2	312	11	11	1	0.498
1	426	0.001	2	278	11	11	1	0.418
1	427	0.001	2	387	11	11	1	0.345
1	428	0.002	2	39	11	11	1	0.297
1	429	0.001	2	282	11	11	1	0.313
1	430	0.002	2	377	11	11	1	0.329
1	431	0.002	2	517	11	11	1	0.296
1	432	0.002	2	101	11	11	1	0.273
1	433	0.002	2	260	11	11	1	0.361
1	434	0.002	2	99	11	11	1	0.368
1	435	0.003	2	438	11	11	1	0.336
1	436	0.002	2	295	11	11	1	0.353
1	437	0.003	2	285	11	11	1	0.416
1	438	0.003	2	35	11	11	1	0.368
1	439	0.003	2	536	11	11	1	0.320
1	440	0.004	2	140	11	11	1	0.423
1	441	0.004	2	124	11	11	1	0.551
1	442	0.004	2	280	11	11	1	0.487
1	443	0.004	2	296	11	11	1	0.686
1	444	0.004	1	318	13	11	0	0.486
1	445	0.004	2	183	11	11	1	0.390
1	446	0.005	2	535	11	11	1	0.318
1	447	0.005	2	351	11	11	1	0.293
1	448	0.005	2	435	11	11	1	0.365
1	449	0.005	2	357	11	11	1	0.413
1	450	0.005	2	440	11	11	1	0.453
1	451	0.006	2	103	11	11	1	0.405
1	452	0.006	2	220	11	11	1	0.413
1	453	0.006	2	152	11	11	1	0.364
1	454	0.006	1	513	13	NaN	0	NaN
1	455	0.006	2	3	11	11	1	0.412
1	456	0.007	2	321	11	11	1	0.396
1	457	0.007	2	62	11	11	1	0.420
1	458	0.007	2	392	11	11	1	0.379
1	459	0.007	2	201	11	11	1	0.460
1	460	0.007	2	94	11	11	1	0.491
1	461	0.008	2	112	11	11	1	0.507
1	462	0.008	2	21	11	11	1	0.563
1	463	0.008	2	95	11	11	1	0.483
1	464	0.008	2	155	11	11	1	0.467
1	465	0.008	2	59	11	11	1	0.410
1	466	0.009	2	399	11	11	1	0.386
1	467	0.009	2	127	11	11	1	0.442
1	468	0.009	1	282	13	11	0	0.537
1	469	0.009	2	230	11	11	1	0.385
1	470	0.009	2	477	11	11	1	0.530
1	471	0.010	1	497	13	NaN	0	NaN
1	472	0.010	2	180	11	11	1	0.497
1	473	0.009	2	316	11	11	1	0.553
1	474	0.010	2	190	11	11	1	0.440
1	475	0.010	2	338	11	11	1	0.425
1	476	0.011	2	185	11	11	1	0.320
1	477	0.010	2	516	11	11	1	0.568
1	478	0.011	2	388	11	11	1	0.560
1	479	0.011	2	204	11	11	1	0.640
1	480	0.011	2	248	11	11	1	0.695
1	481	0.011	2	245	11	11	1	0.575
1	482	0.011	2	197	11	11	1	0.551
1	483	0.012	2	25	11	11	1	0.687
1	484	0.012	2	136	11	11	1	0.559
1	485	-0.001	2	492	11	11	1	0.468
1	486	-0.001	1	418	13	NaN	0	NaN
1	487	-0.000	2	432	11	11	1	0.651
1	488	-0.000	2	464	11	11	1	0.771
1	489	-0.000	2	170	11	11	1	0.523
1	490	0.000	1	457	13	NaN	0	NaN
1	491	0.000	1	104	13	NaN	0	NaN
1	492	0.000	2	506	11	11	1	0.779
1	493	0.000	2	238	11	11	1	0.531
1	494	0.000	2	463	11	11	1	0.554
1	495	0.001	2	224	11	11	1	0.426
1	496	0.001	2	403	11	11	1	0.609
1	497	0.002	2	315	11	11	1	0.481
1	498	0.001	2	480	11	11	1	0.433
1	499	0.002	2	83	11	11	1	0.465
1	500	0.002	2	210	11	11	1	0.713

*********************************************
* Sustained Attention and Recognition Memory Experiment - Memory Test v.1.0
* Date/Time: 17-Nov-2015 14:50:04
* Seed: 212896.1392
* Subject Number: 26
* Subject Name: ES
* Run Number: 1
* debug: 0
*********************************************

1	1	2	1	265	30	0	1.767
1	2	1	4	162	31	1	1.087
1	3	2	1	41	31	0	0.884
1	4	2	3	7	32	0	0.987
1	5	1	2	416	33	1	0.771
1	6	2	3	381	32	0	1.045
1	7	2	3	100	30	1	1.356
1	8	1	4	445	30	1	0.879
1	9	1	4	369	30	1	0.761
1	10	2	1	201	33	1	1.331
1	11	2	3	194	33	0	0.702
1	12	2	3	271	31	1	1.160
1	13	2	1	513	32	1	0.868
1	14	1	4	11	30	1	0.815
1	15	2	1	548	33	1	0.972
1	16	2	3	523	32	0	1.228
1	17	1	2	109	33	1	1.060
1	18	2	1	330	32	1	1.315
1	19	2	1	479	31	0	1.143
1	20	2	1	417	33	1	1.098
1	21	2	1	483	32	1	1.060
1	22	1	4	317	30	1	0.828
1	23	1	2	523	33	1	1.420
1	24	1	4	171	30	1	1.362
1	25	1	2	321	30	0	1.277
1	26	2	3	515	31	1	1.264
1	27	2	3	77	31	1	1.268
1	28	1	2	497	30	0	1.001
1	29	1	4	464	32	0	1.176
1	30	1	4	183	31	1	1.235
1	31	2	3	104	31	1	1.221
1	32	1	2	412	32	1	1.028
1	33	1	4	80	31	1	1.199
1	34	1	4	156	30	1	0.780
1	35	1	4	35	30	1	0.827
1	36	2	1	151	32	1	1.315
1	37	2	1	195	33	1	0.861
1	38	1	4	500	30	1	1.005
1	39	1	4	434	30	1	1.071
1	40	1	4	338	30	1	0.849
1	41	1	2	513	33	1	1.062
1	42	1	4	78	31	1	1.294
1	43	2	3	532	32	0	1.477
1	44	2	3	147	33	0	0.746
1	45	1	4	432	30	1	0.834
1	46	2	1	522	32	1	1.302
1	47	2	1	382	31	0	1.047
1	48	2	1	340	33	1	0.827
1	49	1	4	5	32	0	1.274
1	50	2	1	476	33	1	0.816
1	51	2	1	200	33	1	0.938
1	52	2	3	353	33	0	0.639
1	53	1	4	537	30	1	0.814
1	54	1	2	269	30	0	0.860
1	55	1	2	318	31	0	1.227
1	56	2	3	514	31	1	1.131
1	57	1	4	261	30	1	1.029
1	58	2	3	519	32	0	1.071
1	59	2	3	287	32	0	0.913
1	60	1	2	230	30	0	0.958
1	61	2	3	30	31	1	1.243
1	62	2	3	395	31	1	1.197
1	63	2	3	202	32	0	1.077
1	64	1	4	24	30	1	0.948
1	65	2	3	253	32	0	1.087
1	66	2	3	370	33	0	0.814
1	67	1	4	490	30	1	0.913
1	68	2	3	48	33	0	0.861
1	69	2	3	58	33	0	0.973
1	70	1	4	135	30	1	0.856
1	71	1	4	66	30	1	0.788
1	72	2	3	237	32	0	0.932
1	73	1	4	510	30	1	0.855
1	74	2	3	36	33	0	1.065
1	75	1	4	362	31	1	1.368
1	76	2	1	517	32	1	1.330
1	77	2	3	199	32	0	1.399
1	78	2	1	315	33	1	0.964
1	79	2	1	516	32	1	1.088
1	80	1	4	390	32	0	1.508
1	81	2	1	140	31	0	1.219
1	82	2	3	543	32	0	0.973
1	83	2	3	528	32	0	1.119
1	84	1	2	354	31	0	1.631
1	85	2	1	386	31	0	1.283
1	86	1	2	258	33	1	1.275
1	87	2	3	182	33	0	0.856
1	88	1	4	41	30	1	0.917
1	89	1	2	332	30	0	0.933
1	90	2	3	13	33	0	0.975
1	91	1	2	291	33	1	1.412
1	92	2	1	98	31	0	1.096
1	93	1	4	503	30	1	1.125
1	94	2	1	112	33	1	0.933
1	95	2	1	506	32	1	1.130
1	96	1	2	457	33	1	1.060
1	97	2	3	503	32	0	1.454
1	98	2	3	159	32	0	1.222
1	99	2	3	394	33	0	1.085
1	100	2	1	34	33	1	3.163
1	101	2	1	418	32	1	1.330
1	102	1	4	525	31	1	1.132
1	103	2	3	184	30	1	1.560
1	104	2	1	5	30	0	1.133
1	105	2	1	369	33	1	0.983
1	106	1	4	319	30	1	1.079
1	107	2	3	255	32	0	1.236
1	108	2	3	168	32	0	1.382
1	109	2	1	286	33	1	0.947
1	110	2	1	158	33	1	0.784
1	111	2	1	450	33	1	0.925
1	112	1	2	192	30	0	0.868
1	113	2	1	236	33	1	0.950
1	114	2	1	134	32	1	0.830
1	115	2	3	269	30	1	0.868
1	116	2	3	19	31	1	1.296
1	117	1	2	516	33	1	1.013
1	118	2	1	545	32	1	1.210
1	119	1	2	241	30	0	1.423
1	120	1	4	264	30	1	0.785
1	121	1	2	418	33	1	0.985
1	122	1	4	193	31	1	1.565
1	123	1	2	311	32	1	1.365
1	124	2	1	38	31	0	1.090
1	125	1	4	542	30	1	0.988
1	126	1	2	138	30	0	1.746
1	127	2	1	277	32	1	1.067
1	128	2	1	325	32	1	1.126
1	129	1	2	298	30	0	1.125
1	130	2	1	39	31	0	1.087
1	131	2	1	426	31	0	1.383
1	132	1	2	299	31	0	0.980
1	133	1	2	70	33	1	1.235
1	134	2	3	518	31	1	1.181
1	135	1	4	200	30	1	1.003
1	136	2	1	508	31	0	1.090
1	137	1	4	83	30	1	1.197
1	138	2	1	72	31	0	1.305
1	139	2	3	360	31	1	0.920
1	140	1	2	212	31	0	0.925
1	141	1	4	53	32	0	0.981
1	142	1	2	57	30	0	0.791
1	143	2	3	160	31	1	1.239
1	144	2	1	524	31	0	1.025
1	145	1	4	190	30	1	0.774
1	146	2	3	141	32	0	1.259
1	147	2	1	306	33	1	0.949
1	148	1	2	415	32	1	1.263
1	149	1	4	428	30	1	0.983
1	150	2	3	389	31	1	1.071
1	151	1	4	337	30	1	0.721
1	152	2	1	108	30	0	0.862
1	153	2	1	534	33	1	1.027
1	154	1	2	517	30	0	0.997
1	155	2	3	164	32	0	0.941
1	156	2	3	270	31	1	0.980
1	157	1	2	342	30	0	0.878
1	158	1	2	45	30	0	0.852
1	159	2	1	387	31	0	0.875
1	160	1	2	357	30	0	0.787
1	161	2	3	240	32	0	2.274
1	162	2	1	300	33	1	0.751
1	163	2	3	135	33	0	0.716
1	164	2	3	466	32	0	0.798
1	165	2	1	276	33	1	1.147
1	166	1	2	459	30	0	1.086
1	167	2	3	64	31	1	1.005
1	168	2	1	436	32	1	1.199
1	169	1	2	274	30	0	0.839
1	170	1	4	122	31	1	1.295
1	171	1	2	94	33	1	1.078
1	172	2	1	462	32	1	0.859
1	173	1	2	47	30	0	1.162
1	174	2	3	371	31	1	1.045
1	175	1	2	282	33	1	1.253
1	176	1	2	548	33	1	1.579
1	177	1	2	221	33	1	0.923
1	178	1	2	104	32	1	1.021
1	179	2	3	157	32	0	1.851
1	180	1	2	114	30	0	1.375
