
*********************************************
* Sustained Attention and Recognition Memory Experiment - Sustained Attention Task v.1.0
* Date/Time: 16-Feb-2015 12:20:14
* Seed: 212260.2753
* Subject Number: 73
* Subject Name: RD
* Run Number: 1
* debug: 0
*********************************************

run	trl	tdf	sct	simg	crsp	rsp	acc	rt
1	1	0.012	1	172	11	11	1	0.543
1	2	0.012	1	253	11	11	1	0.597
1	3	0.012	1	547	11	11	1	0.527
1	4	0.013	2	222	13	13	1	0.550
1	5	0.013	1	448	11	11	1	0.703
1	6	0.013	1	540	11	13	0	0.791
1	7	0.013	1	472	11	11	1	0.701
1	8	0.013	1	543	11	11	1	0.677
1	9	0.013	1	527	11	11	1	0.686
1	10	0.014	1	436	11	11	1	0.646
1	11	0.014	1	451	11	11	1	0.620
1	12	0.014	2	82	13	13	1	0.549
1	13	0.014	1	531	11	11	1	0.555
1	14	0.001	1	91	11	11	1	0.562
1	15	0.001	1	541	11	11	1	0.586
1	16	0.001	1	390	11	11	1	0.544
1	17	0.002	1	463	11	11	1	0.490
1	18	0.002	1	503	11	11	1	0.466
1	19	0.002	1	420	11	11	1	0.441
1	20	0.002	1	482	11	11	1	0.449
1	21	0.002	1	495	11	11	1	0.471
1	22	0.003	1	19	11	11	1	0.449
1	23	0.003	1	60	11	11	1	0.487
1	24	0.003	2	508	13	11	0	0.479
1	25	0.003	1	173	11	11	1	0.504
1	26	0.003	1	236	11	11	1	0.574
1	27	0.004	1	33	11	11	1	0.536
1	28	0.004	1	427	11	11	1	0.496
1	29	0.004	1	325	11	11	1	0.472
1	30	0.004	1	345	11	11	1	0.480
1	31	0.004	1	519	11	13	0	0.648
1	32	0.005	1	162	11	11	1	0.734
1	33	0.005	2	42	13	13	1	0.661
1	34	0.005	1	507	11	11	1	0.639
1	35	0.005	2	11	13	13	1	0.629
1	36	0.005	1	69	11	11	1	0.573
1	37	0.006	1	167	11	11	1	0.581
1	38	0.006	1	103	11	11	1	0.589
1	39	0.006	1	302	11	11	1	0.549
1	40	0.006	1	40	11	11	1	0.508
1	41	0.006	1	81	11	11	1	0.467
1	42	0.007	1	85	11	11	1	0.476
1	43	0.007	1	48	11	11	1	0.451
1	44	0.007	1	524	11	11	1	0.491
1	45	0.007	1	538	11	11	1	0.484
1	46	0.007	1	412	11	11	1	0.476
1	47	0.007	1	276	11	11	1	0.500
1	48	0.008	1	319	11	11	1	0.492
1	49	0.008	1	449	11	11	1	0.532
1	50	0.008	1	387	11	11	1	0.571
1	51	0.008	1	248	11	11	1	0.547
1	52	0.008	2	22	13	13	1	0.492
1	53	0.009	2	244	13	13	1	0.545
1	54	0.009	1	88	11	11	1	0.489
1	55	0.009	1	229	11	11	1	0.481
1	56	0.009	1	460	11	11	1	0.521
1	57	0.009	1	52	11	11	1	0.499
1	58	0.010	1	175	11	11	1	0.473
1	59	0.010	1	34	11	11	1	0.433
1	60	0.010	1	56	11	11	1	0.410
1	61	0.010	1	145	11	11	1	0.384
1	62	0.010	1	323	11	11	1	0.424
1	63	0.011	1	303	11	11	1	0.432
1	64	0.011	1	497	11	11	1	0.489
1	65	0.011	1	254	11	11	1	0.433
1	66	0.011	1	433	11	11	1	0.472
1	67	0.011	1	179	11	11	1	0.430
1	68	0.012	1	39	11	11	1	0.472
1	69	0.012	1	466	11	11	1	0.448
1	70	0.012	1	275	11	11	1	0.423
1	71	0.012	2	124	13	11	0	0.432
1	72	0.012	1	77	11	11	1	0.518
1	73	0.013	1	57	11	11	1	0.478
1	74	0.013	1	29	11	11	1	0.469
1	75	0.013	1	44	11	11	1	0.447
1	76	0.013	1	349	11	11	1	0.501
1	77	0.013	1	322	11	11	1	0.511
1	78	0.013	1	480	11	11	1	0.502
1	79	0.014	2	543	13	13	1	0.493
1	80	0.014	2	170	13	13	1	0.581
1	81	0.014	1	203	11	11	1	0.525
1	82	0.001	1	158	11	11	1	0.880
1	83	0.001	1	27	11	11	1	0.619
1	84	0.001	2	359	13	13	1	0.610
1	85	0.001	1	95	11	11	1	0.601
1	86	0.002	1	348	11	11	1	0.560
1	87	0.002	1	406	11	11	1	0.520
1	88	0.002	1	159	11	11	1	0.480
1	89	0.002	2	354	13	13	1	0.569
1	90	0.002	1	234	11	11	1	0.561
1	91	0.003	1	68	11	11	1	0.600
1	92	0.003	1	408	11	11	1	0.512
1	93	0.003	1	292	11	11	1	0.486
1	94	0.003	1	190	11	11	1	0.527
1	95	0.003	1	313	11	11	1	0.504
1	96	0.004	2	37	13	13	1	0.512
1	97	0.004	1	318	11	11	1	0.504
1	98	0.004	1	221	11	11	1	0.605
1	99	0.004	1	281	11	11	1	0.518
1	100	0.004	1	82	11	11	1	0.510
1	101	0.005	1	26	11	11	1	0.453
1	102	0.005	1	268	11	11	1	0.511
1	103	0.005	1	384	11	11	1	0.533
1	104	0.005	2	380	13	13	1	0.526
1	105	0.005	1	9	11	11	1	0.468
1	106	0.006	1	324	11	11	1	0.476
1	107	0.006	1	216	11	11	1	0.420
1	108	0.006	1	24	11	11	1	0.524
1	109	0.006	1	317	11	11	1	0.453
1	110	0.006	1	312	11	11	1	0.380
1	111	0.007	1	550	11	11	1	0.373
1	112	0.007	1	403	11	11	1	0.380
1	113	0.007	1	94	11	11	1	0.388
1	114	0.007	1	12	11	11	1	0.412
1	115	0.007	1	121	11	11	1	0.371
1	116	0.007	1	243	11	11	1	0.380
1	117	0.008	1	46	11	11	1	0.339
1	118	0.008	1	273	11	11	1	0.346
1	119	0.008	1	36	11	11	1	0.323
1	120	0.008	1	171	11	11	1	0.315
1	121	0.008	1	426	11	11	1	0.291
1	122	0.009	2	152	13	13	1	0.427
1	123	0.009	1	58	11	11	1	0.480
1	124	0.009	1	415	11	11	1	0.504
1	125	0.009	1	402	11	11	1	0.465
1	126	0.009	1	265	11	11	1	0.505
1	127	0.010	1	278	11	11	1	0.464
1	128	0.010	1	180	11	11	1	0.472
1	129	0.010	1	300	11	11	1	0.512
1	130	0.010	1	280	11	11	1	0.458
1	131	0.010	1	32	11	11	1	0.399
1	132	0.010	1	133	11	11	1	0.376
1	133	0.011	1	496	11	11	1	0.431
1	134	0.011	1	50	11	11	1	0.424
1	135	0.011	1	306	11	11	1	0.415
1	136	0.011	1	99	11	11	1	0.406
1	137	0.012	1	455	11	11	1	0.479
1	138	0.012	1	291	11	11	1	0.440
1	139	0.012	1	16	11	11	1	0.431
1	140	0.012	1	118	11	11	1	0.440
1	141	0.012	1	117	11	11	1	0.399
1	142	0.013	1	504	11	11	1	0.405
1	143	0.013	1	473	11	11	1	0.477
1	144	0.013	1	13	11	11	1	0.470
1	145	0.013	1	505	11	11	1	0.462
1	146	0.013	1	363	11	11	1	0.487
1	147	0.013	1	176	11	11	1	0.493
1	148	0.014	1	78	11	11	1	0.453
1	149	0.014	1	370	11	11	1	0.396
1	150	0.014	2	350	13	13	1	0.531
1	151	0.014	1	401	11	11	1	0.460
1	152	0.001	1	17	11	11	1	0.499
1	153	0.001	1	421	11	11	1	0.473
1	154	0.001	1	185	11	11	1	0.514
1	155	0.002	1	63	11	11	1	0.504
1	156	0.002	1	381	11	11	1	0.464
1	157	0.002	1	241	11	11	1	0.375
1	158	0.002	1	469	11	11	1	0.433
1	159	0.002	1	217	11	11	1	0.408
1	160	0.003	1	53	11	11	1	0.577
1	161	0.003	1	55	11	11	1	0.569
1	162	0.003	1	429	11	11	1	0.577
1	163	0.003	1	534	11	11	1	0.617
1	164	0.003	1	371	11	11	1	0.575
1	165	0.004	1	72	11	11	1	0.600
1	166	0.004	1	205	11	11	1	0.559
1	167	0.004	1	155	11	11	1	0.520
1	168	0.004	1	147	11	11	1	0.477
1	169	0.004	1	486	11	11	1	0.501
1	170	0.005	1	440	11	11	1	0.462
1	171	0.005	1	343	11	11	1	0.455
1	172	0.005	2	23	13	13	1	0.574
1	173	0.005	1	484	11	11	1	0.532
1	174	0.005	1	79	11	11	1	0.527
1	175	0.006	1	361	11	11	1	0.501
1	176	0.006	1	204	11	11	1	0.460
1	177	0.006	1	417	11	11	1	0.532
1	178	0.006	1	528	11	11	1	0.588
1	179	0.006	1	474	11	11	1	0.515
1	180	0.007	1	15	11	11	1	0.556
1	181	0.007	1	501	11	11	1	0.533
1	182	0.007	1	124	11	11	1	0.541
1	183	0.007	1	71	11	11	1	0.580
1	184	0.007	1	240	11	11	1	0.509
1	185	0.007	1	164	11	11	1	0.450
1	186	0.008	1	73	11	11	1	0.476
1	187	0.008	2	465	13	13	1	0.497
1	188	0.008	1	445	11	11	1	0.444
1	189	0.008	1	28	11	11	1	0.449
1	190	0.008	1	22	11	11	1	0.394
1	191	0.009	1	526	11	11	1	0.385
1	192	0.009	2	351	13	13	1	0.569
1	193	0.009	1	261	11	11	1	0.547
1	194	0.009	1	471	11	11	1	0.616
1	195	0.009	1	394	11	11	1	0.642
1	196	0.010	1	76	11	11	1	0.569
1	197	0.010	1	393	11	11	1	0.528
1	198	0.010	1	391	11	11	1	0.489
1	199	0.010	1	2	11	11	1	0.432
1	200	0.010	1	178	11	11	1	0.377
1	201	0.011	1	130	11	11	1	0.353
1	202	0.011	2	17	13	13	1	0.600
1	203	0.011	1	257	11	11	1	0.655
1	204	0.011	1	330	11	11	1	0.663
1	205	0.011	1	457	11	11	1	0.672
1	206	0.012	1	459	11	11	1	0.726
1	207	0.012	1	454	11	11	1	0.750
1	208	0.012	1	443	11	11	1	0.743
1	209	0.012	1	297	11	11	1	0.542
1	210	0.012	1	409	11	11	1	0.453
1	211	0.013	1	212	11	11	1	0.335
1	212	0.013	1	141	11	11	1	0.327
1	213	0.013	1	148	11	11	1	0.334
1	214	0.013	1	305	11	11	1	0.391
1	215	0.013	1	475	11	11	1	0.382
1	216	0.013	1	89	11	11	1	0.564
1	217	0.014	2	211	13	13	1	0.541
1	218	0.014	1	485	11	11	1	0.517
1	219	0.014	1	510	11	11	1	0.524
1	220	0.001	1	20	11	11	1	0.451
1	221	0.001	1	430	11	11	1	0.441
1	222	0.001	1	311	11	11	1	0.402
1	223	0.001	1	490	11	11	1	0.362
1	224	0.002	2	267	13	13	1	0.608
1	225	0.002	1	549	11	11	1	0.489
1	226	0.002	1	395	11	11	1	0.514
1	227	0.002	1	369	11	11	1	0.440
1	228	0.002	1	446	11	11	1	0.495
1	229	0.003	1	489	11	11	1	0.391
1	230	0.003	2	276	13	11	0	0.448
1	231	0.003	1	438	11	11	1	0.393
1	232	0.003	1	237	11	11	1	0.432
1	233	0.003	1	252	11	11	1	0.456
1	234	0.004	1	309	11	11	1	0.462
1	235	0.004	1	131	11	11	1	0.455
1	236	0.004	1	251	11	11	1	0.478
1	237	0.004	1	209	11	11	1	0.614
1	238	0.004	1	129	11	11	1	0.655
1	239	0.005	1	186	11	11	1	0.661
1	240	0.005	1	465	11	11	1	0.605
1	241	0.005	1	83	11	11	1	0.580
1	242	0.005	1	142	11	11	1	0.605
1	243	0.005	1	80	11	11	1	0.629
1	244	0.006	1	380	11	11	1	0.636
1	245	0.006	2	112	13	13	1	0.676
1	246	0.006	1	284	11	11	1	0.588
1	247	0.006	1	404	11	11	1	0.581
1	248	0.006	1	154	11	11	1	0.555
1	249	0.007	1	224	11	11	1	0.534
1	250	0.007	1	513	11	11	1	0.539
1	251	0.007	1	435	11	11	1	0.531
1	252	0.007	1	530	11	11	1	0.603
1	253	0.007	1	362	11	11	1	0.659
1	254	0.008	2	41	13	13	1	0.604
1	255	0.008	1	242	11	11	1	0.673
1	256	0.008	1	98	11	11	1	0.729
1	257	0.008	1	220	11	11	1	0.724
1	258	0.008	1	114	11	11	1	0.665
1	259	0.008	1	316	11	11	1	0.673
1	260	0.009	1	453	11	11	1	0.651
1	261	0.009	2	313	13	13	1	0.610
1	262	0.009	1	514	11	11	1	0.586
1	263	0.009	1	399	11	11	1	0.561
1	264	0.009	1	464	11	11	1	0.616
1	265	0.010	1	301	11	11	1	0.560
1	266	0.010	1	168	11	11	1	0.585
1	267	0.010	1	8	11	11	1	0.528
1	268	0.010	2	545	13	11	0	0.505
1	269	0.010	1	255	11	11	1	0.465
1	270	0.011	2	314	13	11	0	0.504
1	271	0.011	1	366	11	11	1	0.497
1	272	0.011	1	208	11	11	1	0.441
1	273	0.011	1	266	11	11	1	0.494
1	274	0.011	1	354	11	11	1	0.438
1	275	0.012	1	444	11	11	1	0.542
1	276	0.012	1	42	11	11	1	0.504
1	277	0.012	1	314	11	11	1	0.541
1	278	0.012	1	233	11	11	1	0.519
1	279	0.012	1	368	11	11	1	0.559
1	280	0.013	1	115	11	11	1	0.629
1	281	0.013	2	3	13	13	1	0.623
1	282	0.013	1	105	11	11	1	0.645
1	283	0.013	1	338	11	11	1	0.622
1	284	0.013	1	414	11	11	1	0.710
1	285	0.014	1	49	11	11	1	0.685
1	286	0.014	1	170	11	11	1	0.676
1	287	0.014	1	374	11	11	1	0.668
1	288	0.014	1	18	11	11	1	0.645
1	289	0.001	1	428	11	11	1	0.651
1	290	0.001	1	295	11	11	1	0.577
1	291	0.001	1	456	11	11	1	0.505
1	292	0.001	1	160	11	11	1	0.529
1	293	0.002	1	525	11	11	1	0.489
1	294	0.002	1	400	11	11	1	0.497
1	295	0.002	1	161	11	11	1	0.474
1	296	0.002	1	165	11	11	1	0.545
1	297	0.003	1	198	11	11	1	0.471
1	298	0.003	1	518	11	11	1	0.495
1	299	0.003	1	206	11	11	1	0.505
1	300	0.003	1	333	11	11	1	0.639
1	301	0.003	1	548	11	11	1	0.582
1	302	0.003	1	434	11	11	1	0.656
1	303	0.004	2	529	13	NaN	0	NaN
1	304	0.004	1	6	11	11	1	0.734
1	305	0.004	1	397	11	11	1	0.679
1	306	0.004	1	470	11	11	1	0.606
1	307	0.004	1	308	11	11	1	0.583
1	308	0.005	1	288	11	11	1	0.557
1	309	0.005	1	517	11	11	1	0.567
1	310	0.005	1	283	11	11	1	0.590
1	311	0.005	1	246	11	11	1	0.549
1	312	0.005	1	535	11	11	1	0.541
1	313	0.006	1	545	11	11	1	0.581
1	314	0.006	1	11	11	11	1	0.542
1	315	0.006	1	452	11	11	1	0.549
1	316	0.006	1	405	11	11	1	0.556
1	317	0.006	1	520	11	11	1	0.595
1	318	0.007	1	264	11	11	1	0.523
1	319	0.007	1	195	11	11	1	0.452
1	320	0.007	1	181	11	11	1	0.427
1	321	0.007	1	352	11	11	1	0.387
1	322	0.007	1	70	11	11	1	0.426
1	323	0.008	1	43	11	11	1	0.498
1	324	0.008	1	122	11	11	1	0.492
1	325	0.008	1	378	11	11	1	0.418
1	326	0.008	2	268	13	13	1	0.635
1	327	0.008	2	288	13	13	1	0.562
1	328	0.008	1	509	11	11	1	0.474
1	329	0.009	1	188	11	11	1	0.467
1	330	0.009	1	104	11	11	1	0.442
1	331	0.009	1	537	11	11	1	0.529
1	332	0.009	1	458	11	11	1	0.522
1	333	0.009	1	35	11	11	1	0.496
1	334	0.010	1	45	11	11	1	0.441
1	335	0.010	1	461	11	11	1	0.465
1	336	0.010	1	385	11	11	1	0.440
1	337	0.010	1	113	11	11	1	0.447
1	338	0.010	1	93	11	11	1	0.441
1	339	0.011	1	37	11	11	1	0.449
1	340	0.011	1	375	11	11	1	0.441
1	341	0.011	1	263	11	11	1	0.496
1	342	0.011	1	149	11	11	1	0.457
1	343	0.011	1	294	11	11	1	0.446
1	344	0.012	1	492	11	11	1	0.407
1	345	0.012	1	146	11	11	1	0.366
1	346	0.012	1	14	11	11	1	0.439
1	347	0.012	1	364	11	11	1	0.415
1	348	0.012	2	57	13	11	0	0.487
1	349	0.013	1	61	11	11	1	0.429
1	350	0.013	1	47	11	11	1	0.453
1	351	0.013	2	372	13	13	1	0.591
1	352	0.013	1	249	11	11	1	0.486
1	353	0.013	2	58	13	11	0	0.574
1	354	0.014	1	174	11	11	1	0.470
1	355	0.014	1	218	11	11	1	0.429
1	356	0.014	1	74	11	11	1	0.451
1	357	0.014	1	228	11	11	1	0.477
1	358	0.001	1	202	11	11	1	0.481
1	359	0.001	1	329	11	11	1	0.570
1	360	0.001	1	358	11	11	1	0.560
1	361	0.001	1	87	11	11	1	0.699
1	362	0.002	2	515	13	11	0	0.689
1	363	0.002	1	150	11	11	1	0.599
1	364	0.002	1	111	11	11	1	0.577
1	365	0.002	1	132	11	11	1	0.569
1	366	0.002	1	529	11	11	1	0.591
1	367	0.003	1	407	11	11	1	0.665
1	368	0.003	1	478	11	11	1	0.671
1	369	0.003	1	201	11	11	1	0.600
1	370	0.003	1	108	11	11	1	0.655
1	371	0.003	2	151	13	13	1	0.695
1	372	0.004	1	92	11	11	1	0.623
1	373	0.004	1	125	11	11	1	0.632
1	374	0.004	2	95	13	13	1	0.621
1	375	0.004	1	54	11	11	1	0.581
1	376	0.004	2	330	13	13	1	0.623
1	377	0.005	1	274	11	11	1	0.550
1	378	0.005	1	506	11	11	1	0.527
1	379	0.005	1	441	11	11	1	0.452
1	380	0.005	1	215	11	11	1	0.510
1	381	0.005	1	10	11	11	1	0.469
1	382	0.006	1	128	11	11	1	0.476
1	383	0.006	1	260	11	11	1	0.468
1	384	0.006	1	523	11	11	1	0.412
1	385	0.006	2	218	13	11	0	0.372
1	386	0.006	2	495	13	13	1	0.540
1	387	0.007	1	226	11	11	1	0.468
1	388	0.007	1	447	11	11	1	0.508
1	389	0.007	1	315	11	11	1	0.499
1	390	0.007	1	227	11	11	1	0.444
1	391	0.007	1	163	11	11	1	0.356
1	392	0.008	1	90	11	11	1	0.316
1	393	0.008	1	64	11	11	1	0.387
1	394	0.008	1	342	11	11	1	0.475
1	395	0.008	2	109	13	13	1	0.692
1	396	0.008	1	67	11	11	1	0.537
1	397	0.008	1	423	11	11	1	0.484
1	398	0.009	1	139	11	11	1	0.555
1	399	0.009	1	4	11	11	1	0.545
1	400	0.009	1	196	11	11	1	0.505
1	401	0.009	1	183	11	11	1	0.482
1	402	0.009	2	187	13	13	1	0.585
1	403	0.010	1	432	11	11	1	0.482
1	404	0.010	2	114	13	13	1	0.520
1	405	0.010	1	372	11	11	1	0.448
1	406	0.010	2	219	13	13	1	0.585
1	407	0.010	1	123	11	11	1	0.527
1	408	0.011	1	307	11	11	1	0.503
1	409	0.011	1	468	11	11	1	0.430
1	410	0.011	1	211	11	11	1	0.423
1	411	0.011	1	533	11	11	1	0.511
1	412	0.011	1	422	11	11	1	0.487
1	413	0.012	1	112	11	11	1	0.463
1	414	0.012	1	200	11	11	1	0.502
1	415	0.012	1	299	11	11	1	0.527
1	416	0.012	1	225	11	11	1	0.566
1	417	0.012	1	511	11	11	1	0.510
1	418	0.013	1	376	11	11	1	0.453
1	419	0.013	1	222	11	11	1	0.415
1	420	0.013	1	304	11	11	1	0.438
1	421	0.013	1	515	11	11	1	0.398
1	422	0.013	1	143	11	11	1	0.437
1	423	0.014	1	238	11	11	1	0.460
1	424	0.014	1	235	11	11	1	0.534
1	425	0.014	1	197	11	11	1	0.493
1	426	0.014	1	267	11	11	1	0.469
1	427	0.001	1	488	11	11	1	0.521
1	428	0.001	1	539	11	11	1	0.499
1	429	0.001	1	286	11	11	1	0.489
1	430	0.001	1	289	11	11	1	0.466
1	431	0.002	1	479	11	11	1	0.504
1	432	0.002	1	502	11	11	1	0.528
1	433	0.002	1	271	11	11	1	0.489
1	434	0.002	1	410	11	11	1	0.528
1	435	0.003	1	357	11	11	1	0.504
1	436	0.003	1	199	11	11	1	0.513
1	437	0.003	1	481	11	11	1	0.456
1	438	0.003	1	462	11	11	1	0.559
1	439	0.003	1	116	11	11	1	0.504
1	440	0.003	1	546	11	11	1	0.462
1	441	0.004	1	7	11	11	1	0.408
1	442	0.004	1	339	11	11	1	0.431
1	443	0.004	1	97	11	11	1	0.423
1	444	0.004	1	377	11	11	1	0.317
1	445	0.004	1	258	11	11	1	0.375
1	446	0.005	1	499	11	11	1	0.367
1	447	0.005	1	418	11	11	1	0.341
1	448	0.005	1	282	11	11	1	0.381
1	449	0.005	1	532	11	11	1	0.390
1	450	0.005	1	542	11	11	1	0.476
1	451	0.006	1	137	11	11	1	0.438
1	452	0.006	1	521	11	11	1	0.491
1	453	0.006	1	331	11	11	1	0.389
1	454	0.006	1	231	11	11	1	0.397
1	455	0.006	1	328	11	11	1	0.373
1	456	0.007	1	223	11	11	1	0.461
1	457	0.007	1	536	11	11	1	0.405
1	458	0.007	1	416	11	11	1	0.394
1	459	0.007	1	127	11	11	1	0.387
1	460	0.007	2	368	13	11	0	0.506
1	461	0.007	1	347	11	11	1	0.531
1	462	0.008	1	544	11	11	1	0.458
1	463	0.008	1	476	11	11	1	0.403
1	464	0.008	1	100	11	11	1	0.428
1	465	0.008	1	256	11	11	1	0.451
1	466	0.009	1	522	11	11	1	0.523
1	467	0.009	2	263	13	11	0	0.530
1	468	0.009	1	431	11	11	1	0.427
1	469	0.009	2	384	13	13	1	0.467
1	470	0.009	1	277	11	11	1	0.520
1	471	0.009	1	184	11	11	1	0.610
1	472	0.010	2	157	13	13	1	0.568
1	473	0.010	1	262	11	11	1	0.545
1	474	0.010	2	461	13	13	1	0.570
1	475	0.010	1	494	11	11	1	0.466
1	476	0.010	1	356	11	11	1	0.440
1	477	0.011	1	327	11	11	1	0.559
1	478	0.011	1	353	11	11	1	0.503
1	479	0.011	1	119	11	11	1	0.529
1	480	0.011	1	516	11	11	1	0.503
1	481	0.011	1	310	11	11	1	0.480
1	482	0.011	1	383	11	11	1	0.422
1	483	0.012	1	187	11	11	1	0.494
1	484	0.012	1	41	11	11	1	0.440
1	485	0.012	1	30	11	11	1	0.591
1	486	0.012	1	3	11	11	1	0.518
1	487	0.012	1	512	11	11	1	0.413
1	488	0.013	1	102	11	11	1	0.407
1	489	0.013	1	101	11	11	1	0.412
1	490	0.013	1	493	11	11	1	0.390
1	491	0.013	1	365	11	11	1	0.398
1	492	0.013	1	219	11	11	1	0.421
1	493	0.014	1	169	11	NaN	0	NaN
1	494	0.014	1	437	11	11	1	0.550
1	495	0.014	1	110	11	11	1	0.444
1	496	0.001	1	350	11	11	1	0.417
1	497	0.001	1	25	11	11	1	0.473
1	498	0.001	1	450	11	11	1	0.563
1	499	0.002	1	1	11	11	1	0.504
1	500	0.002	1	491	11	11	1	0.448

*********************************************
* Sustained Attention and Recognition Memory Experiment - Memory Test v.1.0
* Date/Time: 16-Feb-2015 12:31:30
* Seed: 209983.068
* Subject Number: 73
* Subject Name: RD
* Run Number: 1
* debug: 0
*********************************************

1	1	1	1	289	32	1	2.802
1	2	2	2	170	33	1	2.386
1	3	1	1	64	32	1	2.164
1	4	1	1	492	31	0	2.101
1	5	1	3	326	30	1	1.589
1	6	1	3	134	30	1	1.990
1	7	2	4	137	30	1	1.696
1	8	2	2	543	33	1	1.585
1	9	2	4	223	30	1	1.680
1	10	1	1	478	32	1	1.543
1	11	2	2	114	33	1	1.154
1	12	2	2	124	30	0	1.383
1	13	1	3	138	30	1	1.469
1	14	2	4	487	31	1	1.377
1	15	2	2	529	32	1	1.502
1	16	1	3	379	30	1	1.354
1	17	2	4	78	30	1	1.338
1	18	2	4	301	30	1	1.524
1	19	1	1	63	32	1	1.329
1	20	1	3	84	31	1	1.921
1	21	1	1	513	33	1	1.026
1	22	1	1	238	30	0	1.843
1	23	2	4	333	30	1	1.791
1	24	2	2	465	31	0	1.133
1	25	1	3	213	30	1	1.363
1	26	1	1	219	30	0	1.428
1	27	2	4	550	30	1	1.381
1	28	1	3	207	30	1	1.156
1	29	1	1	530	32	1	2.032
1	30	1	3	120	31	1	2.030
1	31	2	4	47	30	1	0.848
1	32	1	3	214	31	1	2.417
1	33	1	3	152	30	1	1.027
1	34	2	4	113	31	1	1.170
1	35	2	4	98	30	1	1.137
1	36	2	2	37	32	1	1.302
1	37	1	1	242	33	1	1.279
1	38	1	1	519	33	1	3.009
1	39	2	4	127	30	1	1.872
1	40	2	4	227	30	1	1.057
1	41	1	3	232	30	1	1.249
1	42	2	4	76	30	1	0.994
1	43	1	3	382	31	1	1.457
1	44	1	3	136	31	1	1.282
1	45	2	2	218	31	0	2.319
1	46	1	3	336	30	1	1.166
1	47	2	4	59	30	1	1.059
1	48	2	4	18	30	1	3.150
1	49	2	2	276	32	1	1.593
1	50	1	1	465	30	0	7.053
1	51	2	4	122	30	1	1.380
1	52	2	2	58	32	1	1.244
1	53	1	3	389	30	1	1.766
1	54	1	3	23	30	1	1.296
1	55	1	3	156	31	1	1.578
1	56	1	1	217	30	0	1.119
1	57	2	2	112	33	1	1.136
1	58	1	1	461	30	0	1.696
1	59	2	2	82	33	1	1.892
1	60	1	3	65	31	1	1.190
1	61	2	2	330	33	1	1.007
1	62	2	2	372	33	1	0.848
1	63	1	1	110	30	0	1.682
1	64	2	4	405	31	1	2.817
1	65	2	2	95	30	0	1.222
1	66	2	4	363	30	1	1.185
1	67	2	4	467	30	1	1.679
1	68	1	3	337	32	0	1.587
1	69	1	3	182	30	1	1.044
1	70	2	4	492	30	1	2.428
1	71	2	2	384	30	0	1.878
1	72	2	2	495	31	0	2.050
1	73	1	1	503	32	1	1.060
1	74	1	1	79	33	1	2.647
1	75	2	2	350	32	1	1.520
1	76	2	4	195	30	1	0.912
1	77	2	4	229	30	1	1.593
1	78	2	2	380	32	1	1.485
1	79	1	1	542	30	0	1.191
1	80	1	3	442	30	1	1.188
1	81	1	1	393	30	0	1.239
1	82	1	3	62	31	1	1.412
1	83	2	4	273	30	1	1.437
1	84	1	1	440	30	0	2.798
1	85	1	3	359	30	1	1.199
1	86	1	3	477	30	1	1.044
1	87	2	4	262	32	0	1.285
1	88	1	1	20	31	0	2.566
1	89	2	2	508	32	1	2.178
1	90	2	4	90	30	1	1.640
1	91	2	4	275	30	1	1.311
1	92	2	4	180	30	1	1.782
1	93	2	2	109	30	0	1.494
1	94	1	1	88	31	0	2.014
1	95	1	3	498	32	0	2.530
1	96	2	2	244	30	0	1.326
1	97	2	2	268	32	1	1.644
1	98	1	1	468	30	0	1.486
1	99	1	1	181	30	0	1.269
1	100	2	4	381	30	1	1.980
1	101	2	4	158	30	1	1.370
1	102	1	3	259	31	1	1.584
1	103	2	2	515	30	0	1.688
1	104	2	4	257	31	1	1.944
1	105	2	2	157	32	1	1.430
1	106	1	1	48	30	0	1.525
1	107	2	4	128	30	1	1.623
1	108	2	2	351	32	1	1.752
1	109	2	4	412	31	1	2.509
1	110	1	3	320	30	1	0.929
1	111	2	2	211	33	1	1.120
1	112	2	2	313	33	1	0.922
1	113	2	4	393	31	1	2.029
1	114	1	3	346	30	1	1.973
1	115	1	3	269	31	1	1.167
1	116	1	3	411	31	1	1.398
1	117	1	1	385	30	0	1.117
1	118	1	1	148	32	1	1.332
1	119	1	3	21	30	1	1.758
1	120	1	1	57	31	0	1.451
1	121	2	2	41	31	0	3.184
1	122	2	2	461	32	1	1.583
1	123	2	2	57	30	0	1.440
1	124	2	4	327	32	0	1.521
1	125	2	4	370	30	1	1.878
1	126	2	4	409	31	1	2.049
1	127	1	3	51	31	1	1.919
1	128	2	4	440	30	1	1.075
1	129	2	4	25	30	1	2.787
1	130	1	3	293	31	1	1.988
1	131	2	4	340	32	0	1.059
1	132	1	1	470	30	0	2.831
1	133	1	3	109	31	1	1.310
1	134	2	2	23	33	1	1.411
1	135	1	3	166	30	1	2.102
1	136	1	1	42	30	0	0.784
1	137	1	1	412	30	0	1.043
1	138	1	1	349	30	0	1.260
1	139	2	2	187	31	0	1.680
1	140	2	2	267	30	0	1.444
1	141	2	2	219	33	1	2.089
1	142	1	3	59	30	1	1.095
1	143	1	1	347	30	0	0.881
1	144	1	3	500	30	1	2.087
1	145	1	1	464	30	0	0.990
1	146	1	1	423	30	0	1.469
1	147	2	2	42	31	0	1.295
1	148	2	4	441	30	1	1.024
1	149	2	2	3	31	0	1.871
1	150	1	1	462	31	0	1.110
1	151	1	1	312	30	0	1.304
1	152	2	4	193	30	1	1.106
1	153	1	1	273	31	0	1.300
1	154	2	2	314	31	0	3.086
1	155	1	3	135	31	1	2.245
1	156	1	1	26	32	1	1.532
1	157	2	2	359	33	1	1.237
1	158	2	4	406	31	1	1.511
1	159	1	3	287	31	1	1.204
1	160	1	3	107	30	1	1.392
1	161	2	4	139	30	1	1.158
1	162	2	2	11	33	1	1.623
1	163	2	4	500	30	1	2.303
1	164	2	2	222	32	1	1.506
1	165	1	3	388	31	1	1.066
1	166	2	4	456	30	1	1.125
1	167	2	2	152	31	0	1.151
1	168	1	1	27	31	0	1.171
1	169	2	2	545	30	0	1.156
1	170	1	1	311	30	0	1.154
1	171	2	4	160	30	1	3.685
1	172	1	3	285	30	1	1.211
1	173	1	3	157	30	1	1.343
1	174	2	4	80	31	1	1.144
1	175	1	1	260	30	0	1.136
1	176	2	2	288	32	1	1.477
1	177	2	2	22	31	0	2.068
1	178	2	2	17	33	1	0.816
1	179	1	1	375	30	0	1.006
1	180	2	2	368	30	0	4.038
1	181	1	1	199	30	0	0.725
1	182	1	3	191	31	1	1.357
1	183	2	2	354	31	0	1.486
1	184	1	1	432	31	0	1.520
1	185	2	2	263	31	0	1.233
1	186	1	3	373	30	1	1.554
1	187	1	3	126	32	0	1.598
1	188	2	4	19	31	1	1.709
1	189	1	3	334	30	1	0.903
1	190	1	1	241	31	0	7.922
1	191	1	1	95	31	0	0.984
1	192	2	4	274	31	1	1.210
1	193	2	2	151	31	0	0.851
1	194	2	4	346	32	0	1.423
1	195	1	3	75	31	1	0.801
1	196	1	1	68	31	0	0.675
1	197	1	3	487	32	0	3.376
1	198	1	1	371	31	0	1.503
1	199	1	3	419	31	1	2.626
1	200	1	1	316	31	0	1.302
