
*********************************************
* Sustained Attention and Recognition Memory Experiment - Sustained Attention Task v.1.0
* Date/Time: 16-Feb-2015 14:32:00
* Seed: 212256.2495
* Subject Number: 77
* Subject Name: GC
* Run Number: 1
* debug: 0
*********************************************

run	trl	tdf	sct	simg	crsp	rsp	acc	rt
1	1	0.012	1	83	11	11	1	0.700
1	2	0.013	1	54	11	11	1	0.436
1	3	0.013	1	549	11	13	0	0.653
1	4	0.013	1	525	11	NaN	0	NaN
1	5	0.013	1	333	11	13	0	0.109
1	6	0.013	1	125	11	11	1	0.579
1	7	0.013	2	27	13	13	1	0.508
1	8	0.014	1	291	11	11	1	0.643
1	9	0.014	1	503	11	11	1	0.460
1	10	0.014	1	507	11	11	1	0.466
1	11	0.014	1	484	11	11	1	0.523
1	12	0.001	1	222	11	11	1	0.448
1	13	0.001	1	275	11	11	1	0.441
1	14	0.001	1	69	11	11	1	0.401
1	15	0.002	1	471	11	11	1	0.295
1	16	0.002	1	24	11	11	1	0.318
1	17	0.002	1	527	11	11	1	0.360
1	18	0.002	1	112	11	11	1	0.832
1	19	0.002	1	370	11	11	1	0.503
1	20	0.003	1	265	11	11	1	0.526
1	21	0.003	1	218	11	11	1	0.533
1	22	0.003	1	361	11	11	1	0.494
1	23	0.003	1	423	11	11	1	0.437
1	24	0.003	1	480	11	11	1	0.511
1	25	0.004	2	325	13	11	0	0.630
1	26	0.004	1	299	11	11	1	0.510
1	27	0.004	1	34	11	11	1	0.452
1	28	0.004	1	465	11	11	1	0.429
1	29	0.004	1	448	11	11	1	0.452
1	30	0.005	1	159	11	11	1	0.366
1	31	0.005	1	417	11	11	1	0.436
1	32	0.005	2	484	13	11	0	0.364
1	33	0.005	1	499	11	11	1	0.357
1	34	0.005	1	43	11	11	1	0.508
1	35	0.006	1	290	11	11	1	0.388
1	36	0.006	1	75	11	11	1	0.379
1	37	0.006	1	47	11	11	1	0.533
1	38	0.006	1	70	11	11	1	0.460
1	39	0.006	1	81	11	11	1	0.449
1	40	0.007	2	105	13	13	1	0.812
1	41	0.007	1	257	11	11	1	0.674
1	42	0.007	1	431	11	11	1	0.553
1	43	0.007	1	421	11	11	1	0.386
1	44	0.007	1	225	11	11	1	0.378
1	45	0.007	1	308	11	11	1	0.339
1	46	0.008	1	297	11	11	1	0.330
1	47	0.008	2	249	13	11	0	0.353
1	48	0.008	1	121	11	11	1	0.361
1	49	0.008	1	483	11	11	1	0.369
1	50	0.008	1	334	11	11	1	0.455
1	51	0.009	1	360	11	11	1	0.418
1	52	0.009	1	452	11	11	1	0.425
1	53	0.009	1	193	11	11	1	0.353
1	54	0.009	1	456	11	11	1	0.296
1	55	0.009	1	418	11	11	1	0.319
1	56	0.010	1	59	11	11	1	0.328
1	57	0.010	1	224	11	11	1	0.321
1	58	0.010	1	199	11	11	1	0.360
1	59	0.010	1	477	11	11	1	0.496
1	60	0.010	1	435	11	11	1	0.423
1	61	0.011	2	69	13	11	0	0.447
1	62	0.011	1	539	11	13	0	0.488
1	63	0.011	1	476	11	11	1	0.478
1	64	0.011	1	100	11	11	1	0.470
1	65	0.011	1	98	11	11	1	0.604
1	66	0.012	1	351	11	11	1	0.437
1	67	0.012	1	541	11	11	1	0.380
1	68	0.012	1	189	11	11	1	0.517
1	69	0.012	2	16	13	11	0	0.380
1	70	0.012	1	524	11	11	1	0.581
1	71	0.013	1	522	11	11	1	0.461
1	72	0.013	1	264	11	11	1	0.451
1	73	0.013	1	134	11	11	1	0.364
1	74	0.013	1	232	11	11	1	0.452
1	75	0.013	1	415	11	11	1	0.493
1	76	0.013	1	426	11	11	1	0.355
1	77	0.014	1	72	11	11	1	0.316
1	78	0.014	1	287	11	11	1	0.404
1	79	0.014	1	137	11	11	1	0.394
1	80	0.014	2	233	13	11	0	0.356
1	81	0.001	1	15	11	11	1	0.345
1	82	0.001	2	311	13	11	0	0.319
1	83	0.001	1	479	11	11	1	0.281
1	84	0.002	1	95	11	11	1	0.399
1	85	0.002	1	500	11	11	1	0.313
1	86	0.002	1	444	11	11	1	0.335
1	87	0.002	1	28	11	11	1	0.246
1	88	0.002	1	376	11	11	1	0.254
1	89	0.003	1	429	11	11	1	0.247
1	90	0.003	1	397	11	11	1	0.253
1	91	0.003	1	66	11	11	1	0.309
1	92	0.003	1	474	11	11	1	0.333
1	93	0.003	1	543	11	11	1	0.324
1	94	0.004	1	491	11	11	1	0.317
1	95	0.004	1	453	11	11	1	0.278
1	96	0.004	1	139	11	11	1	0.316
1	97	0.004	1	214	11	11	1	0.292
1	98	0.004	1	25	11	11	1	0.365
1	99	0.005	1	142	11	11	1	0.372
1	100	0.005	1	380	11	11	1	0.331
1	101	0.005	1	324	11	11	1	0.325
1	102	0.005	1	302	11	11	1	0.315
1	103	0.005	1	537	11	11	1	0.291
1	104	0.006	1	77	11	11	1	0.347
1	105	0.006	1	332	11	11	1	0.451
1	106	0.006	1	256	11	11	1	0.474
1	107	0.006	1	352	11	11	1	0.418
1	108	0.006	1	7	11	11	1	0.554
1	109	0.007	1	329	11	11	1	0.434
1	110	0.007	1	366	11	11	1	0.425
1	111	0.007	1	508	11	11	1	0.371
1	112	0.007	1	109	11	11	1	0.345
1	113	0.007	1	210	11	11	1	0.337
1	114	0.007	1	286	11	11	1	0.315
1	115	0.008	1	67	11	11	1	0.386
1	116	0.008	2	211	13	13	1	0.632
1	117	0.008	1	316	11	11	1	0.482
1	118	0.008	1	399	11	11	1	0.617
1	119	0.008	1	345	11	11	1	0.514
1	120	0.009	1	339	11	11	1	0.360
1	121	0.009	1	3	11	11	1	0.305
1	122	0.009	1	114	11	11	1	0.424
1	123	0.009	2	414	13	13	1	0.448
1	124	0.009	1	200	11	11	1	0.343
1	125	0.010	1	212	11	11	1	0.336
1	126	0.010	1	550	11	11	1	0.488
1	127	0.010	1	91	11	11	1	0.400
1	128	0.010	1	38	11	11	1	0.360
1	129	0.010	2	158	13	11	0	0.351
1	130	0.011	1	192	11	11	1	0.328
1	131	0.011	1	14	11	11	1	0.303
1	132	0.011	2	442	13	13	1	0.503
1	133	0.011	1	177	11	11	1	0.558
1	134	0.011	1	2	11	11	1	0.406
1	135	0.012	1	227	11	11	1	0.604
1	136	0.012	1	40	11	11	1	0.437
1	137	0.012	1	271	11	11	1	0.428
1	138	0.012	1	455	11	11	1	0.532
1	139	0.012	1	422	11	11	1	0.444
1	140	0.013	1	140	11	11	1	0.323
1	141	0.013	1	411	11	11	1	0.285
1	142	0.013	1	167	11	11	1	0.325
1	143	0.013	1	61	11	11	1	0.285
1	144	0.013	1	498	11	11	1	0.482
1	145	0.013	1	424	11	11	1	0.763
1	146	0.014	1	86	11	11	1	0.549
1	147	0.014	1	548	11	11	1	0.443
1	148	0.014	1	460	11	11	1	0.404
1	149	0.014	1	492	11	11	1	0.346
1	150	0.001	1	295	11	11	1	0.367
1	151	0.001	1	145	11	11	1	0.425
1	152	0.001	1	262	11	11	1	0.368
1	153	0.002	2	143	13	11	0	0.440
1	154	0.002	1	381	11	11	1	0.401
1	155	0.002	1	375	11	11	1	0.470
1	156	0.002	1	494	11	11	1	0.479
1	157	0.002	2	164	13	13	1	0.662
1	158	0.003	1	281	11	11	1	0.750
1	159	0.003	1	111	11	NaN	0	NaN
1	160	0.003	1	414	11	11	1	0.045
1	161	0.003	1	204	11	11	1	0.374
1	162	0.003	1	263	11	13	0	0.653
1	163	0.004	1	260	11	11	1	0.679
1	164	0.004	1	127	11	11	1	0.526
1	165	0.004	1	304	11	11	1	0.453
1	166	0.004	1	175	11	11	1	0.428
1	167	0.004	1	181	11	11	1	0.389
1	168	0.005	1	129	11	11	1	0.542
1	169	0.005	2	113	13	13	1	0.613
1	170	0.005	1	309	11	11	1	0.540
1	171	0.005	1	310	11	11	1	0.453
1	172	0.005	1	419	11	11	1	0.509
1	173	0.006	2	406	13	11	0	0.484
1	174	0.006	1	346	11	11	1	0.411
1	175	0.006	1	20	11	11	1	0.388
1	176	0.006	1	389	11	11	1	0.363
1	177	0.006	1	364	11	11	1	0.419
1	178	0.006	1	468	11	11	1	0.410
1	179	0.007	1	487	11	11	1	0.305
1	180	0.007	1	413	11	11	1	0.330
1	181	0.007	1	1	11	11	1	0.401
1	182	0.007	1	273	11	11	1	0.346
1	183	0.007	1	4	11	11	1	0.304
1	184	0.008	2	309	13	11	0	0.314
1	185	0.008	1	172	11	11	1	0.290
1	186	0.008	1	379	11	11	1	0.378
1	187	0.008	1	425	11	11	1	0.321
1	188	0.008	1	335	11	11	1	0.345
1	189	0.009	1	283	11	11	1	0.337
1	190	0.009	1	540	11	11	1	0.330
1	191	0.009	1	486	11	11	1	0.400
1	192	0.009	1	502	11	11	1	0.375
1	193	0.009	1	80	11	11	1	0.350
1	194	0.010	1	355	11	11	1	0.329
1	195	0.010	1	126	11	11	1	0.383
1	196	0.010	1	235	11	11	1	0.310
1	197	0.010	1	544	11	11	1	0.320
1	198	0.010	1	441	11	11	1	0.422
1	199	0.011	1	144	11	11	1	0.351
1	200	0.011	1	319	11	11	1	0.342
1	201	0.011	1	284	11	11	1	0.382
1	202	0.011	1	371	11	11	1	0.437
1	203	0.011	2	500	13	13	1	0.638
1	204	0.012	1	521	11	11	1	0.455
1	205	0.012	1	239	11	11	1	0.573
1	206	0.012	1	136	11	11	1	0.388
1	207	0.012	1	466	11	11	1	0.510
1	208	0.012	1	306	11	11	1	0.438
1	209	0.013	1	92	11	11	1	0.348
1	210	0.013	1	496	11	11	1	0.323
1	211	0.013	1	307	11	11	1	0.349
1	212	0.013	1	35	11	11	1	0.308
1	213	0.013	1	458	11	11	1	0.284
1	214	0.014	1	427	11	11	1	0.291
1	215	0.014	1	340	11	11	1	0.331
1	216	0.014	2	286	13	11	0	0.308
1	217	0.014	2	274	13	11	0	0.267
1	218	0.001	1	130	11	11	1	0.369
1	219	0.001	1	106	11	11	1	0.328
1	220	0.001	1	404	11	11	1	0.321
1	221	0.001	1	318	11	11	1	0.280
1	222	0.002	1	267	11	11	1	0.431
1	223	0.002	1	29	11	11	1	0.376
1	224	0.002	2	307	13	13	1	0.671
1	225	0.002	1	186	11	11	1	0.615
1	226	0.002	1	216	11	11	1	0.590
1	227	0.003	2	64	13	13	1	0.599
1	228	0.003	1	85	11	11	1	0.527
1	229	0.003	1	270	11	11	1	0.486
1	230	0.003	1	443	11	11	1	0.479
1	231	0.003	2	236	13	13	1	0.567
1	232	0.004	1	21	11	11	1	0.700
1	233	0.004	1	387	11	11	1	0.566
1	234	0.004	1	223	11	11	1	0.526
1	235	0.004	1	367	11	11	1	0.806
1	236	0.004	1	391	11	11	1	0.766
1	237	0.005	1	101	11	11	1	0.563
1	238	0.005	1	196	11	11	1	0.622
1	239	0.005	1	231	11	11	1	0.467
1	240	0.005	1	157	11	11	1	0.379
1	241	0.005	2	258	13	13	1	0.547
1	242	0.006	1	11	11	11	1	0.570
1	243	0.006	1	27	11	11	1	0.693
1	244	0.006	1	221	11	11	1	0.475
1	245	0.006	1	49	11	11	1	0.403
1	246	0.006	1	493	11	11	1	0.345
1	247	0.007	1	161	11	11	1	0.322
1	248	0.007	1	247	11	11	1	0.299
1	249	0.007	1	123	11	11	1	0.289
1	250	0.007	1	208	11	11	1	0.297
1	251	0.007	1	279	11	11	1	0.385
1	252	0.007	1	240	11	11	1	0.570
1	253	0.008	2	339	13	13	1	0.689
1	254	0.008	1	102	11	11	1	0.568
1	255	0.008	1	107	11	11	1	0.514
1	256	0.008	1	464	11	11	1	0.618
1	257	0.008	1	76	11	11	1	0.545
1	258	0.009	2	253	13	11	0	0.504
1	259	0.009	1	261	11	11	1	0.401
1	260	0.009	2	186	13	11	0	0.440
1	261	0.009	1	488	11	11	1	0.415
1	262	0.009	1	45	11	11	1	0.457
1	263	0.010	1	402	11	11	1	0.383
1	264	0.010	1	141	11	11	1	0.504
1	265	0.010	1	248	11	11	1	0.608
1	266	0.010	1	266	11	11	1	0.695
1	267	0.010	2	479	13	13	1	0.574
1	268	0.011	1	396	11	11	1	0.471
1	269	0.011	1	530	11	11	1	0.398
1	270	0.011	1	171	11	11	1	0.534
1	271	0.011	1	353	11	11	1	0.429
1	272	0.011	1	350	11	11	1	0.375
1	273	0.012	1	65	11	11	1	0.382
1	274	0.012	1	55	11	11	1	0.326
1	275	0.012	1	74	11	11	1	0.381
1	276	0.012	1	446	11	11	1	0.374
1	277	0.012	1	394	11	11	1	0.381
1	278	0.013	1	514	11	11	1	0.389
1	279	0.013	2	415	13	11	0	0.460
1	280	0.013	1	53	11	11	1	0.467
1	281	0.013	1	119	11	11	1	0.477
1	282	0.013	1	201	11	11	1	0.499
1	283	0.014	1	532	11	11	1	0.395
1	284	0.014	1	110	11	11	1	0.370
1	285	0.014	1	282	11	11	1	0.364
1	286	0.014	2	394	13	13	1	0.628
1	287	0.001	1	94	11	11	1	0.456
1	288	0.001	1	395	11	11	1	0.417
1	289	0.001	1	325	11	11	1	0.408
1	290	0.002	1	203	11	11	1	0.369
1	291	0.002	1	504	11	11	1	0.344
1	292	0.002	1	368	11	11	1	0.353
1	293	0.002	1	312	11	11	1	0.376
1	294	0.002	1	152	11	11	1	0.366
1	295	0.002	1	523	11	11	1	0.453
1	296	0.003	1	180	11	11	1	0.367
1	297	0.003	1	546	11	11	1	0.472
1	298	0.003	1	377	11	11	1	0.446
1	299	0.003	1	403	11	11	1	0.327
1	300	0.003	1	251	11	11	1	0.445
1	301	0.004	1	8	11	11	1	0.518
1	302	0.004	1	62	11	11	1	0.414
1	303	0.004	1	52	11	11	1	0.372
1	304	0.004	1	162	11	11	1	0.412
1	305	0.004	2	261	13	11	0	0.326
1	306	0.005	1	373	11	11	1	0.350
1	307	0.005	1	108	11	11	1	0.340
1	308	0.005	1	153	11	11	1	0.301
1	309	0.005	2	243	13	11	0	0.340
1	310	0.005	1	215	11	11	1	0.301
1	311	0.006	1	82	11	11	1	0.404
1	312	0.006	1	511	11	11	1	0.347
1	313	0.006	1	359	11	11	1	0.419
1	314	0.006	1	245	11	11	1	0.426
1	315	0.006	1	79	11	11	1	0.370
1	316	0.007	1	176	11	11	1	0.459
1	317	0.007	1	515	11	11	1	0.578
1	318	0.007	1	293	11	11	1	0.425
1	319	0.007	1	132	11	11	1	0.482
1	320	0.007	1	78	11	11	1	0.442
1	321	0.008	1	473	11	11	1	0.689
1	322	0.008	1	230	11	11	1	0.489
1	323	0.008	1	432	11	11	1	0.434
1	324	0.008	1	23	11	11	1	0.392
1	325	0.008	1	545	11	11	1	0.338
1	326	0.008	1	347	11	11	1	0.311
1	327	0.009	1	410	11	11	1	0.369
1	328	0.009	1	242	11	11	1	0.392
1	329	0.009	1	184	11	11	1	0.545
1	330	0.009	1	179	11	11	1	0.439
1	331	0.009	1	195	11	11	1	0.702
1	332	0.010	1	185	11	11	1	0.822
1	333	0.010	1	322	11	NaN	0	NaN
1	334	0.010	1	462	11	11	1	0.135
1	335	0.010	1	173	11	11	1	0.224
1	336	0.010	1	440	11	11	1	0.247
1	337	0.011	1	93	11	11	1	0.448
1	338	0.011	1	57	11	11	1	0.325
1	339	0.011	1	356	11	11	1	0.271
1	340	0.011	1	408	11	11	1	0.277
1	341	0.011	1	475	11	11	1	0.349
1	342	0.012	1	469	11	11	1	0.263
1	343	0.012	1	457	11	11	1	0.158
1	344	0.012	1	44	11	11	1	0.358
1	345	0.012	1	505	11	11	1	0.412
1	346	0.012	1	433	11	11	1	0.341
1	347	0.013	1	241	11	11	1	0.365
1	348	0.013	1	472	11	11	1	0.389
1	349	0.013	2	160	13	11	0	0.331
1	350	0.013	2	126	13	11	0	0.323
1	351	0.013	1	357	11	11	1	0.365
1	352	0.014	1	478	11	11	1	0.323
1	353	0.014	1	209	11	11	1	0.523
1	354	0.014	1	386	11	11	1	0.373
1	355	0.014	1	272	11	11	1	0.330
1	356	0.001	1	190	11	11	1	0.304
1	357	0.001	1	344	11	11	1	0.297
1	358	0.001	1	277	11	11	1	0.289
1	359	0.002	1	138	11	11	1	0.328
1	360	0.002	1	155	11	11	1	0.352
1	361	0.002	1	164	11	11	1	0.377
1	362	0.002	1	105	11	11	1	0.464
1	363	0.002	1	459	11	11	1	0.391
1	364	0.002	1	16	11	11	1	0.349
1	365	0.003	1	535	11	11	1	0.375
1	366	0.003	2	543	13	11	0	0.414
1	367	0.003	1	219	11	11	1	0.326
1	368	0.003	1	158	11	11	1	0.286
1	369	0.003	1	97	11	11	1	0.277
1	370	0.003	1	372	11	11	1	0.269
1	371	0.004	1	48	11	11	1	0.213
1	372	0.004	1	497	11	11	1	0.286
1	373	0.004	1	467	11	11	1	0.308
1	374	0.004	1	243	11	11	1	0.302
1	375	0.005	1	51	11	11	1	0.245
1	376	0.005	1	313	11	11	1	0.333
1	377	0.005	1	326	11	11	1	0.291
1	378	0.005	2	254	13	11	0	0.235
1	379	0.005	1	547	11	11	1	0.211
1	380	0.006	2	154	13	13	1	0.571
1	381	0.006	1	436	11	11	1	0.453
1	382	0.006	1	317	11	11	1	0.395
1	383	0.006	1	116	11	11	1	0.451
1	384	0.006	2	198	13	13	1	0.412
1	385	0.006	2	482	13	11	0	0.307
1	386	0.007	1	238	11	11	1	0.683
1	387	0.007	1	73	11	11	1	0.626
1	388	0.007	1	18	11	11	1	0.572
1	389	0.007	1	89	11	11	1	0.577
1	390	0.008	1	269	11	11	1	0.584
1	391	0.008	1	454	11	11	1	0.496
1	392	0.008	1	220	11	11	1	0.520
1	393	0.008	1	382	11	11	1	0.416
1	394	0.008	1	99	11	11	1	0.440
1	395	0.008	1	518	11	11	1	0.402
1	396	0.009	1	163	11	11	1	0.378
1	397	0.009	1	305	11	11	1	0.416
1	398	0.009	1	42	11	11	1	0.552
1	399	0.009	1	71	11	11	1	0.463
1	400	0.009	1	178	11	11	1	0.553
1	401	0.010	1	428	11	11	1	0.431
1	402	0.010	1	115	11	11	1	0.408
1	403	0.010	1	156	11	11	1	0.351
1	404	0.010	1	170	11	11	1	0.374
1	405	0.010	1	135	11	11	1	0.382
1	406	0.011	2	314	13	11	0	0.341
1	407	0.011	1	328	11	11	1	0.463
1	408	0.011	1	146	11	11	1	0.408
1	409	0.011	1	149	11	11	1	0.431
1	410	0.011	1	434	11	11	1	0.455
1	411	0.012	1	343	11	11	1	0.540
1	412	0.012	1	33	11	11	1	0.406
1	413	0.012	1	131	11	11	1	0.430
1	414	0.012	1	274	11	11	1	0.340
1	415	0.012	1	233	11	11	1	0.254
1	416	0.013	1	244	11	11	1	0.260
1	417	0.013	1	250	11	11	1	0.301
1	418	0.013	1	194	11	11	1	0.260
1	419	0.013	1	315	11	11	1	0.269
1	420	0.013	1	406	11	11	1	0.210
1	421	0.014	1	341	11	11	1	0.284
1	422	0.014	1	529	11	11	1	0.212
1	423	0.014	1	202	11	11	1	0.234
1	424	0.014	1	128	11	11	1	0.244
1	425	0.001	1	405	11	11	1	0.232
1	426	0.001	1	253	11	11	1	0.177
1	427	0.001	2	444	13	11	0	0.409
1	428	0.002	1	39	11	11	1	0.415
1	429	0.002	2	430	13	11	0	0.329
1	430	0.002	1	430	11	11	1	0.414
1	431	0.002	1	512	11	11	1	0.392
1	432	0.002	1	255	11	11	1	0.398
1	433	0.003	1	182	11	11	1	0.407
1	434	0.003	1	509	11	11	1	0.463
1	435	0.003	1	337	11	11	1	0.358
1	436	0.003	1	528	11	11	1	0.303
1	437	0.003	1	276	11	11	1	0.551
1	438	0.003	1	166	11	11	1	0.494
1	439	0.004	1	236	11	11	1	0.389
1	440	0.004	1	5	11	11	1	0.492
1	441	0.004	1	398	11	11	1	0.356
1	442	0.004	1	50	11	11	1	0.254
1	443	0.004	1	151	11	11	1	0.227
1	444	0.005	1	292	11	11	1	0.300
1	445	0.005	1	41	11	11	1	0.373
1	446	0.005	1	90	11	11	1	0.299
1	447	0.005	1	36	11	11	1	0.228
1	448	0.005	2	546	13	11	0	0.219
1	449	0.006	1	349	11	11	1	0.276
1	450	0.006	1	401	11	11	1	0.346
1	451	0.006	1	338	11	11	1	0.227
1	452	0.006	1	506	11	11	1	0.268
1	453	0.006	1	342	11	11	1	0.307
1	454	0.007	1	148	11	11	1	0.250
1	455	0.007	1	303	11	11	1	0.259
1	456	0.007	1	501	11	11	1	0.268
1	457	0.007	1	445	11	11	1	0.210
1	458	0.007	1	451	11	11	1	0.283
1	459	0.008	1	10	11	11	1	0.065
1	460	0.008	1	409	11	11	1	0.266
1	461	0.008	1	526	11	11	1	0.275
1	462	0.008	2	234	13	11	0	0.377
1	463	0.008	1	531	11	11	1	0.368
1	464	0.008	1	133	11	11	1	0.296
1	465	0.009	1	124	11	11	1	0.256
1	466	0.009	1	183	11	11	1	0.263
1	467	0.009	1	369	11	11	1	0.273
1	468	0.009	1	365	11	11	1	0.247
1	469	0.009	1	259	11	11	1	0.257
1	470	0.010	1	510	11	11	1	0.422
1	471	0.010	2	17	13	11	0	0.319
1	472	0.010	1	314	11	11	1	0.295
1	473	0.010	1	489	11	11	1	0.287
1	474	0.010	1	254	11	11	1	0.295
1	475	0.011	1	160	11	11	1	0.224
1	476	0.011	1	481	11	11	1	0.373
1	477	0.011	1	58	11	11	1	0.302
1	478	0.011	2	90	13	11	0	0.294
1	479	0.011	1	246	11	11	1	0.319
1	480	0.012	1	17	11	11	1	0.342
1	481	0.012	1	384	11	11	1	0.349
1	482	0.012	1	187	11	11	1	0.263
1	483	0.012	2	477	13	11	0	0.300
1	484	0.012	1	323	11	11	1	0.293
1	485	0.013	1	31	11	11	1	0.334
1	486	0.013	1	348	11	11	1	0.358
1	487	0.013	1	362	11	11	1	0.299
1	488	0.013	1	120	11	11	1	0.292
1	489	0.013	1	393	11	11	1	0.331
1	490	0.014	1	278	11	11	1	0.402
1	491	0.014	1	117	11	11	1	0.413
1	492	0.014	2	470	13	13	1	0.707
1	493	0.014	1	64	11	11	1	0.523
1	494	0.001	2	116	13	13	1	0.561
1	495	0.001	1	536	11	11	1	0.409
1	496	0.001	1	320	11	11	1	0.560
1	497	0.002	1	217	11	11	1	0.471
1	498	0.002	1	150	11	11	1	0.384
1	499	0.002	1	68	11	11	1	0.424
1	500	0.002	1	437	11	11	1	0.590

*********************************************
* Sustained Attention and Recognition Memory Experiment - Memory Test v.1.0
* Date/Time: 16-Feb-2015 14:43:20
* Seed: 211098.4464
* Subject Number: 77
* Subject Name: GC
* Run Number: 1
* debug: 0
*********************************************

1	1	1	1	276	31	0	3.368
1	2	2	2	261	33	1	6.067
1	3	1	3	420	31	1	2.110
1	4	1	1	39	32	1	1.315
1	5	1	3	388	30	1	2.968
1	6	1	1	31	32	1	1.185
1	7	2	4	135	32	0	1.855
1	8	2	2	160	33	1	1.470
1	9	1	3	400	31	1	1.440
1	10	2	4	106	30	1	1.894
1	11	2	2	233	33	1	1.029
1	12	1	1	522	30	0	1.876
1	13	2	2	479	33	1	0.964
1	14	2	4	413	33	0	0.763
1	15	1	3	538	30	1	1.162
1	16	1	3	6	30	1	0.981
1	17	1	3	321	31	1	2.177
1	18	2	2	307	33	1	1.006
1	19	1	1	528	33	1	1.084
1	20	1	3	229	30	1	2.078
1	21	2	2	543	32	1	0.996
1	22	1	1	380	30	0	1.222
1	23	2	4	228	31	1	1.892
1	24	2	2	17	33	1	0.998
1	25	2	4	425	33	0	2.003
1	26	2	2	143	33	1	0.840
1	27	1	3	516	30	1	0.817
1	28	2	4	251	30	1	2.295
1	29	1	1	527	32	1	2.342
1	30	2	4	359	32	0	1.171
1	31	1	1	369	31	0	1.465
1	32	2	2	309	33	1	1.046
1	33	2	2	500	33	1	0.926
1	34	2	4	125	33	0	0.897
1	35	2	4	488	33	0	2.215
1	36	2	4	362	32	0	1.398
1	37	1	1	185	33	1	1.085
1	38	1	1	445	30	0	1.135
1	39	1	1	44	30	0	1.527
1	40	2	2	482	33	1	1.246
1	41	2	2	470	32	1	1.199
1	42	1	1	306	31	0	1.083
1	43	1	3	226	31	1	1.762
1	44	1	3	268	31	1	2.100
1	45	2	4	525	32	0	1.262
1	46	2	2	444	33	1	0.948
1	47	2	2	158	33	1	0.836
1	48	2	4	388	31	1	1.857
1	49	2	2	186	33	1	0.981
1	50	1	3	191	31	1	2.640
1	51	1	3	84	30	1	1.759
1	52	1	3	205	30	1	1.195
1	53	1	3	207	31	1	1.720
1	54	1	3	9	31	1	1.257
1	55	2	4	89	31	1	0.942
1	56	1	1	355	30	0	1.670
1	57	2	4	176	31	1	1.628
1	58	2	4	420	30	1	2.223
1	59	1	1	132	33	1	1.072
1	60	2	2	211	31	0	1.567
1	61	1	3	30	31	1	1.304
1	62	1	3	300	31	1	0.630
1	63	2	2	414	33	1	1.144
1	64	1	1	340	31	0	0.976
1	65	1	1	66	31	0	1.635
1	66	2	4	145	31	1	2.288
1	67	2	4	161	32	0	1.541
1	68	1	3	143	31	1	1.504
1	69	1	3	390	30	1	1.679
1	70	1	3	470	32	0	1.285
1	71	1	3	96	32	0	1.934
1	72	2	2	258	33	1	1.903
1	73	1	3	88	31	1	3.970
1	74	2	4	432	32	0	1.136
1	75	2	2	546	32	1	1.620
1	76	2	4	360	30	1	1.912
1	77	2	2	27	31	0	2.121
1	78	1	1	273	31	0	2.353
1	79	2	2	442	32	1	1.732
1	80	1	3	154	31	1	3.680
1	81	2	2	254	32	1	1.359
1	82	1	1	264	30	0	3.629
1	83	2	4	86	31	1	1.546
1	84	2	4	223	30	1	2.806
1	85	2	4	510	32	0	1.716
1	86	2	2	253	30	0	1.478
1	87	2	2	406	32	1	1.430
1	88	1	3	56	31	1	2.908
1	89	1	1	324	31	0	1.837
1	90	2	4	179	30	1	4.904
1	91	1	3	188	30	1	2.538
1	92	1	1	255	30	0	2.597
1	93	1	1	396	30	0	0.922
1	94	2	2	116	33	1	1.231
1	95	2	4	407	31	1	3.752
1	96	1	1	146	33	1	1.071
1	97	2	2	286	32	1	1.554
1	98	2	4	378	30	1	2.814
1	99	1	1	282	32	1	1.505
1	100	2	2	198	32	1	2.129
1	101	2	2	90	31	0	2.390
1	102	1	3	490	31	1	5.283
1	103	1	3	294	31	1	2.705
1	104	1	1	293	31	0	1.412
1	105	2	4	296	30	1	1.207
1	106	2	4	464	30	1	2.088
1	107	2	4	39	30	1	2.162
1	108	1	1	530	31	0	3.525
1	109	2	2	243	33	1	1.093
1	110	1	3	378	31	1	1.559
1	111	1	3	206	31	1	7.471
1	112	2	4	1	32	0	1.433
1	113	2	2	274	31	0	1.318
1	114	2	4	97	31	1	2.877
1	115	1	1	476	30	0	2.398
1	116	2	4	514	32	0	1.044
1	117	1	3	165	30	1	2.589
1	118	2	4	297	30	1	2.327
1	119	1	3	336	30	1	0.903
1	120	2	2	249	30	0	0.925
1	121	1	3	174	30	1	1.231
1	122	2	4	540	31	1	2.509
1	123	1	1	429	31	0	1.792
1	124	2	2	394	30	0	2.161
1	125	1	1	430	32	1	2.477
1	126	1	3	485	30	1	1.907
1	127	1	3	13	31	1	1.953
1	128	2	2	314	33	1	2.801
1	129	1	1	283	32	1	2.503
1	130	1	1	367	31	0	1.568
1	131	1	1	251	33	1	1.812
1	132	2	4	393	30	1	3.191
1	133	2	4	298	30	1	3.100
1	134	2	2	64	30	0	2.713
1	135	2	4	108	30	1	0.920
1	136	2	2	113	33	1	1.107
1	137	1	3	258	31	1	1.251
1	138	2	4	458	30	1	1.817
1	139	2	2	415	33	1	1.200
1	140	1	1	127	32	1	2.007
1	141	1	1	72	30	0	1.391
1	142	1	1	487	32	1	1.709
1	143	1	1	256	30	0	1.522
1	144	2	4	207	30	1	0.838
1	145	2	4	65	30	1	0.897
1	146	1	1	98	30	0	1.332
1	147	2	4	151	30	1	1.831
1	148	1	3	252	30	1	0.843
1	149	2	2	430	31	0	1.109
1	150	2	2	154	30	0	1.632
1	151	2	4	529	31	1	1.568
1	152	1	3	463	31	1	1.612
1	153	2	4	12	31	1	4.268
1	154	2	2	164	31	0	2.020
1	155	1	1	322	31	0	2.563
1	156	1	1	309	31	0	1.301
1	157	1	3	147	32	0	2.399
1	158	2	4	386	30	1	2.948
1	159	1	3	330	30	1	2.518
1	160	2	4	266	30	1	0.936
1	161	2	4	19	30	1	3.237
1	162	1	3	32	33	0	1.248
1	163	1	1	432	31	0	1.764
1	164	2	2	234	30	0	1.548
1	165	2	2	126	30	0	2.342
1	166	2	2	105	31	0	1.433
1	167	1	1	312	31	0	7.933
1	168	2	2	484	30	0	1.086
1	169	1	1	35	30	0	1.439
1	170	1	3	374	30	1	1.045
1	171	1	3	407	30	1	1.031
1	172	2	2	236	33	1	1.088
1	173	2	2	339	33	1	1.329
1	174	1	3	533	30	1	4.174
1	175	1	1	373	30	0	1.831
1	176	2	2	69	33	1	1.469
1	177	2	4	349	31	1	2.420
1	178	2	4	250	30	1	1.793
1	179	2	4	41	30	1	0.925
1	180	1	3	482	30	1	1.670
1	181	1	1	64	31	0	3.812
1	182	1	3	520	30	1	1.251
1	183	1	3	22	30	1	1.393
1	184	1	1	130	31	0	1.767
1	185	2	2	16	32	1	1.460
1	186	1	1	492	32	1	2.246
1	187	2	4	204	30	1	1.691
1	188	1	1	441	32	1	2.570
1	189	1	3	122	31	1	2.607
1	190	1	1	8	33	1	1.057
1	191	1	1	89	31	0	2.240
1	192	1	3	285	30	1	1.078
1	193	1	3	412	30	1	1.781
1	194	2	4	527	30	1	2.035
1	195	2	2	325	31	0	2.739
1	196	1	3	461	30	1	1.748
1	197	1	1	480	32	1	1.657
1	198	2	2	311	33	1	1.924
1	199	2	2	477	33	1	2.582
1	200	1	1	209	33	1	1.034
