
*********************************************
* Sustained Attention and Recognition Memory Experiment - Sustained Attention Task v.1.0
* Date/Time: 03-Feb-2015 12:01:24
* Seed: 204127.5674
* Subject Number: 64
* Subject Name: AH
* Run Number: 1
* debug: 0
*********************************************

run	trl	tdf	sct	simg	crsp	rsp	acc	rt
1	1	0.012	2	502	11	11	1	0.687
1	2	0.012	2	325	11	11	1	0.838
1	3	0.012	2	524	11	11	1	0.669
1	4	0.012	2	390	11	11	1	0.565
1	5	0.013	2	317	11	11	1	0.542
1	6	0.013	2	428	11	11	1	0.549
1	7	0.013	2	403	11	11	1	0.540
1	8	0.013	2	383	11	11	1	0.547
1	9	0.013	2	368	11	11	1	0.573
1	10	0.014	2	166	11	11	1	0.565
1	11	0.014	2	411	11	11	1	0.603
1	12	0.014	2	453	11	11	1	0.676
1	13	0.014	2	476	11	11	1	0.604
1	14	0.001	2	505	11	11	1	0.801
1	15	0.001	2	520	11	11	1	0.727
1	16	0.001	2	396	11	11	1	0.528
1	17	0.002	2	352	11	11	1	0.423
1	18	0.002	2	490	11	11	1	0.479
1	19	0.002	2	86	11	11	1	0.408
1	20	0.002	2	493	11	11	1	0.447
1	21	0.002	2	458	11	11	1	0.520
1	22	0.003	2	303	11	11	1	0.494
1	23	0.003	2	20	11	11	1	0.502
1	24	0.003	1	432	13	13	1	0.496
1	25	0.003	2	359	11	11	1	0.517
1	26	0.003	1	312	13	13	1	0.525
1	27	0.004	2	463	11	11	1	0.487
1	28	0.004	2	400	11	11	1	0.414
1	29	0.004	2	362	11	11	1	0.375
1	30	0.004	2	250	11	11	1	0.431
1	31	0.004	2	512	11	11	1	0.455
1	32	0.005	2	465	11	11	1	0.397
1	33	0.005	2	269	11	11	1	0.357
1	34	0.005	2	437	11	11	1	0.381
1	35	0.005	2	102	11	11	1	0.358
1	36	0.005	2	450	11	11	1	0.398
1	37	0.006	2	29	11	11	1	0.389
1	38	0.006	1	499	13	13	1	0.524
1	39	0.006	2	474	11	11	1	0.500
1	40	0.006	2	398	11	11	1	0.555
1	41	0.006	1	333	13	13	1	0.530
1	42	0.007	2	203	11	11	1	0.445
1	43	0.007	2	268	11	11	1	0.435
1	44	0.007	2	279	11	11	1	0.395
1	45	0.007	2	409	11	11	1	0.418
1	46	0.007	2	37	11	11	1	0.361
1	47	0.007	2	310	11	11	1	0.387
1	48	0.008	2	18	11	11	1	0.378
1	49	0.008	1	261	13	13	1	0.497
1	50	0.008	2	125	11	11	1	0.489
1	51	0.008	2	3	11	11	1	0.449
1	52	0.008	2	382	11	11	1	0.440
1	53	0.009	2	237	11	11	1	0.400
1	54	0.009	2	454	11	11	1	0.376
1	55	0.009	2	139	11	11	1	0.368
1	56	0.009	2	91	11	11	1	0.408
1	57	0.009	2	16	11	11	1	0.402
1	58	0.010	2	60	11	11	1	0.393
1	59	0.010	2	147	11	11	1	0.337
1	60	0.010	2	225	11	11	1	0.311
1	61	0.010	2	206	11	11	1	0.304
1	62	0.010	2	99	11	11	1	0.359
1	63	0.011	2	144	11	11	1	0.384
1	64	0.011	1	284	13	13	1	0.566
1	65	0.011	2	56	11	11	1	0.462
1	66	0.011	1	15	13	13	1	0.455
1	67	0.011	2	358	11	11	1	0.432
1	68	0.012	2	61	11	11	1	0.422
1	69	0.012	2	315	11	11	1	0.367
1	70	0.012	2	235	11	11	1	0.358
1	71	0.012	2	101	11	11	1	0.399
1	72	0.012	2	234	11	11	1	0.374
1	73	0.013	2	135	11	11	1	0.382
1	74	0.013	1	243	13	13	1	0.628
1	75	0.013	2	253	11	11	1	0.460
1	76	0.013	2	112	11	11	1	0.837
1	77	0.013	2	514	11	11	1	0.605
1	78	0.013	2	448	11	11	1	0.502
1	79	0.014	1	486	13	13	1	0.557
1	80	0.014	2	161	11	11	1	0.437
1	81	0.014	2	100	11	11	1	0.349
1	82	0.014	2	464	11	11	1	0.355
1	83	0.001	2	89	11	11	1	0.408
1	84	0.001	2	373	11	11	1	0.353
1	85	0.001	2	123	11	11	1	0.408
1	86	0.002	1	129	13	11	0	0.433
1	87	0.002	2	14	11	11	1	0.631
1	88	0.002	2	113	11	NaN	0	NaN
1	89	0.002	2	418	11	11	1	0.009
1	90	0.002	2	164	11	11	1	0.511
1	91	0.003	2	95	11	11	1	0.486
1	92	0.003	2	278	11	11	1	0.479
1	93	0.003	2	326	11	11	1	0.421
1	94	0.003	2	305	11	11	1	0.384
1	95	0.003	2	483	11	11	1	0.407
1	96	0.004	1	152	13	13	1	0.431
1	97	0.004	2	385	11	11	1	0.406
1	98	0.004	2	48	11	11	1	0.382
1	99	0.004	1	92	13	11	0	0.374
1	100	0.004	2	105	11	11	1	0.590
1	101	0.005	2	481	11	11	1	0.468
1	102	0.005	2	160	11	11	1	0.397
1	103	0.005	2	422	11	11	1	0.437
1	104	0.005	2	22	11	11	1	0.428
1	105	0.005	2	432	11	11	1	0.404
1	106	0.006	2	424	11	11	1	0.349
1	107	0.006	2	63	11	11	1	0.373
1	108	0.006	2	312	11	11	1	0.380
1	109	0.006	1	488	13	11	0	0.404
1	110	0.006	2	12	11	11	1	0.475
1	111	0.007	2	327	11	11	1	0.453
1	112	0.007	2	328	11	11	1	0.506
1	113	0.007	2	205	11	11	1	0.484
1	114	0.007	1	154	13	13	1	0.474
1	115	0.007	2	257	11	11	1	0.450
1	116	0.007	2	26	11	11	1	0.427
1	117	0.008	2	294	11	11	1	0.577
1	118	0.008	2	224	11	11	1	0.889
1	119	0.008	2	444	11	NaN	0	NaN
1	120	0.008	2	304	11	11	1	0.056
1	121	0.008	1	416	13	11	0	0.321
1	122	0.009	2	159	11	11	1	0.393
1	123	0.009	2	64	11	11	1	0.481
1	124	0.009	2	220	11	11	1	0.474
1	125	0.009	2	394	11	11	1	0.625
1	126	0.009	2	488	11	11	1	0.535
1	127	0.010	2	406	11	11	1	0.512
1	128	0.010	2	216	11	11	1	0.488
1	129	0.010	1	371	13	13	1	0.447
1	130	0.010	2	410	11	11	1	0.440
1	131	0.010	2	171	11	11	1	0.368
1	132	0.011	2	338	11	11	1	0.345
1	133	0.011	2	211	11	11	1	0.302
1	134	0.011	2	204	11	11	1	0.360
1	135	0.011	2	469	11	11	1	0.383
1	136	0.011	2	114	11	11	1	0.328
1	137	0.012	2	323	11	11	1	0.302
1	138	0.012	2	393	11	11	1	0.421
1	139	0.012	2	356	11	11	1	0.366
1	140	0.012	2	433	11	11	1	0.342
1	141	0.012	2	510	11	11	1	0.397
1	142	0.013	2	380	11	11	1	0.373
1	143	0.013	2	25	11	11	1	0.333
1	144	0.013	2	434	11	11	1	0.326
1	145	0.013	2	540	11	11	1	0.348
1	146	0.013	2	34	11	11	1	0.468
1	147	0.013	2	475	11	11	1	0.430
1	148	0.014	2	244	11	11	1	0.405
1	149	0.014	2	186	11	11	1	0.396
1	150	0.014	1	189	13	13	1	0.467
1	151	0.014	2	456	11	11	1	0.492
1	152	0.001	1	77	13	13	1	0.593
1	153	0.001	2	6	11	11	1	0.505
1	154	0.001	2	515	11	11	1	0.465
1	155	0.002	2	548	11	11	1	0.393
1	156	0.002	2	55	11	11	1	0.336
1	157	0.002	2	350	11	11	1	0.295
1	158	0.002	2	230	11	11	1	0.304
1	159	0.002	2	134	11	11	1	0.328
1	160	0.003	2	198	11	11	1	0.400
1	161	0.003	1	3	13	13	1	0.503
1	162	0.003	2	53	11	11	1	0.463
1	163	0.003	2	1	11	11	1	0.341
1	164	0.003	2	477	11	11	1	0.303
1	165	0.004	2	405	11	11	1	0.262
1	166	0.004	2	148	11	11	1	0.255
1	167	0.004	2	8	11	11	1	0.311
1	168	0.004	2	369	11	11	1	0.319
1	169	0.004	2	87	11	11	1	0.340
1	170	0.005	2	236	11	11	1	0.333
1	171	0.005	2	90	11	11	1	0.292
1	172	0.005	1	131	13	11	0	0.285
1	173	0.005	2	365	11	11	1	0.389
1	174	0.005	2	229	11	11	1	0.397
1	175	0.005	2	179	11	11	1	0.437
1	176	0.006	2	371	11	11	1	0.411
1	177	0.006	2	84	11	11	1	0.291
1	178	0.006	2	183	11	11	1	0.349
1	179	0.006	2	69	11	11	1	0.371
1	180	0.007	2	331	11	11	1	0.396
1	181	0.007	2	504	11	11	1	0.452
1	182	0.007	2	172	11	11	1	0.442
1	183	0.007	2	93	11	11	1	0.436
1	184	0.007	2	274	11	11	1	0.410
1	185	0.007	2	2	11	11	1	0.451
1	186	0.008	2	370	11	11	1	0.521
1	187	0.008	2	332	11	11	1	0.754
1	188	0.008	2	413	11	11	1	0.586
1	189	0.008	2	289	11	11	1	0.449
1	190	0.008	2	387	11	11	1	0.394
1	191	0.009	2	243	11	11	1	0.384
1	192	0.009	2	107	11	11	1	0.330
1	193	0.009	2	466	11	11	1	0.337
1	194	0.009	2	76	11	11	1	0.330
1	195	0.009	2	175	11	11	1	0.369
1	196	0.010	2	10	11	11	1	0.439
1	197	0.010	2	531	11	11	1	0.399
1	198	0.010	1	523	13	13	1	0.552
1	199	0.010	1	283	13	11	0	0.495
1	200	0.010	2	111	11	11	1	0.647
1	201	0.011	2	201	11	11	1	0.592
1	202	0.011	1	88	13	11	0	0.662
1	203	0.011	2	214	11	11	1	0.591
1	204	0.011	2	81	11	11	1	0.534
1	205	0.011	2	282	11	11	1	0.559
1	206	0.012	2	363	11	11	1	0.502
1	207	0.012	2	519	11	11	1	0.477
1	208	0.012	2	66	11	11	1	0.469
1	209	0.012	2	184	11	11	1	0.477
1	210	0.012	1	366	13	13	1	0.533
1	211	0.013	1	297	13	13	1	0.572
1	212	0.013	2	45	11	11	1	0.534
1	213	0.013	2	80	11	11	1	0.508
1	214	0.013	2	427	11	11	1	0.516
1	215	0.013	2	121	11	11	1	0.397
1	216	0.013	2	435	11	11	1	0.325
1	217	0.014	2	461	11	11	1	0.333
1	218	0.014	2	140	11	11	1	0.372
1	219	0.014	2	146	11	11	1	0.364
1	220	0.014	2	17	11	11	1	0.371
1	221	0.001	2	333	11	11	1	0.474
1	222	0.001	2	72	11	11	1	0.431
1	223	0.001	2	199	11	11	1	0.424
1	224	0.002	2	290	11	11	1	0.385
1	225	0.002	2	281	11	11	1	0.376
1	226	0.002	2	231	11	11	1	0.353
1	227	0.002	2	443	11	11	1	0.390
1	228	0.002	2	472	11	11	1	0.415
1	229	0.003	2	541	11	11	1	0.423
1	230	0.003	2	137	11	11	1	0.432
1	231	0.003	2	299	11	11	1	0.375
1	232	0.003	2	414	11	11	1	0.430
1	233	0.003	1	122	13	13	1	0.597
1	234	0.004	2	384	11	11	1	0.541
1	235	0.004	2	221	11	11	1	0.471
1	236	0.004	2	122	11	11	1	0.414
1	237	0.004	2	103	11	11	1	0.454
1	238	0.004	2	197	11	11	1	0.446
1	239	0.005	2	372	11	11	1	0.389
1	240	0.005	2	165	11	11	1	0.397
1	241	0.005	2	431	11	11	1	0.389
1	242	0.005	2	178	11	11	1	0.333
1	243	0.005	1	493	13	11	0	0.339
1	244	0.006	2	152	11	11	1	0.494
1	245	0.006	2	246	11	11	1	0.453
1	246	0.006	2	542	11	11	1	0.443
1	247	0.006	2	252	11	11	1	0.421
1	248	0.006	2	415	11	11	1	0.426
1	249	0.007	2	182	11	11	1	0.387
1	250	0.007	2	70	11	11	1	0.395
1	251	0.007	2	245	11	11	1	0.402
1	252	0.007	2	222	11	11	1	0.363
1	253	0.007	2	217	11	11	1	0.337
1	254	0.008	2	163	11	11	1	0.313
1	255	0.008	2	355	11	11	1	0.307
1	256	0.008	2	522	11	11	1	0.331
1	257	0.008	1	445	13	13	1	0.466
1	258	0.008	2	517	11	11	1	0.410
1	259	0.008	2	219	11	11	1	0.449
1	260	0.009	2	98	11	11	1	0.409
1	261	0.009	2	131	11	11	1	0.370
1	262	0.009	2	170	11	11	1	0.329
1	263	0.009	2	223	11	11	1	0.306
1	264	0.009	2	367	11	11	1	0.279
1	265	0.010	1	271	13	11	0	0.336
1	266	0.010	2	209	11	11	1	0.487
1	267	0.010	2	408	11	11	1	0.463
1	268	0.010	2	397	11	11	1	0.487
1	269	0.010	2	156	11	11	1	0.576
1	270	0.011	2	494	11	11	1	0.519
1	271	0.011	2	188	11	11	1	0.494
1	272	0.011	2	169	11	11	1	0.504
1	273	0.011	2	401	11	11	1	0.429
1	274	0.011	2	342	11	11	1	0.487
1	275	0.012	2	36	11	11	1	0.494
1	276	0.012	2	32	11	11	1	0.501
1	277	0.012	2	275	11	11	1	0.527
1	278	0.012	2	404	11	11	1	0.567
1	279	0.012	2	423	11	11	1	0.639
1	280	0.013	2	130	11	11	1	0.598
1	281	0.013	2	526	11	11	1	0.636
1	282	0.013	2	311	11	11	1	0.644
1	283	0.013	2	195	11	11	1	0.604
1	284	0.013	1	89	13	13	1	0.549
1	285	0.013	1	457	13	13	1	0.557
1	286	0.014	1	308	13	13	1	0.515
1	287	0.014	1	309	13	13	1	0.523
1	288	0.014	2	518	11	11	1	0.563
1	289	0.014	2	68	11	11	1	0.507
1	290	0.001	2	343	11	11	1	0.561
1	291	0.001	2	436	11	11	1	0.489
1	292	0.001	2	539	11	11	1	0.368
1	293	0.002	2	501	11	11	1	0.456
1	294	0.002	2	318	11	11	1	0.655
1	295	0.002	1	42	13	13	1	0.647
1	296	0.002	1	150	13	13	1	0.608
1	297	0.002	1	128	13	13	1	0.569
1	298	0.002	2	263	11	11	1	0.608
1	299	0.003	2	43	11	11	1	0.566
1	300	0.003	1	136	13	13	1	0.527
1	301	0.003	2	314	11	11	1	0.519
1	302	0.003	2	200	11	11	1	0.478
1	303	0.004	2	5	11	11	1	0.518
1	304	0.004	2	497	11	11	1	0.429
1	305	0.004	2	347	11	11	1	0.406
1	306	0.004	2	354	11	11	1	0.348
1	307	0.004	2	316	11	11	1	0.277
1	308	0.005	2	142	11	11	1	0.236
1	309	0.005	2	525	11	11	1	0.260
1	310	0.005	2	296	11	11	1	0.252
1	311	0.005	2	193	11	11	1	0.246
1	312	0.005	2	534	11	11	1	0.364
1	313	0.006	2	335	11	11	1	0.291
1	314	0.006	2	283	11	11	1	0.315
1	315	0.006	2	150	11	11	1	0.357
1	316	0.006	2	83	11	11	1	0.379
1	317	0.006	2	176	11	11	1	0.403
1	318	0.007	2	132	11	11	1	0.413
1	319	0.007	2	174	11	11	1	0.370
1	320	0.007	2	30	11	11	1	0.348
1	321	0.007	2	23	11	11	1	0.275
1	322	0.007	2	259	11	11	1	0.234
1	323	0.007	2	378	11	11	1	0.274
1	324	0.008	2	319	11	11	1	0.220
1	325	0.008	2	351	11	11	1	0.275
1	326	0.008	2	143	11	11	1	0.266
1	327	0.008	2	108	11	11	1	0.290
1	328	0.008	2	547	11	11	1	0.234
1	329	0.009	1	182	13	11	0	0.274
1	330	0.009	2	208	11	11	1	0.456
1	331	0.009	2	141	11	11	1	0.498
1	332	0.009	2	478	11	11	1	0.441
1	333	0.009	2	117	11	11	1	0.449
1	334	0.010	2	11	11	11	1	0.503
1	335	0.010	1	274	13	11	0	0.672
1	336	0.010	2	451	11	NaN	0	NaN
1	337	0.010	2	74	11	11	1	0.815
1	338	0.010	2	284	11	11	1	0.648
1	339	0.011	2	264	11	NaN	0	NaN
1	340	0.011	2	345	11	NaN	0	NaN
1	341	0.011	2	276	11	11	1	0.432
1	342	0.011	2	46	11	11	1	0.312
1	343	0.011	1	531	13	11	0	0.335
1	344	0.012	2	9	11	11	1	0.469
1	345	0.012	2	339	11	11	1	0.461
1	346	0.012	2	425	11	11	1	0.485
1	347	0.012	2	41	11	11	1	0.445
1	348	0.012	2	471	11	11	1	0.405
1	349	0.013	2	177	11	11	1	0.413
1	350	0.013	2	496	11	11	1	0.358
1	351	0.013	2	455	11	11	1	0.381
1	352	0.013	2	187	11	11	1	0.356
1	353	0.013	1	408	13	11	0	0.316
1	354	0.014	2	357	11	11	1	0.390
1	355	0.014	2	260	11	11	1	0.429
1	356	0.014	2	545	11	11	1	0.420
1	357	0.014	2	449	11	11	1	0.507
1	358	0.001	2	97	11	11	1	0.482
1	359	0.001	2	487	11	11	1	0.455
1	360	0.001	2	550	11	11	1	0.400
1	361	0.001	2	256	11	11	1	0.505
1	362	0.002	2	54	11	11	1	0.527
1	363	0.002	2	124	11	11	1	0.503
1	364	0.002	2	535	11	11	1	0.512
1	365	0.002	2	329	11	11	1	0.566
1	366	0.002	2	249	11	11	1	0.545
1	367	0.003	2	106	11	11	1	0.584
1	368	0.003	2	38	11	11	1	0.574
1	369	0.003	2	346	11	11	1	0.488
1	370	0.003	2	486	11	11	1	0.446
1	371	0.003	2	353	11	11	1	0.438
1	372	0.004	2	306	11	11	1	0.431
1	373	0.004	2	498	11	11	1	0.423
1	374	0.004	2	336	11	11	1	0.382
1	375	0.004	2	207	11	11	1	0.420
1	376	0.004	1	293	13	13	1	0.526
1	377	0.005	2	44	11	11	1	0.549
1	378	0.005	2	212	11	11	1	0.542
1	379	0.005	2	190	11	11	1	0.469
1	380	0.005	2	344	11	11	1	0.366
1	381	0.005	1	374	13	13	1	0.581
1	382	0.006	2	238	11	11	1	0.524
1	383	0.006	2	277	11	11	1	0.515
1	384	0.006	2	375	11	11	1	0.492
1	385	0.006	2	467	11	11	1	0.389
1	386	0.006	2	300	11	11	1	0.364
1	387	0.007	2	258	11	11	1	0.354
1	388	0.007	2	544	11	11	1	0.362
1	389	0.007	2	527	11	11	1	0.371
1	390	0.007	2	430	11	11	1	0.331
1	391	0.007	2	377	11	11	1	0.354
1	392	0.007	2	270	11	11	1	0.410
1	393	0.008	2	479	11	11	1	0.402
1	394	0.008	2	364	11	11	1	0.329
1	395	0.008	2	386	11	11	1	0.321
1	396	0.008	2	153	11	11	1	0.345
1	397	0.008	2	395	11	11	1	0.369
1	398	0.009	2	492	11	11	1	0.393
1	399	0.009	2	416	11	11	1	0.448
1	400	0.009	2	537	11	11	1	0.440
1	401	0.009	2	538	11	11	1	0.466
1	402	0.009	2	543	11	11	1	0.472
1	403	0.010	2	96	11	11	1	0.465
1	404	0.010	2	51	11	11	1	0.472
1	405	0.010	2	295	11	11	1	0.433
1	406	0.010	2	71	11	11	1	0.454
1	407	0.010	2	446	11	11	1	0.480
1	408	0.011	2	439	11	11	1	0.438
1	409	0.011	2	468	11	11	1	0.383
1	410	0.011	2	173	11	11	1	0.424
1	411	0.011	2	57	11	11	1	0.670
1	412	0.011	2	291	11	11	1	0.566
1	413	0.012	2	116	11	11	1	0.512
1	414	0.012	1	515	13	13	1	0.503
1	415	0.012	2	73	11	11	1	0.573
1	416	0.012	2	272	11	11	1	0.582
1	417	0.012	2	421	11	11	1	0.510
1	418	0.013	2	271	11	11	1	0.501
1	419	0.013	2	138	11	11	1	0.413
1	420	0.013	2	388	11	11	1	0.342
1	421	0.013	2	24	11	11	1	0.237
1	422	0.013	2	47	11	11	1	0.262
1	423	0.013	2	21	11	11	1	0.269
1	424	0.014	2	361	11	11	1	0.275
1	425	0.014	2	521	11	11	1	0.284
1	426	0.014	2	35	11	11	1	0.436
1	427	0.001	1	108	13	13	1	0.458
1	428	0.001	2	94	11	11	1	0.431
1	429	0.001	2	79	11	11	1	0.376
1	430	0.002	2	417	11	11	1	0.304
1	431	0.002	1	275	13	11	0	0.311
1	432	0.002	2	58	11	11	1	0.385
1	433	0.002	2	485	11	11	1	0.424
1	434	0.002	2	442	11	11	1	0.433
1	435	0.002	2	128	11	11	1	0.441
1	436	0.003	2	292	11	11	1	0.400
1	437	0.003	2	192	11	11	1	0.408
1	438	0.003	2	267	11	11	1	0.431
1	439	0.003	2	88	11	11	1	0.438
1	440	0.003	2	460	11	11	1	0.350
1	441	0.004	2	133	11	11	1	0.407
1	442	0.004	2	239	11	11	1	0.350
1	443	0.004	2	440	11	11	1	0.357
1	444	0.004	2	447	11	13	0	0.541
1	445	0.004	2	324	11	11	1	0.406
1	446	0.005	2	202	11	11	1	0.412
1	447	0.005	2	500	11	11	1	0.436
1	448	0.005	2	40	11	11	1	0.396
1	449	0.005	2	533	11	11	1	0.340
1	450	0.005	2	265	11	11	1	0.380
1	451	0.006	2	136	11	11	1	0.389
1	452	0.006	2	232	11	11	1	0.317
1	453	0.006	2	349	11	11	1	0.307
1	454	0.006	2	241	11	11	1	0.268
1	455	0.006	2	503	11	11	1	0.245
1	456	0.007	2	366	11	11	1	0.298
1	457	0.007	2	511	11	11	1	0.323
1	458	0.007	2	360	11	11	1	0.300
1	459	0.007	2	412	11	11	1	0.452
1	460	0.007	1	303	13	13	1	0.458
1	461	0.008	2	62	11	11	1	0.513
1	462	0.008	2	110	11	11	1	0.458
1	463	0.008	1	257	13	13	1	0.723
1	464	0.008	2	65	11	11	1	0.521
1	465	0.008	2	19	11	13	0	0.592
1	466	0.008	2	508	11	11	1	0.522
1	467	0.009	2	285	11	11	1	0.385
1	468	0.009	2	180	11	11	1	0.376
1	469	0.009	2	330	11	11	1	0.368
1	470	0.009	2	420	11	11	1	0.362
1	471	0.009	2	389	11	11	1	0.338
1	472	0.010	2	189	11	11	1	0.281
1	473	0.010	2	151	11	11	1	0.208
1	474	0.010	2	322	11	11	1	0.249
1	475	0.010	2	337	11	11	1	0.272
1	476	0.010	2	298	11	11	1	0.231
1	477	0.011	2	320	11	11	1	0.254
1	478	0.011	2	516	11	11	1	0.278
1	479	0.011	2	399	11	11	1	0.254
1	480	0.011	2	308	11	11	1	0.261
1	481	0.011	2	39	11	11	1	0.335
1	482	0.012	2	392	11	11	1	0.309
1	483	0.012	2	266	11	11	1	0.319
1	484	0.012	2	145	11	11	1	0.373
1	485	0.012	2	489	11	11	1	0.398
1	486	0.012	2	227	11	11	1	0.406
1	487	0.013	2	13	11	11	1	0.398
1	488	0.013	2	154	11	11	1	0.342
1	489	0.013	2	379	11	11	1	0.381
1	490	0.013	2	15	11	11	1	0.325
1	491	0.013	2	31	11	11	1	0.381
1	492	0.014	2	307	11	11	1	0.453
1	493	0.014	1	346	13	13	1	0.491
1	494	0.014	2	162	11	11	1	0.517
1	495	0.014	2	523	11	11	1	0.413
1	496	0.001	2	402	11	11	1	0.530
1	497	0.001	2	536	11	11	1	0.457
1	498	0.001	2	168	11	11	1	0.353
1	499	0.001	2	104	11	11	1	0.314
1	500	0.002	1	530	13	11	0	0.274

*********************************************
* Sustained Attention and Recognition Memory Experiment - Memory Test v.1.0
* Date/Time: 03-Feb-2015 12:12:46
* Seed: 209288.8485
* Subject Number: 64
* Subject Name: AH
* Run Number: 1
* debug: 0
*********************************************

1	1	1	4	512	31	1	2.492
1	2	1	4	159	30	1	1.449
1	3	1	2	15	33	1	2.105
1	4	2	1	360	32	1	2.134
1	5	2	3	228	31	1	2.780
1	6	2	1	164	32	1	3.047
1	7	1	4	318	31	1	1.918
1	8	2	3	42	32	0	4.006
1	9	1	4	521	32	0	3.520
1	10	1	2	486	33	1	2.386
1	11	2	3	429	32	0	2.576
1	12	2	1	65	32	1	5.218
1	13	2	3	480	33	0	2.552
1	14	1	2	42	33	1	1.636
1	15	2	3	321	32	0	2.171
1	16	1	2	3	33	1	1.046
1	17	2	3	470	32	0	4.536
1	18	1	4	219	30	1	3.549
1	19	1	4	544	30	1	1.370
1	20	2	3	313	32	0	2.055
1	21	2	1	318	32	1	1.893
1	22	2	1	327	31	0	1.522
1	23	1	4	145	31	1	1.460
1	24	1	2	271	32	1	4.790
1	25	1	2	493	31	0	1.851
1	26	1	2	257	33	1	1.525
1	27	1	2	374	33	1	0.913
1	28	2	3	215	31	1	2.015
1	29	1	4	462	30	1	1.278
1	30	2	1	43	31	0	2.597
1	31	2	1	550	33	1	1.954
1	32	1	2	346	33	1	1.489
1	33	1	2	122	33	1	1.174
1	34	2	1	136	31	0	2.631
1	35	1	4	388	30	1	1.077
1	36	2	1	98	33	1	1.669
1	37	2	3	495	31	1	2.452
1	38	2	1	432	31	0	1.457
1	39	1	4	302	30	1	1.766
1	40	1	2	333	30	0	1.290
1	41	2	1	263	32	1	3.156
1	42	1	2	297	31	0	2.052
1	43	1	2	129	30	0	1.352
1	44	2	1	47	31	0	2.593
1	45	1	4	377	30	1	1.502
1	46	2	1	508	33	1	1.908
1	47	1	4	158	30	1	1.315
1	48	1	4	269	31	1	2.384
1	49	2	3	181	31	1	1.847
1	50	2	1	485	32	1	2.146
1	51	2	1	237	31	0	1.924
1	52	2	3	391	30	1	1.410
1	53	2	3	118	31	1	3.696
1	54	2	1	314	33	1	3.362
1	55	2	3	75	31	1	1.428
1	56	1	4	437	30	1	2.117
1	57	1	4	273	30	1	0.969
1	58	2	1	188	33	1	2.342
1	59	1	2	308	32	1	4.860
1	60	2	3	381	31	1	2.367
1	61	2	3	185	31	1	2.949
1	62	2	3	158	32	0	2.239
1	63	1	4	153	30	1	1.249
1	64	1	2	274	33	1	1.422
1	65	1	2	408	33	1	1.194
1	66	1	2	488	31	0	2.082
1	67	2	3	546	31	1	1.583
1	68	2	3	92	32	0	2.717
1	69	1	2	275	30	0	1.397
1	70	2	1	108	31	0	1.365
1	71	1	2	88	33	1	3.613
1	72	1	4	144	30	1	1.500
1	73	1	2	189	34	0	1.169
1	74	2	3	309	33	0	9.919
1	75	1	4	413	31	1	1.260
1	76	2	1	465	31	0	1.674
1	77	1	2	152	33	1	2.179
1	78	2	3	287	31	1	3.314
1	79	2	1	23	30	0	2.864
1	80	2	1	257	33	1	2.614
1	81	1	2	371	32	1	3.363
1	82	1	4	5	30	1	2.228
1	83	1	2	131	32	1	2.177
1	84	2	1	292	33	1	1.545
1	85	1	4	304	30	1	4.101
1	86	2	3	7	31	1	1.753
1	87	2	3	445	31	1	1.171
1	88	1	4	207	30	1	1.341
1	89	1	4	324	30	1	1.131
1	90	2	1	99	33	1	1.503
1	91	2	1	339	31	0	2.865
1	92	2	3	280	32	0	4.008
1	93	2	3	374	32	0	2.578
1	94	2	1	418	31	0	1.229
1	95	1	4	496	30	1	1.394
1	96	1	2	261	33	1	1.368
1	97	1	4	50	30	1	1.404
1	98	1	4	390	30	1	0.883
1	99	2	3	242	33	0	1.802
1	100	2	1	176	31	0	2.306
1	101	1	4	481	31	1	3.953
1	102	2	3	157	31	1	7.474
1	103	1	2	243	32	1	1.478
1	104	1	4	404	30	1	2.145
1	105	2	1	402	31	0	1.055
1	106	1	4	339	30	1	1.010
1	107	2	3	28	32	0	4.120
1	108	2	3	4	31	1	1.855
1	109	1	2	515	30	0	1.083
1	110	1	2	366	30	0	1.018
1	111	1	4	242	30	1	1.892
1	112	2	1	537	31	0	1.911
1	113	1	2	499	30	0	1.744
1	114	2	3	251	31	1	2.236
1	115	2	3	462	31	1	1.234
1	116	1	2	154	32	1	3.572
1	117	2	1	64	31	0	3.860
1	118	1	2	128	31	0	1.129
1	119	1	2	89	33	1	4.741
1	120	2	1	449	33	1	1.675
1	121	1	2	150	33	1	1.237
1	122	2	3	482	32	0	3.016
1	123	2	1	486	33	1	1.074
1	124	2	3	155	33	0	1.158
1	125	2	1	165	31	0	2.361
1	126	1	2	136	30	0	1.122
1	127	1	2	77	30	0	1.421
1	128	2	3	226	31	1	2.004
1	129	1	4	85	31	1	1.533
1	130	1	2	182	33	1	1.637
1	131	1	4	94	30	1	2.115
1	132	1	4	548	30	1	0.835
1	133	1	2	283	30	0	0.857
1	134	1	4	344	30	1	1.984
1	135	2	3	85	31	1	3.511
1	136	2	3	210	31	1	1.078
1	137	2	3	167	32	0	2.173
1	138	1	2	293	32	1	2.353
1	139	1	4	418	31	1	1.751
1	140	1	2	92	32	1	2.996
1	141	1	4	480	30	1	1.284
1	142	2	3	484	31	1	2.913
1	143	2	1	40	32	1	1.318
1	144	1	2	457	31	0	1.456
1	145	1	4	541	30	1	1.158
1	146	2	1	514	31	0	3.332
1	147	2	3	334	32	0	1.926
1	148	2	1	305	31	0	2.868
1	149	2	1	527	31	0	2.767
1	150	1	4	342	30	1	1.105
1	151	2	1	420	31	0	2.304
1	152	2	1	10	32	1	1.125
1	153	1	2	531	30	0	0.872
1	154	1	2	523	31	0	3.280
1	155	1	4	67	30	1	0.895
1	156	2	1	501	33	1	1.441
1	157	1	4	456	30	1	1.187
1	158	2	3	120	31	1	3.169
1	159	1	2	432	33	1	2.073
1	160	2	1	152	31	0	1.702
1	161	1	4	322	30	1	1.749
1	162	1	4	230	30	1	0.721
1	163	1	2	284	32	1	2.616
1	164	2	3	459	32	0	2.416
1	165	2	1	22	30	0	2.726
1	166	1	2	416	30	0	0.870
1	167	1	4	458	30	1	0.608
1	168	1	2	445	30	0	1.353
1	169	2	3	109	32	0	1.890
1	170	2	3	129	31	1	1.565
1	171	2	3	273	32	0	1.745
1	172	2	1	331	31	0	2.416
1	173	2	3	438	31	1	1.074
1	174	1	4	353	30	1	1.119
1	175	2	1	458	32	1	2.532
1	176	1	2	303	33	1	4.098
1	177	2	1	423	31	0	1.472
1	178	1	4	281	30	1	1.033
1	179	1	4	316	30	1	0.637
1	180	2	3	126	32	0	3.571
1	181	2	3	441	31	1	1.499
1	182	2	3	77	31	1	1.784
1	183	2	1	101	32	1	1.783
1	184	1	2	108	30	0	1.263
1	185	2	1	469	31	0	4.651
1	186	1	2	309	33	1	6.798
1	187	2	1	80	32	1	2.069
1	188	1	4	9	30	1	1.202
1	189	1	2	312	33	1	2.478
1	190	2	1	125	32	1	2.398
1	191	2	1	422	31	0	1.680
1	192	2	3	59	31	1	1.552
1	193	1	2	530	31	0	2.209
1	194	2	3	33	30	1	1.413
1	195	1	4	409	30	1	0.798
1	196	1	4	186	30	1	0.751
1	197	1	4	142	30	1	1.725
1	198	2	1	84	31	0	1.833
1	199	1	4	455	30	1	0.649
1	200	2	3	499	30	1	1.570
