
*********************************************
* Sustained Attention and Recognition Memory Experiment - Sustained Attention Task v.1.0
* Date/Time: 02-Jan-2015 10:14:54
* Seed: 208025.6221
* Subject Number: 57
* Subject Name: TW
* Run Number: 1
* debug: 0
*********************************************

run	trl	tdf	sct	simg	crsp	rsp	acc	rt
1	1	0.013	1	20	11	NaN	0	NaN
1	2	0.013	1	255	11	11	1	0.236
1	3	0.013	1	329	11	11	1	0.483
1	4	0.013	1	81	11	11	1	0.315
1	5	0.014	1	353	11	11	1	0.370
1	6	0.014	1	136	11	11	1	0.411
1	7	0.014	1	4	11	11	1	0.386
1	8	0.014	1	124	11	11	1	0.313
1	9	0.001	2	379	13	11	0	0.352
1	10	0.001	1	144	11	11	1	0.854
1	11	0.001	1	464	11	11	1	0.830
1	12	0.002	1	166	11	11	1	0.727
1	13	0.002	1	149	11	11	1	0.703
1	14	0.002	2	425	13	13	1	0.677
1	15	0.002	1	252	11	11	1	0.717
1	16	0.002	1	541	11	11	1	0.646
1	17	0.003	1	51	11	11	1	0.558
1	18	0.003	1	421	11	11	1	0.503
1	19	0.003	2	471	13	13	1	0.653
1	20	0.003	1	342	11	NaN	0	NaN
1	21	0.003	1	131	11	11	1	0.030
1	22	0.004	1	463	11	11	1	0.069
1	23	0.004	1	319	11	11	1	0.301
1	24	0.004	1	125	11	11	1	0.374
1	25	0.004	1	451	11	11	1	0.413
1	26	0.004	1	54	11	11	1	0.388
1	27	0.004	2	535	13	13	1	0.382
1	28	0.005	2	8	13	11	0	0.485
1	29	0.005	1	356	11	11	1	0.587
1	30	0.005	1	370	11	11	1	0.771
1	31	0.005	1	379	11	11	1	0.604
1	32	0.005	1	304	11	11	1	0.482
1	33	0.006	1	344	11	11	1	0.604
1	34	0.006	1	259	11	11	1	0.562
1	35	0.006	1	471	11	NaN	0	NaN
1	36	0.006	1	194	11	11	1	0.564
1	37	0.006	1	426	11	11	1	0.570
1	38	0.007	1	337	11	11	1	0.450
1	39	0.007	1	367	11	11	1	0.442
1	40	0.007	1	79	11	11	1	0.578
1	41	0.007	1	88	11	11	1	0.635
1	42	0.007	1	140	11	11	1	0.499
1	43	0.008	1	249	11	11	1	0.537
1	44	0.008	1	80	11	11	1	0.642
1	45	0.008	1	40	11	11	1	0.617
1	46	0.008	1	257	11	11	1	0.642
1	47	0.008	1	309	11	11	1	0.713
1	48	0.009	1	402	11	11	1	0.623
1	49	0.009	1	130	11	11	1	0.569
1	50	0.009	1	175	11	11	1	0.512
1	51	0.009	1	197	11	11	1	0.457
1	52	0.009	1	403	11	11	1	0.416
1	53	0.010	1	418	11	11	1	0.361
1	54	0.010	1	414	11	11	1	0.398
1	55	0.010	1	231	11	11	1	0.279
1	56	0.010	1	227	11	11	1	0.398
1	57	0.010	1	298	11	11	1	0.375
1	58	0.010	1	434	11	11	1	0.351
1	59	0.011	1	222	11	11	1	0.406
1	60	0.011	1	52	11	11	1	0.366
1	61	0.011	1	537	11	11	1	0.357
1	62	0.011	1	454	11	11	1	0.381
1	63	0.011	1	196	11	11	1	0.341
1	64	0.012	1	357	11	11	1	0.380
1	65	0.012	1	154	11	11	1	0.421
1	66	0.012	1	12	11	11	1	0.349
1	67	0.012	1	322	11	11	1	0.310
1	68	0.012	1	299	11	11	1	0.301
1	69	0.013	1	333	11	11	1	0.323
1	70	0.013	1	209	11	11	1	0.316
1	71	0.013	1	27	11	11	1	0.387
1	72	0.013	1	389	11	11	1	0.332
1	73	0.013	1	520	11	11	1	0.308
1	74	0.014	1	171	11	11	1	0.332
1	75	0.014	1	34	11	11	1	0.292
1	76	0.014	1	375	11	11	1	0.266
1	77	0.014	1	311	11	11	1	0.225
1	78	0.001	1	239	11	11	1	0.231
1	79	0.001	1	527	11	11	1	0.303
1	80	0.001	2	168	13	11	0	0.312
1	81	0.002	1	272	11	11	1	0.704
1	82	0.002	1	173	11	11	1	0.664
1	83	0.002	1	75	11	11	1	0.798
1	84	0.002	1	524	11	11	1	0.742
1	85	0.002	1	364	11	11	1	0.704
1	86	0.003	1	63	11	11	1	0.582
1	87	0.003	1	511	11	11	1	0.510
1	88	0.003	2	481	13	13	1	0.631
1	89	0.003	1	261	11	11	1	0.719
1	90	0.003	1	447	11	11	1	0.615
1	91	0.004	2	153	13	13	1	0.477
1	92	0.004	1	312	11	11	1	0.388
1	93	0.004	1	300	11	11	1	0.540
1	94	0.004	1	546	11	11	1	0.454
1	95	0.004	1	466	11	11	1	0.395
1	96	0.004	1	406	11	11	1	0.403
1	97	0.005	1	347	11	11	1	0.397
1	98	0.005	1	216	11	11	1	0.371
1	99	0.005	1	326	11	11	1	0.346
1	100	0.005	1	23	11	11	1	0.339
1	101	0.005	2	295	13	11	0	0.603
1	102	0.006	1	473	11	11	1	0.564
1	103	0.006	1	517	11	11	1	0.506
1	104	0.006	1	412	11	11	1	0.500
1	105	0.006	1	159	11	11	1	0.489
1	106	0.006	1	483	11	11	1	0.547
1	107	0.007	1	121	11	11	1	0.441
1	108	0.007	1	448	11	11	1	0.385
1	109	0.007	1	424	11	11	1	0.315
1	110	0.007	1	118	11	11	1	0.353
1	111	0.007	1	291	11	11	1	0.553
1	112	0.008	1	69	11	11	1	0.465
1	113	0.008	1	324	11	11	1	0.425
1	114	0.008	1	423	11	11	1	0.401
1	115	0.008	1	348	11	11	1	0.361
1	116	0.008	1	542	11	11	1	0.400
1	117	0.009	1	21	11	11	1	0.343
1	118	0.009	1	547	11	11	1	0.335
1	119	0.009	2	518	13	11	0	0.279
1	120	0.009	1	189	11	11	1	0.367
1	121	0.009	1	531	11	11	1	0.377
1	122	0.010	1	181	11	11	1	0.480
1	123	0.010	2	474	13	13	1	0.681
1	124	0.010	1	42	11	11	1	0.608
1	125	0.010	1	508	11	11	1	0.551
1	126	0.010	1	303	11	11	1	0.495
1	127	0.011	1	305	11	11	1	0.488
1	128	0.011	2	277	13	13	1	0.462
1	129	0.011	1	269	11	11	1	0.375
1	130	0.011	1	391	11	13	0	0.397
1	131	0.011	1	200	11	11	1	0.759
1	132	0.011	2	457	13	13	1	0.621
1	133	0.012	1	123	11	11	1	0.550
1	134	0.012	1	147	11	11	1	0.556
1	135	0.012	2	182	13	13	1	0.581
1	136	0.012	1	19	11	11	1	0.525
1	137	0.012	1	396	11	11	1	0.502
1	138	0.013	1	218	11	11	1	0.428
1	139	0.013	1	376	11	13	0	0.499
1	140	0.013	1	480	11	11	1	0.411
1	141	0.013	1	318	11	11	1	0.420
1	142	0.013	1	152	11	11	1	0.459
1	143	0.014	1	275	11	11	1	0.370
1	144	0.014	1	155	11	11	1	0.380
1	145	0.014	1	474	11	11	1	0.371
1	146	0.014	2	113	13	13	1	0.538
1	147	0.001	1	185	11	11	1	0.512
1	148	0.001	1	509	11	11	1	0.327
1	149	0.001	1	97	11	11	1	0.286
1	150	0.002	1	478	11	11	1	0.329
1	151	0.002	1	67	11	11	1	0.352
1	152	0.002	1	265	11	11	1	0.360
1	153	0.002	1	122	11	11	1	0.430
1	154	0.002	1	8	11	11	1	0.376
1	155	0.003	1	401	11	11	1	0.317
1	156	0.003	1	359	11	11	1	0.374
1	157	0.003	1	6	11	11	1	0.350
1	158	0.003	1	346	11	11	1	0.646
1	159	0.003	1	349	11	11	1	0.461
1	160	0.004	1	35	11	11	1	0.405
1	161	0.004	1	157	11	11	1	0.332
1	162	0.004	1	226	11	11	1	0.358
1	163	0.004	1	548	11	11	1	0.301
1	164	0.004	1	262	11	11	1	0.405
1	165	0.004	2	275	13	11	0	0.315
1	166	0.005	1	237	11	11	1	0.468
1	167	0.005	1	18	11	11	1	0.346
1	168	0.005	1	354	11	11	1	0.371
1	169	0.005	1	341	11	11	1	0.411
1	170	0.005	1	519	11	11	1	0.531
1	171	0.006	1	288	11	11	1	0.413
1	172	0.006	1	343	11	11	1	0.706
1	173	0.006	1	295	11	11	1	0.522
1	174	0.006	1	33	11	11	1	0.482
1	175	0.006	1	103	11	11	1	0.331
1	176	0.007	1	14	11	11	1	0.417
1	177	0.007	1	374	11	11	1	0.298
1	178	0.007	1	133	11	11	1	0.482
1	179	0.007	1	336	11	11	1	0.362
1	180	0.007	1	230	11	11	1	0.465
1	181	0.008	1	191	11	11	1	0.344
1	182	0.008	1	110	11	11	1	0.273
1	183	0.008	1	148	11	11	1	0.376
1	184	0.008	2	404	13	11	0	0.322
1	185	0.008	2	255	13	11	0	0.376
1	186	0.009	1	64	11	11	1	0.385
1	187	0.009	1	278	11	11	1	0.329
1	188	0.009	1	530	11	11	1	0.336
1	189	0.009	1	323	11	11	1	0.295
1	190	0.009	1	53	11	11	1	0.336
1	191	0.010	1	334	11	11	1	0.441
1	192	0.010	1	137	11	11	1	0.401
1	193	0.010	1	368	11	11	1	0.502
1	194	0.010	1	390	11	11	1	0.350
1	195	0.010	1	135	11	11	1	0.358
1	196	0.011	1	190	11	11	1	0.382
1	197	0.011	1	94	11	11	1	0.405
1	198	0.011	1	273	11	11	1	0.351
1	199	0.011	1	440	11	11	1	0.405
1	200	0.011	1	167	11	11	1	0.495
1	201	0.011	1	475	11	11	1	0.404
1	202	0.012	1	500	11	11	1	0.414
1	203	0.012	1	398	11	11	1	0.326
1	204	0.012	1	393	11	11	1	0.253
1	205	0.012	1	30	11	11	1	0.324
1	206	0.012	1	55	11	11	1	0.301
1	207	0.013	2	51	13	11	0	0.340
1	208	0.013	1	46	11	11	1	0.396
1	209	0.013	1	31	11	11	1	0.308
1	210	0.013	1	470	11	11	1	0.252
1	211	0.013	1	235	11	11	1	0.275
1	212	0.014	1	207	11	11	1	0.299
1	213	0.014	1	281	11	11	1	0.244
1	214	0.014	1	539	11	11	1	0.346
1	215	0.014	1	499	11	11	1	0.291
1	216	0.001	1	29	11	11	1	0.264
1	217	0.001	1	113	11	11	1	0.271
1	218	0.001	2	294	13	11	0	0.280
1	219	0.002	1	450	11	11	1	0.367
1	220	0.002	1	399	11	11	1	0.391
1	221	0.002	1	13	11	11	1	0.350
1	222	0.002	1	453	11	11	1	0.311
1	223	0.002	1	446	11	11	1	0.302
1	224	0.003	1	382	11	11	1	0.373
1	225	0.003	2	83	13	13	1	0.462
1	226	0.003	1	461	11	11	1	0.389
1	227	0.003	1	66	11	11	1	0.383
1	228	0.003	1	162	11	11	1	0.357
1	229	0.004	1	321	11	11	1	0.444
1	230	0.004	1	285	11	11	1	0.533
1	231	0.004	1	358	11	11	1	0.397
1	232	0.004	1	266	11	11	1	0.404
1	233	0.004	1	369	11	11	1	0.380
1	234	0.005	1	111	11	11	1	0.421
1	235	0.005	2	243	13	13	1	0.524
1	236	0.005	1	361	11	11	1	0.499
1	237	0.005	1	485	11	11	1	0.443
1	238	0.005	1	438	11	11	1	0.404
1	239	0.005	1	65	11	11	1	0.330
1	240	0.006	2	281	13	13	1	0.499
1	241	0.006	1	502	11	11	1	0.346
1	242	0.006	1	457	11	11	1	0.323
1	243	0.006	1	442	11	11	1	0.345
1	244	0.006	1	143	11	11	1	0.337
1	245	0.007	1	363	11	11	1	0.378
1	246	0.007	1	176	11	11	1	0.322
1	247	0.007	1	544	11	11	1	0.347
1	248	0.007	1	1	11	11	1	0.322
1	249	0.007	1	83	11	11	1	0.313
1	250	0.008	1	490	11	11	1	0.304
1	251	0.008	1	503	11	11	1	0.330
1	252	0.008	1	362	11	11	1	0.369
1	253	0.008	1	441	11	11	1	0.426
1	254	0.008	1	469	11	11	1	0.368
1	255	0.009	2	236	13	11	0	0.504
1	256	0.009	2	256	13	11	0	0.466
1	257	0.009	1	24	11	11	1	0.776
1	258	0.009	1	169	11	11	1	0.670
1	259	0.009	1	479	11	11	1	0.520
1	260	0.010	1	315	11	11	1	0.431
1	261	0.010	1	241	11	11	1	0.360
1	262	0.010	1	258	11	11	1	0.495
1	263	0.010	2	464	13	13	1	0.743
1	264	0.010	1	431	11	11	1	0.656
1	265	0.011	2	13	13	13	1	0.520
1	266	0.011	2	165	13	13	1	0.478
1	267	0.011	1	331	11	11	1	0.647
1	268	0.011	1	72	11	11	1	0.654
1	269	0.011	1	282	11	11	1	0.598
1	270	0.011	1	60	11	11	1	0.540
1	271	0.012	2	12	13	13	1	0.532
1	272	0.012	1	510	11	11	1	0.493
1	273	0.012	1	57	11	11	1	0.676
1	274	0.012	1	242	11	11	1	0.733
1	275	0.012	1	498	11	11	1	0.580
1	276	0.013	1	233	11	11	1	0.507
1	277	0.013	1	205	11	11	1	0.581
1	278	0.013	1	308	11	11	1	0.460
1	279	0.013	1	206	11	11	1	0.421
1	280	0.013	1	108	11	11	1	0.363
1	281	0.014	1	533	11	11	1	0.355
1	282	0.014	1	425	11	11	1	0.283
1	283	0.014	1	210	11	11	1	0.274
1	284	0.014	1	212	11	11	1	0.252
1	285	0.001	1	204	11	11	1	0.351
1	286	0.001	2	360	13	11	0	0.344
1	287	0.001	2	534	13	11	0	0.384
1	288	0.002	1	340	11	NaN	0	NaN
1	289	0.002	1	491	11	11	1	0.110
1	290	0.002	1	62	11	11	1	0.424
1	291	0.002	1	472	11	11	1	0.461
1	292	0.002	2	549	13	13	1	0.582
1	293	0.003	1	419	11	11	1	0.575
1	294	0.003	1	276	11	11	1	0.630
1	295	0.003	1	193	11	11	1	0.574
1	296	0.003	2	537	13	13	1	0.646
1	297	0.003	1	317	11	11	1	0.575
1	298	0.003	1	460	11	11	1	0.629
1	299	0.004	1	488	11	11	1	0.540
1	300	0.004	1	47	11	11	1	0.550
1	301	0.004	2	103	13	13	1	0.733
1	302	0.004	1	7	11	11	1	0.645
1	303	0.005	2	141	13	13	1	0.700
1	304	0.005	2	144	13	13	1	0.643
1	305	0.005	1	512	11	11	1	0.540
1	306	0.005	1	56	11	11	1	0.564
1	307	0.005	1	114	11	11	1	0.460
1	308	0.005	1	254	11	11	1	0.419
1	309	0.006	1	236	11	11	1	0.428
1	310	0.006	1	182	11	11	1	0.514
1	311	0.006	1	220	11	11	1	0.444
1	312	0.006	1	168	11	11	1	0.514
1	313	0.006	1	228	11	11	1	0.425
1	314	0.007	1	387	11	11	1	0.466
1	315	0.007	1	126	11	11	1	0.363
1	316	0.007	1	504	11	11	1	0.402
1	317	0.007	1	161	11	11	1	0.555
1	318	0.007	1	484	11	11	1	0.592
1	319	0.008	1	430	11	11	1	0.488
1	320	0.008	1	444	11	11	1	0.402
1	321	0.008	1	85	11	11	1	0.392
1	322	0.008	1	373	11	11	1	0.402
1	323	0.008	1	224	11	11	1	0.442
1	324	0.009	1	223	11	11	1	0.353
1	325	0.009	1	289	11	11	1	0.391
1	326	0.009	1	71	11	11	1	0.385
1	327	0.009	1	213	11	11	1	0.425
1	328	0.009	1	313	11	11	1	0.494
1	329	0.010	1	410	11	11	1	0.455
1	330	0.010	1	505	11	11	1	0.447
1	331	0.010	1	26	11	11	1	0.406
1	332	0.010	1	408	11	11	1	0.464
1	333	0.010	1	465	11	11	1	0.504
1	334	0.011	1	87	11	11	1	0.510
1	335	0.011	1	435	11	11	1	0.502
1	336	0.011	1	10	11	11	1	0.494
1	337	0.011	1	61	11	11	1	0.438
1	338	0.011	1	335	11	11	1	0.588
1	339	0.011	1	420	11	11	1	0.485
1	340	0.012	1	208	11	11	1	0.397
1	341	0.012	1	232	11	11	1	0.358
1	342	0.012	1	102	11	11	1	0.284
1	343	0.012	1	492	11	11	1	0.325
1	344	0.012	1	217	11	11	1	0.332
1	345	0.013	1	274	11	11	1	0.340
1	346	0.013	1	477	11	11	1	0.316
1	347	0.013	1	409	11	11	1	0.309
1	348	0.013	1	146	11	11	1	0.330
1	349	0.013	1	38	11	11	1	0.404
1	350	0.014	1	292	11	11	1	0.331
1	351	0.014	1	86	11	11	1	0.354
1	352	0.014	1	234	11	11	1	0.395
1	353	0.014	1	160	11	11	1	0.404
1	354	0.001	1	339	11	11	1	0.361
1	355	0.001	1	253	11	11	1	0.351
1	356	0.001	1	3	11	11	1	0.329
1	357	0.002	1	439	11	11	1	0.303
1	358	0.002	1	116	11	11	1	0.375
1	359	0.002	1	506	11	11	1	0.399
1	360	0.002	1	486	11	11	1	0.407
1	361	0.002	1	306	11	11	1	0.431
1	362	0.003	1	456	11	11	1	0.407
1	363	0.003	1	78	11	11	1	0.397
1	364	0.003	2	191	13	11	0	0.295
1	365	0.003	1	355	11	11	1	0.605
1	366	0.003	1	96	11	11	1	0.661
1	367	0.004	1	172	11	11	1	0.588
1	368	0.004	1	360	11	11	1	0.598
1	369	0.004	1	296	11	11	1	0.477
1	370	0.004	1	330	11	11	1	0.436
1	371	0.004	1	264	11	11	1	0.477
1	372	0.004	1	416	11	11	1	0.549
1	373	0.005	1	132	11	11	1	0.411
1	374	0.005	1	467	11	11	1	0.452
1	375	0.005	1	352	11	11	1	0.364
1	376	0.005	1	32	11	11	1	0.435
1	377	0.005	1	73	11	11	1	0.411
1	378	0.006	1	351	11	11	1	0.370
1	379	0.006	1	9	11	11	1	0.315
1	380	0.006	2	262	13	13	1	0.562
1	381	0.006	1	405	11	11	1	0.506
1	382	0.006	1	415	11	11	1	0.595
1	383	0.007	1	481	11	11	1	0.699
1	384	0.007	1	493	11	11	1	0.562
1	385	0.007	1	284	11	11	1	0.489
1	386	0.007	1	192	11	11	1	0.579
1	387	0.007	1	238	11	11	1	0.489
1	388	0.008	1	515	11	11	1	0.513
1	389	0.008	1	82	11	11	1	0.410
1	390	0.008	1	74	11	11	1	0.385
1	391	0.008	1	516	11	11	1	0.424
1	392	0.008	1	44	11	11	1	0.465
1	393	0.009	1	106	11	11	1	0.424
1	394	0.009	1	49	11	11	1	0.416
1	395	0.009	1	271	11	11	1	0.359
1	396	0.009	1	310	11	11	1	0.352
1	397	0.009	1	427	11	11	1	0.359
1	398	0.010	1	433	11	11	1	0.367
1	399	0.010	1	104	11	11	1	0.520
1	400	0.010	1	535	11	11	1	0.400
1	401	0.010	1	290	11	11	1	0.455
1	402	0.010	1	183	11	11	1	0.592
1	403	0.011	1	248	11	11	1	0.455
1	404	0.011	1	179	11	11	1	0.333
1	405	0.011	2	84	13	13	1	0.551
1	406	0.011	1	246	11	11	1	0.462
1	407	0.011	1	514	11	11	1	0.454
1	408	0.011	1	164	11	11	1	0.445
1	409	0.012	1	199	11	11	1	0.358
1	410	0.012	1	180	11	11	1	0.365
1	411	0.012	2	148	13	13	1	0.516
1	412	0.012	1	58	11	11	1	0.557
1	413	0.012	2	147	13	11	0	0.453
1	414	0.013	1	345	11	11	1	0.444
1	415	0.013	1	25	11	11	1	0.773
1	416	0.013	1	22	11	11	1	0.669
1	417	0.013	1	332	11	11	1	0.515
1	418	0.013	1	320	11	11	1	0.362
1	419	0.014	1	15	11	11	1	0.565
1	420	0.014	1	287	11	11	1	0.443
1	421	0.014	1	307	11	11	1	0.514
1	422	0.014	1	48	11	11	1	0.379
1	423	0.001	1	386	11	11	1	0.288
1	424	0.001	1	90	11	11	1	0.376
1	425	0.001	1	385	11	11	1	0.270
1	426	0.002	2	385	13	11	0	0.264
1	427	0.002	1	151	11	11	1	0.334
1	428	0.002	1	458	11	11	1	0.294
1	429	0.002	1	139	11	11	1	0.256
1	430	0.002	2	484	13	11	0	0.278
1	431	0.003	1	302	11	11	1	0.302
1	432	0.003	1	109	11	11	1	0.405
1	433	0.003	1	141	11	11	1	0.366
1	434	0.003	1	432	11	11	1	0.389
1	435	0.003	1	455	11	11	1	0.349
1	436	0.004	1	244	11	11	1	0.357
1	437	0.004	1	293	11	11	1	0.381
1	438	0.004	1	153	11	11	1	0.276
1	439	0.004	1	11	11	11	1	0.302
1	440	0.004	1	268	11	11	1	0.325
1	441	0.004	1	2	11	11	1	0.331
1	442	0.005	1	225	11	11	1	0.356
1	443	0.005	1	294	11	11	1	0.349
1	444	0.005	1	119	11	11	1	0.357
1	445	0.005	1	267	11	11	1	0.364
1	446	0.006	1	16	11	11	1	0.339
1	447	0.006	1	436	11	11	1	0.282
1	448	0.006	1	36	11	11	1	0.258
1	449	0.006	1	251	11	11	1	0.203
1	450	0.006	1	496	11	11	1	0.242
1	451	0.006	1	422	11	11	1	0.235
1	452	0.007	1	522	11	11	1	0.307
1	453	0.007	1	229	11	11	1	0.283
1	454	0.007	1	68	11	11	1	0.226
1	455	0.007	1	77	11	11	1	0.299
1	456	0.007	1	523	11	11	1	0.321
1	457	0.008	1	301	11	11	1	0.362
1	458	0.008	1	107	11	11	1	0.336
1	459	0.008	1	388	11	11	1	0.328
1	460	0.008	1	314	11	11	1	0.416
1	461	0.008	1	404	11	11	1	0.376
1	462	0.009	1	41	11	11	1	0.432
1	463	0.009	1	163	11	11	1	0.359
1	464	0.009	1	134	11	11	1	0.335
1	465	0.009	2	90	13	11	0	0.361
1	466	0.009	1	184	11	11	1	0.319
1	467	0.010	1	316	11	11	1	0.424
1	468	0.010	2	419	13	13	1	0.718
1	469	0.010	1	187	11	11	1	0.549
1	470	0.010	1	482	11	11	1	0.591
1	471	0.010	1	383	11	11	1	0.599
1	472	0.011	2	128	13	13	1	0.702
1	473	0.011	1	417	11	11	1	0.679
1	474	0.011	1	105	11	11	1	0.589
1	475	0.011	2	374	13	13	1	0.694
1	476	0.011	1	372	11	11	1	0.637
1	477	0.012	1	507	11	11	1	0.790
1	478	0.012	1	526	11	11	1	0.751
1	479	0.012	1	120	11	11	1	0.708
1	480	0.012	1	156	11	11	1	0.588
1	481	0.012	1	279	11	11	1	0.579
1	482	0.012	1	327	11	11	1	0.523
1	483	0.013	1	378	11	11	1	0.437
1	484	0.013	1	128	11	11	1	0.364
1	485	0.013	1	177	11	11	1	0.421
1	486	0.013	1	76	11	11	1	0.509
1	487	0.013	1	325	11	11	1	0.372
1	488	0.014	1	95	11	11	1	0.363
1	489	0.014	2	6	13	13	1	0.850
1	490	0.014	1	100	11	NaN	0	NaN
1	491	0.014	1	245	11	11	1	0.034
1	492	0.001	2	487	13	11	0	0.279
1	493	0.001	1	540	11	11	1	0.384
1	494	0.001	1	219	11	11	1	0.392
1	495	0.002	1	487	11	11	1	0.431
1	496	0.002	2	39	13	13	1	0.551
1	497	0.002	1	428	11	11	1	0.479
1	498	0.002	1	91	11	11	1	0.486
1	499	0.002	1	150	11	11	1	0.576
1	500	0.003	1	545	11	11	1	0.534

*********************************************
* Sustained Attention and Recognition Memory Experiment - Memory Test v.1.0
* Date/Time: 02-Jan-2015 10:27:20
* Seed: 206010.2671
* Subject Number: 57
* Subject Name: TW
* Run Number: 1
* debug: 0
*********************************************

1	1	1	1	506	32	1	1.731
1	2	2	4	290	30	1	2.516
1	3	1	3	497	30	1	1.415
1	4	1	1	382	32	1	1.741
1	5	2	4	226	30	1	1.188
1	6	1	3	98	31	1	2.388
1	7	2	4	188	31	1	3.485
1	8	1	1	48	31	0	2.169
1	9	1	3	397	33	0	1.599
1	10	1	3	459	32	0	1.823
1	11	2	2	113	33	1	1.107
1	12	1	1	131	32	1	1.254
1	13	2	2	487	33	1	1.179
1	14	2	2	474	33	1	0.983
1	15	1	1	38	33	1	1.008
1	16	1	1	31	32	1	0.926
1	17	2	2	144	31	0	1.934
1	18	2	4	550	30	1	1.592
1	19	2	2	255	30	0	1.961
1	20	2	4	38	31	1	1.097
1	21	2	2	277	33	1	1.365
1	22	1	1	360	33	1	1.022
1	23	1	1	100	32	1	1.187
1	24	1	3	198	31	1	1.302
1	25	2	2	236	33	1	1.136
1	26	1	1	390	33	1	1.489
1	27	1	3	195	31	1	1.677
1	28	1	3	117	31	1	1.055
1	29	2	4	439	30	1	1.462
1	30	2	4	477	30	1	1.083
1	31	2	2	128	33	1	1.075
1	32	2	4	509	31	1	1.366
1	33	2	4	198	32	0	1.031
1	34	2	2	103	33	1	1.776
1	35	1	3	494	32	0	1.984
1	36	2	4	375	32	0	1.519
1	37	1	1	1	33	1	1.075
1	38	1	3	377	32	0	2.818
1	39	2	4	434	31	1	1.456
1	40	2	4	3	32	0	1.412
1	41	1	1	483	33	1	1.281
1	42	2	2	518	30	0	0.847
1	43	2	2	534	31	0	4.083
1	44	1	3	501	33	0	1.119
1	45	2	2	419	33	1	0.828
1	46	2	4	108	31	1	2.201
1	47	2	4	172	30	1	1.276
1	48	2	4	76	30	1	1.347
1	49	2	4	411	31	1	1.632
1	50	1	1	385	32	1	2.815
1	51	1	1	26	33	1	1.800
1	52	1	1	406	32	1	1.119
1	53	1	3	45	31	1	2.356
1	54	2	4	43	30	1	1.644
1	55	1	3	263	33	0	1.302
1	56	1	3	17	31	1	1.446
1	57	2	2	39	33	1	5.150
1	58	1	1	96	33	1	1.061
1	59	1	3	525	32	0	4.430
1	60	2	2	404	31	0	4.210
1	61	1	1	363	32	1	2.499
1	62	1	1	82	32	1	4.527
1	63	2	2	148	33	1	1.880
1	64	2	4	171	31	1	3.508
1	65	1	1	353	32	1	2.039
1	66	1	1	333	32	1	2.228
1	67	2	4	169	30	1	1.528
1	68	2	2	147	31	0	3.430
1	69	1	3	243	31	1	4.280
1	70	2	2	168	32	1	1.184
1	71	1	3	260	32	0	2.783
1	72	2	2	191	33	1	1.247
1	73	2	4	380	30	1	2.200
1	74	1	1	287	31	0	1.454
1	75	2	2	243	30	0	2.136
1	76	2	2	275	33	1	1.188
1	77	2	4	194	32	0	1.376
1	78	2	2	165	32	1	1.831
1	79	1	1	122	32	1	1.150
1	80	1	1	481	33	1	1.479
1	81	2	4	28	30	1	1.122
1	82	2	4	328	31	1	2.886
1	83	1	1	15	32	1	1.091
1	84	2	2	12	33	1	2.031
1	85	2	4	161	32	0	1.497
1	86	2	4	104	30	1	1.174
1	87	1	3	365	32	0	1.679
1	88	2	4	402	31	1	1.669
1	89	2	2	379	31	0	1.181
1	90	1	3	178	32	0	2.797
1	91	1	1	537	30	0	0.845
1	92	2	2	281	30	0	1.518
1	93	2	4	143	31	1	0.864
1	94	2	4	435	31	1	0.868
1	95	1	3	443	32	0	1.504
1	96	1	3	188	32	0	1.681
1	97	2	2	481	32	1	0.963
1	98	2	4	266	32	0	0.890
1	99	2	2	360	33	1	1.809
1	100	1	1	478	31	0	1.612
1	101	1	1	262	30	0	0.723
1	102	1	3	101	30	1	0.599
1	103	2	2	51	30	0	1.164
1	104	1	3	532	31	1	1.870
1	105	2	4	501	30	1	1.464
1	106	1	3	452	30	1	0.674
1	107	2	2	262	33	1	1.422
1	108	1	1	248	33	1	2.787
1	109	1	3	70	32	0	1.158
1	110	1	3	202	32	0	1.280
1	111	1	1	345	33	1	1.138
1	112	2	2	153	33	1	1.344
1	113	1	3	186	31	1	1.139
1	114	2	4	67	30	1	1.182
1	115	2	2	6	33	1	1.064
1	116	2	4	86	32	0	1.219
1	117	1	1	331	33	1	1.396
1	118	1	3	394	31	1	1.997
1	119	1	3	513	32	0	4.431
1	120	1	3	411	30	1	1.091
1	121	2	4	106	30	1	1.457
1	122	2	2	83	33	1	1.105
1	123	2	2	256	32	1	1.296
1	124	2	2	457	32	1	1.066
1	125	2	2	537	33	1	1.149
1	126	2	4	389	31	1	1.368
1	127	2	4	417	30	1	4.356
1	128	1	3	536	31	1	2.614
1	129	2	4	215	32	0	1.207
1	130	2	4	195	31	1	4.271
1	131	1	3	395	30	1	1.060
1	132	2	2	535	33	1	1.349
1	133	2	4	102	31	1	2.167
1	134	1	1	125	32	1	1.155
1	135	2	2	90	31	0	3.280
1	136	1	3	371	30	1	1.292
1	137	1	1	316	31	0	2.120
1	138	2	4	398	30	1	3.281
1	139	2	4	120	31	1	2.867
1	140	2	2	8	33	1	1.072
1	141	1	3	112	32	0	3.619
1	142	1	3	297	33	0	1.302
1	143	1	3	529	32	0	1.322
1	144	2	2	294	32	1	1.422
1	145	1	1	190	31	0	3.345
1	146	1	1	409	30	0	1.253
1	147	2	2	464	32	1	1.045
1	148	2	2	141	33	1	0.956
1	149	1	3	543	31	1	1.187
1	150	1	3	93	30	1	1.398
1	151	2	4	23	30	1	1.252
1	152	1	1	302	33	1	1.481
1	153	1	3	214	30	1	1.116
1	154	1	1	133	32	1	1.296
1	155	1	3	534	30	1	3.893
1	156	1	1	491	33	1	0.998
1	157	2	2	425	33	1	0.995
1	158	1	1	245	33	1	4.819
1	159	1	1	398	32	1	1.886
1	160	2	2	374	33	1	0.962
1	161	2	2	84	33	1	1.342
1	162	1	1	337	32	1	0.903
1	163	1	1	530	33	1	0.881
1	164	1	3	59	31	1	1.730
1	165	2	4	135	30	1	1.208
1	166	1	1	130	31	0	1.217
1	167	1	1	342	30	0	1.429
1	168	1	1	500	33	1	1.240
1	169	1	3	476	33	0	0.855
1	170	1	1	370	31	0	3.505
1	171	2	4	186	30	1	1.228
1	172	2	4	341	31	1	2.163
1	173	1	1	264	33	1	0.886
1	174	2	2	13	32	1	3.394
1	175	1	1	161	31	0	0.819
1	176	1	3	138	32	0	0.927
1	177	1	3	165	31	1	1.037
1	178	2	4	130	30	1	1.031
1	179	2	4	225	31	1	1.247
1	180	1	1	108	31	0	2.515
1	181	2	4	238	32	0	1.649
1	182	1	3	413	31	1	1.830
1	183	1	3	92	30	1	1.200
1	184	1	1	67	32	1	1.126
1	185	1	3	240	31	1	0.868
1	186	2	2	549	33	1	0.935
1	187	2	2	295	32	1	1.087
1	188	2	2	471	32	1	2.470
1	189	2	2	385	30	0	1.751
1	190	1	3	270	31	1	1.962
1	191	2	4	455	32	0	1.157
1	192	1	1	235	32	1	1.613
1	193	1	1	21	33	1	1.280
1	194	2	4	488	31	1	1.907
1	195	2	2	182	33	1	1.080
1	196	2	2	484	32	1	1.589
1	197	1	3	5	31	1	1.169
1	198	1	3	462	32	0	1.698
1	199	2	4	354	30	1	1.832
1	200	1	3	215	31	1	1.366
