
*********************************************
* Sustained Attention and Recognition Memory Experiment - Sustained Attention Task v.1.0
* Date/Time: 03-Feb-2016 17:58:04
* Seed: 214032.1537
* Subject Number: 27
* Subject Name: NB
* Run Number: 1
* debug: 0
*********************************************

run	trl	tdf	sct	simg	crsp	rsp	acc	rt
1	1	0.006	1	105	11	NaN	0	NaN
1	2	0.007	1	464	11	NaN	0	NaN
1	3	0.007	1	98	11	NaN	0	NaN
1	4	0.007	1	192	11	11	1	0.138
1	5	0.007	1	133	11	11	1	0.794
1	6	0.007	1	314	11	11	1	0.722
1	7	0.008	1	235	11	11	1	0.649
1	8	0.008	1	30	11	11	1	0.618
1	9	0.008	1	471	11	13	0	0.593
1	10	0.008	1	80	11	NaN	0	NaN
1	11	0.008	1	50	11	11	1	0.616
1	12	0.008	1	287	11	13	0	0.633
1	13	0.009	2	22	13	13	1	0.872
1	14	0.009	1	195	11	NaN	0	NaN
1	15	0.009	2	69	13	13	1	0.736
1	16	0.009	1	199	11	11	1	0.656
1	17	0.009	1	528	11	11	1	0.784
1	18	0.010	1	35	11	11	1	0.743
1	19	0.010	1	311	11	11	1	0.887
1	20	0.010	1	520	11	11	1	0.623
1	21	0.010	1	485	11	11	1	0.598
1	22	0.011	1	435	11	11	1	0.758
1	23	0.011	1	126	11	11	1	0.750
1	24	0.011	1	63	11	11	1	0.654
1	25	0.011	1	36	11	11	1	0.637
1	26	0.011	1	475	11	11	1	0.702
1	27	0.011	2	193	13	13	1	0.582
1	28	0.011	1	145	11	11	1	0.725
1	29	0.012	1	342	11	11	1	0.621
1	30	0.012	1	428	11	11	1	0.700
1	31	-0.001	1	540	11	11	1	0.634
1	32	-0.001	1	514	11	11	1	0.698
1	33	-0.000	1	132	11	11	1	0.761
1	34	-0.000	1	24	11	11	1	0.809
1	35	0.000	1	493	11	11	1	0.809
1	36	0.000	1	280	11	11	1	0.713
1	37	0.000	1	148	11	11	1	0.824
1	38	0.000	1	25	11	11	1	0.705
1	39	0.000	1	327	11	11	1	0.649
1	40	0.000	1	522	11	11	1	0.721
1	41	0.001	1	507	11	11	1	0.648
1	42	0.001	1	343	11	11	1	0.568
1	43	0.002	2	489	13	13	1	0.519
1	44	0.001	1	425	11	11	1	0.591
1	45	0.002	1	462	11	11	1	0.599
1	46	0.002	1	379	11	11	1	0.703
1	47	0.002	2	291	13	13	1	0.663
1	48	0.002	1	71	11	11	1	0.623
1	49	0.002	1	79	11	11	1	0.582
1	50	0.003	1	7	11	11	1	0.742
1	51	0.616	1	254	11	NaN	0	NaN
1	52	0.003	1	524	11	11	1	0.222
1	53	0.003	2	115	13	11	0	0.341
1	54	0.003	1	116	11	11	1	0.565
1	55	0.004	1	168	11	11	1	0.677
1	56	0.004	1	45	11	11	1	0.598
1	57	0.004	1	78	11	11	1	0.828
1	58	0.004	1	64	11	11	1	0.845
1	59	0.004	1	94	11	11	1	0.836
1	60	0.005	2	527	13	13	1	0.636
1	61	0.005	1	225	11	11	1	0.668
1	62	0.005	1	487	11	11	1	0.547
1	63	0.005	1	537	11	11	1	0.555
1	64	0.005	1	217	11	11	1	0.483
1	65	0.005	1	157	11	11	1	0.756
1	66	0.006	1	325	11	13	0	0.587
1	67	0.006	1	329	11	11	1	0.499
1	68	0.006	1	281	11	11	1	0.539
1	69	0.006	1	272	11	11	1	0.443
1	70	0.006	1	169	11	11	1	0.466
1	71	0.007	1	538	11	11	1	0.450
1	72	0.007	2	510	13	11	0	0.450
1	73	0.007	1	433	11	11	1	0.810
1	74	0.007	1	455	11	NaN	0	NaN
1	75	0.007	1	492	11	11	1	0.697
1	76	0.008	2	70	13	13	1	0.505
1	77	0.008	1	41	11	11	1	0.593
1	78	0.008	1	382	11	11	1	0.625
1	79	0.008	1	446	11	11	1	0.625
1	80	0.008	1	200	11	11	1	0.576
1	81	0.009	1	166	11	11	1	0.624
1	82	0.009	1	370	11	11	1	0.576
1	83	0.009	1	23	11	11	1	0.616
1	84	0.009	1	150	11	11	1	0.624
1	85	0.009	1	313	11	11	1	0.607
1	86	0.009	1	283	11	11	1	0.591
1	87	0.010	1	355	11	11	1	0.599
1	88	0.009	1	282	11	11	1	0.624
1	89	0.010	1	55	11	11	1	0.575
1	90	0.010	1	526	11	11	1	0.583
1	91	0.010	1	392	11	11	1	0.647
1	92	0.011	1	407	11	11	1	0.614
1	93	0.011	1	273	11	11	1	0.766
1	94	0.011	1	104	11	11	1	0.638
1	95	0.011	1	179	11	11	1	0.486
1	96	0.011	1	230	11	11	1	0.358
1	97	0.012	1	159	11	11	1	0.525
1	98	0.012	1	197	11	11	1	0.445
1	99	0.012	1	320	11	11	1	0.493
1	100	-0.001	1	316	11	11	1	0.522
1	101	-0.001	1	304	11	11	1	0.474
1	102	-0.000	1	176	11	11	1	0.498
1	103	-0.000	1	19	11	11	1	0.577
1	104	0.000	1	62	11	11	1	0.601
1	105	0.000	1	134	11	11	1	0.521
1	106	0.000	1	393	11	11	1	0.449
1	107	0.000	1	467	11	11	1	0.481
1	108	0.013	1	52	11	11	1	0.499
1	109	0.000	1	367	11	11	1	0.465
1	110	0.001	1	34	11	11	1	0.512
1	111	0.001	1	368	11	11	1	0.544
1	112	0.002	1	160	11	11	1	0.615
1	113	0.001	1	486	11	11	1	0.551
1	114	0.002	1	81	11	11	1	0.479
1	115	0.002	1	14	11	11	1	0.543
1	116	0.002	1	339	11	11	1	0.511
1	117	0.002	1	275	11	11	1	0.495
1	118	0.002	1	246	11	11	1	0.510
1	119	0.003	1	476	11	11	1	0.567
1	120	0.003	1	477	11	11	1	0.567
1	121	0.003	1	28	11	11	1	0.614
1	122	0.003	1	412	11	11	1	0.445
1	123	0.003	1	164	11	11	1	0.405
1	124	0.004	1	424	11	11	1	0.454
1	125	0.004	1	445	11	11	1	0.445
1	126	0.004	1	409	11	11	1	0.413
1	127	0.004	1	265	11	11	1	0.389
1	128	0.004	1	354	11	11	1	0.484
1	129	0.005	1	90	11	11	1	0.364
1	130	0.005	1	4	11	11	1	0.316
1	131	0.005	1	161	11	11	1	0.356
1	132	0.005	2	156	13	13	1	0.548
1	133	0.005	1	29	11	11	1	0.580
1	134	0.006	1	422	11	11	1	0.740
1	135	0.006	1	82	11	11	1	0.828
1	136	0.006	2	245	13	NaN	0	NaN
1	137	0.006	1	401	11	11	1	0.003
1	138	0.006	1	426	11	11	1	0.627
1	139	0.006	1	543	11	11	1	0.474
1	140	0.007	1	167	11	11	1	0.666
1	141	0.007	1	450	11	11	1	0.594
1	142	0.007	1	16	11	11	1	0.570
1	143	0.007	2	529	13	13	1	0.513
1	144	0.007	1	333	11	11	1	0.546
1	145	0.007	1	85	11	11	1	0.626
1	146	0.008	1	155	11	11	1	0.841
1	147	0.008	2	79	13	13	1	0.561
1	148	0.008	1	83	11	11	1	0.769
1	149	0.009	1	215	11	11	1	0.633
1	150	0.009	1	114	11	11	1	0.768
1	151	0.008	2	490	13	13	1	0.568
1	152	0.009	1	251	11	11	1	0.488
1	153	0.009	1	89	11	11	1	0.488
1	154	0.009	1	330	11	11	1	0.448
1	155	0.010	1	2	11	11	1	0.383
1	156	0.010	1	546	11	11	1	0.527
1	157	0.010	1	498	11	11	1	0.447
1	158	0.010	1	177	11	11	1	0.359
1	159	0.010	1	460	11	11	1	0.374
1	160	0.010	1	26	11	11	1	0.375
1	161	0.011	1	186	11	11	1	0.278
1	162	0.011	2	362	13	11	0	0.343
1	163	0.011	1	319	11	11	1	0.462
1	164	0.011	1	348	11	11	1	0.638
1	165	0.011	1	499	11	11	1	0.685
1	166	0.011	1	411	11	11	1	0.525
1	167	0.012	2	457	13	13	1	0.581
1	168	-0.001	1	240	11	11	1	0.826
1	169	-0.001	1	406	11	11	1	0.809
1	170	-0.000	1	400	11	11	1	0.754
1	171	-0.000	2	86	13	13	1	0.569
1	172	-0.000	1	100	11	11	1	0.497
1	173	0.000	1	181	11	11	1	0.456
1	174	0.000	1	48	11	11	1	0.705
1	175	0.000	1	255	11	11	1	0.617
1	176	0.000	1	442	11	11	1	0.609
1	177	0.000	2	342	13	11	0	0.632
1	178	0.000	1	5	11	11	1	0.769
1	179	0.001	1	439	11	11	1	0.575
1	180	0.001	1	500	11	11	1	0.623
1	181	0.002	2	142	13	13	1	0.791
1	182	0.001	1	470	11	11	1	0.727
1	183	0.002	1	512	11	11	1	0.767
1	184	0.002	1	15	11	11	1	0.783
1	185	0.002	2	30	13	13	1	0.679
1	186	0.002	1	190	11	11	1	0.590
1	187	0.002	1	472	11	11	1	0.663
1	188	0.003	1	488	11	11	1	0.510
1	189	0.003	1	269	11	11	1	0.694
1	190	0.003	1	86	11	11	1	0.518
1	191	0.003	1	189	11	11	1	0.590
1	192	0.003	1	440	11	11	1	0.486
1	193	0.003	1	256	11	11	1	0.510
1	194	0.004	1	125	11	11	1	0.429
1	195	0.004	1	373	11	11	1	0.381
1	196	0.004	1	13	11	11	1	0.468
1	197	0.004	1	365	11	11	1	0.421
1	198	0.005	1	436	11	11	1	0.428
1	199	0.005	1	223	11	11	1	0.404
1	200	0.005	1	44	11	11	1	0.612
1	201	0.005	1	322	11	11	1	0.500
1	202	0.005	1	53	11	11	1	0.452
1	203	0.005	1	1	11	11	1	0.451
1	204	0.006	1	345	11	11	1	0.403
1	205	0.006	1	307	11	11	1	0.387
1	206	0.006	1	453	11	11	1	0.387
1	207	0.006	1	380	11	11	1	0.410
1	208	0.006	1	76	11	11	1	0.434
1	209	0.007	1	117	11	11	1	0.610
1	210	0.007	1	247	11	11	1	0.602
1	211	0.007	1	203	11	11	1	0.530
1	212	0.007	1	228	11	11	1	0.555
1	213	0.007	1	56	11	11	1	0.602
1	214	0.008	1	533	11	11	1	0.665
1	215	0.008	1	143	11	11	1	0.705
1	216	0.008	2	311	13	11	0	0.704
1	217	0.008	1	545	11	11	1	0.617
1	218	0.008	1	434	11	11	1	0.593
1	219	0.009	1	323	11	11	1	0.496
1	220	0.009	1	119	11	11	1	0.472
1	221	0.009	1	208	11	11	1	0.408
1	222	0.009	1	73	11	11	1	0.400
1	223	0.010	1	222	11	11	1	0.368
1	224	0.009	1	306	11	11	1	0.424
1	225	0.010	1	459	11	11	1	0.456
1	226	0.010	1	547	11	11	1	0.431
1	227	0.010	1	484	11	11	1	0.391
1	228	0.011	1	57	11	11	1	0.358
1	229	0.010	1	219	11	11	1	0.302
1	230	0.011	2	297	13	13	1	0.551
1	231	0.011	1	188	11	11	1	0.406
1	232	0.011	1	315	11	11	1	0.494
1	233	0.011	1	258	11	11	1	0.510
1	234	0.011	1	88	11	11	1	0.453
1	235	0.012	1	489	11	11	1	0.445
1	236	0.012	1	448	11	11	1	0.421
1	237	0.012	1	364	11	11	1	0.461
1	238	-0.001	1	206	11	11	1	0.497
1	239	-0.001	1	262	11	11	1	0.369
1	240	-0.000	1	120	11	11	1	0.409
1	241	-0.000	1	113	11	11	1	0.329
1	242	0.000	1	6	11	11	1	0.257
1	243	0.000	2	185	13	11	0	0.208
1	244	0.000	1	386	11	11	1	0.384
1	245	0.000	1	324	11	11	1	0.361
1	246	0.000	1	429	11	11	1	0.345
1	247	0.000	1	65	11	11	1	0.289
1	248	0.001	1	518	11	11	1	0.303
1	249	0.001	2	5	13	11	0	0.304
1	250	0.002	1	11	11	11	1	0.367
1	251	0.001	1	210	11	11	1	0.328
1	252	0.002	1	270	11	11	1	0.368
1	253	0.002	1	96	11	11	1	0.384
1	254	0.002	1	374	11	11	1	0.399
1	255	0.002	1	418	11	11	1	0.311
1	256	0.002	1	525	11	11	1	0.390
1	257	0.003	1	204	11	11	1	0.438
1	258	0.003	1	236	11	11	1	0.502
1	259	0.003	1	513	11	11	1	0.606
1	260	0.003	1	191	11	11	1	0.478
1	261	0.003	1	108	11	11	1	0.453
1	262	0.004	1	431	11	11	1	0.469
1	263	0.004	1	375	11	11	1	0.421
1	264	0.004	1	427	11	11	1	0.413
1	265	0.004	1	308	11	11	1	0.341
1	266	0.004	1	268	11	11	1	0.356
1	267	0.005	1	277	11	11	1	0.308
1	268	0.005	1	318	11	11	1	0.332
1	269	0.005	1	291	11	11	1	0.500
1	270	0.005	1	211	11	11	1	0.484
1	271	0.005	1	154	11	11	1	0.531
1	272	0.006	1	142	11	11	1	0.460
1	273	0.006	1	454	11	11	1	0.451
1	274	0.006	1	381	11	11	1	0.419
1	275	0.006	1	444	11	11	1	0.387
1	276	0.006	1	43	11	11	1	0.355
1	277	0.007	1	238	11	11	1	0.323
1	278	0.007	1	310	11	11	1	0.322
1	279	0.007	1	423	11	11	1	0.354
1	280	0.007	1	521	11	11	1	0.434
1	281	0.007	1	8	11	11	1	0.442
1	282	0.007	1	227	11	11	1	0.537
1	283	0.008	1	550	11	11	1	0.586
1	284	0.007	1	399	11	11	1	0.593
1	285	0.008	2	461	13	13	1	0.553
1	286	0.008	1	447	11	11	1	0.521
1	287	0.008	1	298	11	11	1	0.536
1	288	0.009	1	541	11	11	1	0.624
1	289	0.009	2	330	13	13	1	0.552
1	290	0.009	1	130	11	11	1	0.568
1	291	0.009	1	544	11	11	1	0.593
1	292	0.010	1	535	11	11	1	0.576
1	293	0.010	2	168	13	13	1	0.703
1	294	0.009	1	515	11	11	1	0.552
1	295	0.010	1	531	11	11	1	0.655
1	296	0.011	1	207	11	11	1	0.503
1	297	0.010	2	394	13	13	1	0.622
1	298	0.010	1	21	11	11	1	0.566
1	299	0.011	1	502	11	11	1	0.462
1	300	0.011	1	285	11	11	1	0.422
1	301	0.011	1	201	11	11	1	0.398
1	302	0.011	1	146	11	11	1	0.510
1	303	0.011	1	68	11	11	1	0.493
1	304	0.012	1	263	11	11	1	0.653
1	305	0.012	1	473	11	11	1	0.541
1	306	0.012	2	516	13	13	1	0.701
1	307	-0.001	1	430	11	11	1	0.521
1	308	-0.001	1	481	11	11	1	0.466
1	309	-0.000	1	398	11	11	1	0.433
1	310	-0.000	1	136	11	11	1	0.393
1	311	0.000	1	140	11	11	1	0.449
1	312	0.000	1	383	11	11	1	0.449
1	313	0.000	1	347	11	11	1	0.385
1	314	0.000	1	297	11	11	1	0.377
1	315	0.000	1	137	11	11	1	0.344
1	316	0.000	1	274	11	11	1	0.321
1	317	0.001	1	437	11	11	1	0.344
1	318	0.001	1	77	11	11	1	0.327
1	319	0.002	1	49	11	11	1	0.287
1	320	0.001	1	384	11	11	1	0.256
1	321	0.002	2	509	13	11	0	0.247
1	322	0.002	1	103	11	11	1	0.223
1	323	0.002	1	415	11	11	1	0.311
1	324	0.002	1	17	11	11	1	0.343
1	325	0.002	1	128	11	11	1	0.494
1	326	0.003	1	376	11	11	1	0.558
1	327	0.003	1	278	11	11	1	0.550
1	328	0.003	1	271	11	11	1	0.574
1	329	0.003	2	45	13	13	1	0.613
1	330	0.003	1	216	11	11	1	0.645
1	331	0.004	1	332	11	11	1	0.581
1	332	0.004	1	461	11	11	1	0.526
1	333	0.004	2	19	13	11	0	0.557
1	334	0.004	1	352	11	11	1	0.613
1	335	0.004	1	294	11	11	1	0.565
1	336	0.004	1	495	11	11	1	0.596
1	337	0.004	2	181	13	13	1	0.573
1	338	0.005	1	465	11	11	1	0.588
1	339	0.005	1	360	11	11	1	0.507
1	340	0.005	1	33	11	11	1	0.419
1	341	0.006	1	32	11	11	1	0.395
1	342	0.005	1	371	11	11	1	0.324
1	343	0.006	1	432	11	11	1	0.267
1	344	0.006	1	122	11	11	1	0.242
1	345	0.006	2	353	13	11	0	0.371
1	346	0.007	1	175	11	11	1	0.314
1	347	0.006	1	220	11	11	1	0.290
1	348	0.007	1	413	11	11	1	0.274
1	349	0.006	1	184	11	11	1	0.498
1	350	0.007	1	138	11	11	1	0.602
1	351	0.008	1	87	11	11	1	0.553
1	352	0.008	1	172	11	11	1	0.593
1	353	0.008	1	151	11	11	1	0.585
1	354	0.008	1	303	11	11	1	0.585
1	355	0.008	1	341	11	11	1	0.529
1	356	0.008	1	61	11	11	1	0.472
1	357	0.008	1	18	11	11	1	0.457
1	358	0.009	1	469	11	11	1	0.448
1	359	0.009	1	112	11	11	1	0.400
1	360	0.009	1	539	11	11	1	0.408
1	361	0.010	1	456	11	11	1	0.407
1	362	0.009	1	530	11	11	1	0.432
1	363	0.010	1	95	11	11	1	0.519
1	364	0.010	1	532	11	11	1	0.431
1	365	0.010	1	250	11	11	1	0.527
1	366	0.010	1	131	11	11	1	0.463
1	367	0.010	1	289	11	11	1	0.494
1	368	0.011	1	149	11	11	1	0.358
1	369	0.011	1	152	11	11	1	0.358
1	370	0.011	1	46	11	11	1	0.278
1	371	0.011	1	478	11	11	1	0.349
1	372	0.011	1	242	11	11	1	0.293
1	373	0.012	1	75	11	11	1	0.261
1	374	0.012	1	111	11	11	1	0.309
1	375	-0.001	1	241	11	11	1	0.306
1	376	-0.001	1	218	11	11	1	0.362
1	377	-0.001	1	390	11	11	1	0.434
1	378	-0.000	1	372	11	11	1	0.441
1	379	-0.000	1	491	11	11	1	0.537
1	380	0.000	1	416	11	11	1	0.617
1	381	0.000	1	309	11	11	1	0.705
1	382	0.000	1	261	11	11	1	0.656
1	383	0.013	1	405	11	11	1	0.500
1	384	0.000	1	3	11	11	1	0.441
1	385	0.000	1	403	11	11	1	0.409
1	386	0.001	1	505	11	11	1	0.320
1	387	0.001	1	441	11	11	1	0.232
1	388	0.002	1	295	11	11	1	0.239
1	389	0.001	2	256	13	11	0	0.247
1	390	0.002	1	231	11	11	1	0.271
1	391	0.002	1	232	11	11	1	0.311
1	392	0.002	1	357	11	11	1	0.351
1	393	0.002	1	106	11	11	1	0.423
1	394	0.002	1	394	11	11	1	0.486
1	395	0.003	1	31	11	11	1	0.446
1	396	0.003	1	38	11	11	1	0.551
1	397	0.003	1	194	11	11	1	0.582
1	398	0.003	1	286	11	11	1	0.526
1	399	0.003	1	9	11	11	1	0.462
1	400	0.004	1	185	11	11	1	0.470
1	401	0.004	1	58	11	11	1	0.453
1	402	0.004	1	249	11	11	1	0.437
1	403	0.004	1	165	11	11	1	0.437
1	404	0.004	1	301	11	11	1	0.444
1	405	0.004	1	508	11	11	1	0.381
1	406	0.005	1	257	11	11	1	0.428
1	407	0.005	1	449	11	11	1	0.428
1	408	0.005	1	517	11	11	1	0.372
1	409	0.005	1	417	11	11	1	0.436
1	410	0.006	1	351	11	11	1	0.380
1	411	0.006	1	91	11	11	1	0.331
1	412	0.006	1	178	11	11	1	0.299
1	413	0.005	1	84	11	11	1	0.299
1	414	0.006	1	129	11	11	1	0.290
1	415	0.006	1	463	11	11	1	0.363
1	416	0.007	1	503	11	11	1	0.394
1	417	0.007	1	504	11	11	1	0.466
1	418	0.007	1	419	11	11	1	0.490
1	419	0.007	1	529	11	11	1	0.386
1	420	0.007	1	548	11	11	1	0.370
1	421	0.008	1	519	11	11	1	0.417
1	422	0.008	1	183	11	11	1	0.321
1	423	0.008	1	389	11	11	1	0.361
1	424	0.008	1	549	11	11	1	0.353
1	425	0.008	1	361	11	11	1	0.336
1	426	0.009	1	363	11	11	1	0.312
1	427	0.009	1	534	11	11	1	0.280
1	428	0.009	1	452	11	11	1	0.312
1	429	0.009	1	212	11	11	1	0.319
1	430	0.010	1	385	11	11	1	0.479
1	431	0.009	1	170	11	11	1	0.495
1	432	0.010	1	196	11	11	1	0.487
1	433	0.010	1	214	11	11	1	0.431
1	434	0.010	1	490	11	11	1	0.438
1	435	0.010	1	264	11	11	1	0.367
1	436	0.010	1	40	11	11	1	0.599
1	437	0.011	1	198	11	11	1	0.438
1	438	0.011	1	510	11	11	1	0.374
1	439	0.011	1	74	11	11	1	0.326
1	440	0.012	1	162	11	11	1	0.413
1	441	0.011	1	72	11	11	1	0.350
1	442	0.012	1	279	11	11	1	0.325
1	443	0.012	1	93	11	11	1	0.333
1	444	-0.001	1	47	11	11	1	0.314
1	445	-0.001	1	153	11	11	1	0.273
1	446	-0.001	1	284	11	11	1	0.282
1	447	-0.000	1	479	11	11	1	0.249
1	448	-0.000	1	209	11	11	1	0.241
1	449	0.000	1	338	11	11	1	0.257
1	450	0.000	1	346	11	11	1	0.224
1	451	0.000	1	334	11	11	1	0.233
1	452	0.000	2	210	13	11	0	0.201
1	453	0.000	1	127	11	11	1	0.137
1	454	0.000	1	391	11	11	1	0.177
1	455	0.001	2	154	13	11	0	0.336
1	456	0.001	1	480	11	11	1	0.335
1	457	0.002	1	414	11	11	1	0.304
1	458	0.001	1	102	11	11	1	0.328
1	459	0.002	1	51	11	11	1	0.263
1	460	0.002	1	388	11	11	1	0.168
1	461	0.002	1	54	11	11	1	0.183
1	462	0.002	1	259	11	11	1	0.127
1	463	0.002	2	408	13	11	0	0.094
1	464	0.003	1	124	11	11	1	0.166
1	465	0.003	2	195	13	11	0	0.142
1	466	0.003	1	99	11	11	1	0.382
1	467	0.003	1	248	11	11	1	0.205
1	468	0.003	1	335	11	11	1	0.190
1	469	0.004	1	20	11	11	1	0.085
1	470	0.004	1	523	11	11	1	0.077
1	471	0.004	1	483	11	11	1	0.173
1	472	0.004	1	144	11	11	1	0.197
1	473	0.004	1	187	11	11	1	0.149
1	474	0.005	1	408	11	11	1	0.124
1	475	0.005	1	366	11	11	1	0.197
1	476	0.005	1	321	11	11	1	0.268
1	477	0.005	1	395	11	11	1	0.324
1	478	0.005	1	260	11	11	1	0.403
1	479	0.006	1	474	11	11	1	0.428
1	480	0.006	2	348	13	11	0	0.372
1	481	0.006	1	340	11	11	1	0.315
1	482	0.006	1	67	11	11	1	0.291
1	483	0.006	2	100	13	11	0	0.298
1	484	0.007	1	193	11	11	1	0.306
1	485	0.007	1	180	11	11	1	0.306
1	486	0.007	1	536	11	11	1	0.457
1	487	0.007	1	516	11	11	1	0.465
1	488	0.007	1	312	11	11	1	0.322
1	489	0.008	2	71	13	13	1	0.578
1	490	0.008	1	22	11	11	1	0.393
1	491	0.008	1	182	11	11	1	0.337
1	492	0.008	1	173	11	11	1	0.569
1	493	0.008	1	378	11	11	1	0.377
1	494	0.008	1	267	11	11	1	0.225
1	495	0.008	1	496	11	11	1	0.273
1	496	0.008	1	158	11	11	1	0.273
1	497	0.009	1	387	11	11	1	0.344
1	498	0.009	1	344	11	11	1	0.360
1	499	0.009	1	506	11	11	1	0.360
1	500	0.009	1	27	11	11	1	0.456

*********************************************
* Sustained Attention and Recognition Memory Experiment - Memory Test v.1.0
* Date/Time: 03-Feb-2016 18:10:06
* Seed: 206175.0602
* Subject Number: 27
* Subject Name: NB
* Run Number: 1
* debug: 0
*********************************************

1	1	2	2	154	32	1	3.764
1	2	2	4	213	30	1	2.487
1	3	2	4	231	30	1	4.130
1	4	2	2	210	33	1	3.103
1	5	1	3	350	31	1	3.499
1	6	2	4	328	31	1	2.647
1	7	2	2	297	31	0	3.982
1	8	1	1	166	32	1	2.710
1	9	1	3	42	32	0	7.196
1	10	1	3	121	33	0	3.347
1	11	1	3	443	33	0	2.444
1	12	1	3	97	31	1	3.670
1	13	2	2	516	32	1	2.813
1	14	2	2	311	33	1	2.909
1	15	1	3	542	33	0	2.487
1	16	1	1	257	33	1	1.414
1	17	1	3	156	32	0	2.533
1	18	1	1	207	30	0	1.898
1	19	1	3	337	30	1	1.791
1	20	1	3	60	31	1	1.902
1	21	2	4	270	30	1	2.942
1	22	2	2	394	31	0	1.653
1	23	2	2	342	33	1	1.277
1	24	1	3	276	32	0	2.418
1	25	1	1	13	33	1	1.494
1	26	1	3	326	32	0	1.675
1	27	2	2	330	30	0	1.717
1	28	2	4	437	31	1	2.591
1	29	2	2	19	30	0	1.705
1	30	2	4	535	31	1	1.724
1	31	2	2	22	32	1	2.960
1	32	1	1	321	33	1	3.559
1	33	2	2	71	30	0	2.247
1	34	1	3	233	32	0	2.497
1	35	1	1	246	31	0	6.445
1	36	1	1	270	31	0	12.011
1	37	2	2	185	32	1	1.720
1	38	1	1	185	33	1	1.073
1	39	2	4	255	33	0	11.733
1	40	2	4	434	31	1	2.187
1	41	2	4	536	30	1	4.821
1	42	1	1	99	31	0	2.775
1	43	1	3	527	32	0	1.939
1	44	1	3	494	31	1	1.480
1	45	2	2	256	31	0	4.418
1	46	1	3	205	32	0	2.277
1	47	2	2	291	32	1	2.115
1	48	2	2	353	31	0	2.351
1	49	2	4	277	30	1	2.597
1	50	1	1	469	33	1	1.636
1	51	2	2	168	32	1	1.333
1	52	1	3	10	31	1	1.885
1	53	2	2	457	30	0	1.631
1	54	2	4	308	31	1	4.399
1	55	1	1	75	33	1	4.576
1	56	1	1	425	33	1	1.514
1	57	2	4	392	31	1	2.876
1	58	1	1	170	33	1	1.867
1	59	2	4	35	30	1	5.834
1	60	1	1	122	31	0	4.287
1	61	1	3	202	31	1	4.936
1	62	2	4	254	30	1	2.077
1	63	2	2	69	32	1	1.631
1	64	2	4	363	31	1	3.422
1	65	2	2	348	30	0	3.339
1	66	1	3	59	33	0	1.287
1	67	1	1	84	30	0	3.186
1	68	1	1	80	33	1	1.573
1	69	2	2	45	31	0	2.299
1	70	2	4	6	32	0	5.914
1	71	1	1	134	33	1	1.355
1	72	1	3	101	31	1	1.734
1	73	2	4	354	30	1	1.543
1	74	1	3	353	30	1	3.271
1	75	2	2	362	31	0	1.763
1	76	1	1	241	32	1	2.014
1	77	2	2	100	31	0	2.749
1	78	1	1	322	32	1	1.292
1	79	1	3	252	31	1	3.052
1	80	1	3	229	32	0	2.155
1	81	1	1	215	33	1	1.562
1	82	2	4	446	30	1	1.368
1	83	1	1	338	31	0	2.039
1	84	2	2	86	33	1	1.777
1	85	2	4	135	32	0	1.661
1	86	1	3	317	32	0	4.466
1	87	2	2	408	33	1	1.496
1	88	1	3	290	32	0	1.582
1	89	1	1	242	32	1	1.998
1	90	1	3	299	33	0	1.453
1	91	2	4	171	30	1	2.188
1	92	2	4	499	30	1	2.540
1	93	1	3	377	31	1	1.403
1	94	1	1	9	32	1	3.557
1	95	1	1	249	33	1	1.135
1	96	2	2	509	30	0	1.164
1	97	1	1	96	31	0	1.705
1	98	1	3	12	31	1	2.654
1	99	2	4	278	30	1	1.852
1	100	1	1	390	32	1	4.082
1	101	2	2	195	31	0	3.722
1	102	1	1	540	31	0	4.362
1	103	2	4	150	32	0	2.636
1	104	2	2	30	33	1	7.134
1	105	2	2	193	31	0	4.090
1	106	1	1	489	32	1	1.182
1	107	1	1	467	32	1	1.640
1	108	1	3	243	33	0	1.624
1	109	2	2	115	31	0	1.983
1	110	1	3	92	30	1	1.231
1	111	1	1	329	33	1	1.262
1	112	1	3	171	33	0	2.020
1	113	2	4	413	31	1	2.211
1	114	2	4	94	30	1	1.344
1	115	1	1	521	32	1	1.502
1	116	1	1	16	33	1	1.155
1	117	1	1	143	31	0	7.062
1	118	1	1	20	33	1	3.674
1	119	2	4	166	32	0	2.412
1	120	2	2	527	31	0	3.458
1	121	1	1	182	32	1	3.895
1	122	1	3	292	31	1	1.380
1	123	1	3	421	31	1	2.609
1	124	1	1	177	31	0	6.658
1	125	1	3	70	32	0	1.806
1	126	2	2	245	33	1	4.814
1	127	2	4	441	30	1	4.342
1	128	1	3	466	32	0	3.798
1	129	1	1	306	33	1	1.269
1	130	2	4	465	33	0	1.093
1	131	1	3	438	32	0	1.513
1	132	1	3	420	32	0	1.142
1	133	1	1	426	30	0	1.870
1	134	2	2	5	31	0	7.162
1	135	2	2	529	31	0	1.225
1	136	2	4	200	31	1	3.427
1	137	2	2	510	31	0	5.920
1	138	1	3	509	30	1	1.315
1	139	1	3	349	33	0	1.435
1	140	2	4	419	30	1	1.630
1	141	1	3	118	31	1	1.424
1	142	1	3	110	31	1	6.764
1	143	1	1	355	31	0	1.852
1	144	2	2	70	33	1	3.010
1	145	2	2	79	33	1	0.975
1	146	2	4	491	30	1	1.454
1	147	1	3	302	31	1	2.993
1	148	2	4	53	32	0	6.586
1	149	2	4	122	30	1	3.476
1	150	1	1	35	33	1	1.546
1	151	1	3	458	30	1	5.842
1	152	1	3	244	33	0	3.510
1	153	2	4	545	30	1	4.368
1	154	1	3	358	31	1	1.311
1	155	1	3	115	31	1	1.556
1	156	2	4	372	31	1	1.715
1	157	2	2	142	32	1	1.328
1	158	1	1	472	32	1	1.632
1	159	2	2	181	33	1	1.172
1	160	2	2	156	30	0	1.513
1	161	2	4	80	30	1	1.955
1	162	2	4	316	31	1	2.741
1	163	2	2	489	32	1	1.631
1	164	1	1	64	33	1	6.879
1	165	2	2	490	31	0	4.708
1	166	1	1	385	32	1	2.305
1	167	1	1	533	30	0	1.526
1	168	1	1	316	32	1	6.827
1	169	1	1	465	32	1	0.911
1	170	1	1	192	32	1	1.012
1	171	2	2	461	30	0	1.579
1	172	1	3	288	31	1	1.267
1	173	2	4	12	30	1	1.568
1	174	1	1	161	33	1	2.463
1	175	2	4	525	32	0	8.231
1	176	1	3	362	31	1	4.173
1	177	1	3	266	31	1	1.634
1	178	2	4	496	33	0	1.507
1	179	2	4	68	32	0	6.530
1	180	2	4	54	32	0	3.142
1	181	1	3	336	30	1	2.467
1	182	1	1	117	31	0	2.002
1	183	1	1	278	33	1	6.569
1	184	1	3	253	33	0	0.728
