
*********************************************
* Sustained Attention and Recognition Memory Experiment - Sustained Attention Task v.1.0
* Date/Time: 30-Dec-2014 17:00:55
* Seed: 211230.3633
* Subject Number: 56
* Subject Name: AJ
* Run Number: 1
* debug: 0
*********************************************

run	trl	tdf	sct	simg	crsp	rsp	acc	rt
1	1	0.012	2	234	11	11	1	0.738
1	2	0.012	2	389	11	11	1	0.697
1	3	0.013	1	484	13	13	1	0.675
1	4	0.013	2	436	11	11	1	0.569
1	5	0.013	2	503	11	11	1	0.546
1	6	0.013	2	119	11	11	1	0.424
1	7	0.013	2	65	11	11	1	0.592
1	8	0.014	2	209	11	11	1	0.520
1	9	0.014	2	89	11	11	1	0.769
1	10	0.014	2	516	11	11	1	0.553
1	11	0.014	2	269	11	11	1	0.496
1	12	0.001	2	338	11	11	1	0.358
1	13	0.001	2	376	11	11	1	0.460
1	14	0.001	2	116	11	11	1	0.437
1	15	0.002	2	489	11	11	1	0.430
1	16	0.002	2	265	11	11	1	0.374
1	17	0.002	2	316	11	11	1	0.398
1	18	0.002	2	464	11	11	1	0.499
1	19	0.002	2	356	11	11	1	0.444
1	20	0.003	2	371	11	11	1	0.355
1	21	0.003	2	221	11	11	1	0.412
1	22	0.003	2	96	11	11	1	0.355
1	23	0.003	2	302	11	11	1	0.364
1	24	0.003	2	379	11	11	1	0.404
1	25	0.004	2	404	11	11	1	0.460
1	26	0.004	2	100	11	11	1	0.387
1	27	0.004	2	35	11	11	1	0.314
1	28	0.004	2	225	11	11	1	0.338
1	29	0.004	1	357	13	13	1	0.506
1	30	0.005	2	501	11	11	1	0.563
1	31	0.005	1	2	13	13	1	0.554
1	32	0.005	2	22	11	11	1	0.673
1	33	0.005	2	90	11	11	1	0.553
1	34	0.005	2	212	11	11	1	0.481
1	35	0.006	2	428	11	11	1	0.409
1	36	0.006	2	523	11	11	1	0.448
1	37	0.006	2	133	11	11	1	0.393
1	38	0.006	2	151	11	11	1	0.335
1	39	0.006	2	184	11	11	1	0.360
1	40	0.007	2	14	11	11	1	0.416
1	41	0.007	1	157	13	11	0	0.328
1	42	0.007	2	98	11	11	1	0.351
1	43	0.007	2	283	11	11	1	0.519
1	44	0.007	2	68	11	11	1	0.529
1	45	0.007	2	109	11	11	1	0.550
1	46	0.008	2	521	11	11	1	0.480
1	47	0.008	2	368	11	11	1	0.486
1	48	0.008	2	276	11	11	1	0.494
1	49	0.008	2	349	11	11	1	0.551
1	50	0.008	1	294	13	13	1	0.575
1	51	0.009	2	366	11	11	1	0.614
1	52	0.009	2	542	11	11	1	0.542
1	53	0.009	2	309	11	11	1	0.533
1	54	0.009	2	416	11	11	1	0.460
1	55	0.009	1	169	13	13	1	0.517
1	56	0.010	2	478	11	11	1	0.461
1	57	0.010	2	339	11	11	1	0.660
1	58	0.010	1	159	13	13	1	0.637
1	59	0.010	2	422	11	11	1	0.694
1	60	0.010	2	403	11	11	1	0.590
1	61	0.011	1	86	13	13	1	0.645
1	62	0.011	2	210	11	11	1	0.509
1	63	0.011	2	348	11	11	1	0.515
1	64	0.011	1	203	13	13	1	0.541
1	65	0.011	2	204	11	11	1	0.482
1	66	0.012	1	322	13	13	1	0.524
1	67	0.012	2	506	11	11	1	0.450
1	68	0.012	2	226	11	11	1	0.412
1	69	0.012	2	327	11	11	1	0.434
1	70	0.012	2	214	11	11	1	0.410
1	71	0.012	2	8	11	11	1	0.498
1	72	0.013	2	113	11	11	1	0.490
1	73	0.013	2	324	11	11	1	0.417
1	74	0.013	2	266	11	11	1	0.506
1	75	0.013	2	469	11	11	1	0.402
1	76	0.013	2	251	11	11	1	0.489
1	77	0.014	2	520	11	11	1	0.498
1	78	0.014	1	70	13	13	1	0.632
1	79	0.014	2	37	11	11	1	0.480
1	80	0.014	2	196	11	11	1	0.569
1	81	0.001	2	535	11	11	1	0.462
1	82	0.001	2	25	11	11	1	0.422
1	83	0.001	2	417	11	11	1	0.366
1	84	0.002	2	461	11	11	1	0.373
1	85	0.002	1	200	13	11	0	0.350
1	86	0.002	2	137	11	11	1	0.453
1	87	0.002	1	404	13	13	1	0.654
1	88	0.002	2	250	11	11	1	0.613
1	89	0.003	2	334	11	11	1	0.604
1	90	0.003	2	85	11	11	1	0.516
1	91	0.003	1	453	13	13	1	0.748
1	92	0.003	2	176	11	11	1	0.597
1	93	0.003	1	138	13	13	1	0.682
1	94	0.004	1	115	13	13	1	0.674
1	95	0.004	1	490	13	13	1	0.668
1	96	0.004	2	482	11	11	1	0.545
1	97	0.004	2	123	11	11	1	0.763
1	98	0.004	2	153	11	11	1	0.643
1	99	0.005	2	183	11	11	1	0.666
1	100	0.005	2	59	11	11	1	0.594
1	101	0.005	2	299	11	11	1	0.521
1	102	0.005	2	507	11	11	1	0.480
1	103	0.005	2	384	11	11	1	0.424
1	104	0.006	2	220	11	11	1	0.449
1	105	0.006	1	401	13	13	1	0.473
1	106	0.006	2	373	11	11	1	0.465
1	107	0.006	2	192	11	11	1	0.505
1	108	0.006	1	375	13	13	1	0.593
1	109	0.007	2	73	11	11	1	0.617
1	110	0.007	2	359	11	11	1	0.512
1	111	0.007	2	271	11	11	1	0.456
1	112	0.007	2	261	11	11	1	0.383
1	113	0.007	2	188	11	11	1	0.392
1	114	0.007	2	336	11	11	1	0.527
1	115	0.008	2	533	11	11	1	0.822
1	116	0.008	2	146	11	11	1	0.623
1	117	0.008	2	540	11	11	1	0.581
1	118	0.008	2	165	11	11	1	0.623
1	119	0.008	2	242	11	11	1	0.487
1	120	0.009	2	343	11	11	1	0.557
1	121	0.009	2	106	11	11	1	0.453
1	122	0.009	1	280	13	13	1	0.655
1	123	0.009	2	493	11	11	1	0.644
1	124	0.009	1	64	13	13	1	0.669
1	125	0.010	2	195	11	11	1	0.564
1	126	0.010	2	34	11	11	1	0.556
1	127	0.010	2	352	11	11	1	0.582
1	128	0.010	2	121	11	11	1	0.475
1	129	0.010	2	258	11	11	1	0.485
1	130	0.011	2	505	11	11	1	0.428
1	131	0.011	2	202	11	11	1	0.451
1	132	0.011	1	53	13	13	1	0.860
1	133	0.011	2	370	11	11	1	0.755
1	134	0.011	1	162	13	13	1	0.699
1	135	0.012	2	294	11	11	1	0.578
1	136	0.012	2	497	11	11	1	0.587
1	137	0.012	2	248	11	11	1	0.483
1	138	0.012	2	445	11	11	1	0.444
1	139	0.012	2	328	11	11	1	0.594
1	140	0.013	2	262	11	11	1	0.491
1	141	0.013	2	126	11	11	1	0.531
1	142	0.013	2	274	11	11	1	0.697
1	143	0.013	2	215	11	11	1	0.481
1	144	0.013	2	363	11	11	1	0.457
1	145	0.014	2	504	11	11	1	0.432
1	146	0.014	2	317	11	11	1	0.521
1	147	0.014	2	332	11	11	1	0.449
1	148	0.014	2	260	11	11	1	0.392
1	149	0.014	2	427	11	11	1	0.447
1	150	0.001	2	406	11	11	1	0.439
1	151	0.001	1	329	13	13	1	0.477
1	152	0.001	2	415	11	11	1	0.548
1	153	0.002	1	313	13	13	1	0.636
1	154	0.002	1	347	13	13	1	0.742
1	155	0.002	2	58	11	11	1	0.557
1	156	0.002	2	549	11	11	1	0.548
1	157	0.002	2	432	11	11	1	0.524
1	158	0.003	2	57	11	11	1	0.596
1	159	0.003	2	453	11	11	1	0.620
1	160	0.003	2	45	11	11	1	0.500
1	161	0.003	2	76	11	11	1	0.620
1	162	0.003	1	372	13	13	1	0.580
1	163	0.004	2	409	11	11	1	0.892
1	164	0.004	2	108	11	11	1	0.724
1	165	0.004	2	264	11	11	1	0.634
1	166	0.004	2	303	11	11	1	0.674
1	167	0.004	2	3	11	11	1	0.585
1	168	0.005	2	304	11	11	1	0.482
1	169	0.005	2	15	11	11	1	0.601
1	170	0.005	1	544	13	13	1	0.563
1	171	0.005	2	127	11	11	1	0.554
1	172	0.005	2	546	11	11	1	0.481
1	173	0.006	2	101	11	11	1	0.472
1	174	0.006	2	181	11	11	1	0.386
1	175	0.006	2	484	11	11	1	0.360
1	176	0.006	2	412	11	11	1	0.433
1	177	0.006	2	485	11	11	1	0.455
1	178	0.007	2	128	11	11	1	0.464
1	179	0.007	2	292	11	11	1	0.473
1	180	0.007	2	40	11	11	1	0.463
1	181	0.007	2	140	11	11	1	0.438
1	182	0.007	2	80	11	11	1	0.447
1	183	0.008	2	111	11	11	1	0.600
1	184	0.008	2	502	11	11	1	0.495
1	185	0.008	2	375	11	11	1	0.518
1	186	0.008	2	39	11	11	1	0.461
1	187	0.008	2	28	11	11	1	0.344
1	188	0.008	1	378	13	11	0	0.464
1	189	0.009	2	295	11	11	1	0.437
1	190	0.009	2	308	11	11	1	0.524
1	191	0.009	2	467	11	11	1	0.581
1	192	0.009	2	10	11	11	1	0.606
1	193	0.009	2	11	11	11	1	0.565
1	194	0.010	2	152	11	11	1	0.606
1	195	0.010	2	48	11	11	1	0.517
1	196	0.010	2	7	11	11	1	0.524
1	197	0.010	2	498	11	11	1	0.564
1	198	0.010	2	289	11	11	1	0.491
1	199	0.011	1	285	13	13	1	0.563
1	200	0.011	2	314	11	11	1	0.443
1	201	0.011	2	44	11	11	1	0.579
1	202	0.011	2	398	11	11	1	0.619
1	203	0.011	2	449	11	11	1	0.693
1	204	0.012	2	383	11	11	1	0.748
1	205	0.012	2	386	11	11	1	0.578
1	206	0.012	2	131	11	11	1	0.555
1	207	0.012	2	499	11	11	1	0.498
1	208	0.012	1	332	13	13	1	0.570
1	209	0.013	2	481	11	11	1	0.625
1	210	0.013	2	86	11	11	1	0.554
1	211	0.013	2	287	11	11	1	0.561
1	212	0.013	2	444	11	11	1	0.537
1	213	0.013	2	272	11	11	1	0.721
1	214	0.014	1	281	13	13	1	0.616
1	215	0.014	2	156	11	11	1	0.769
1	216	0.014	2	440	11	11	1	0.618
1	217	0.014	2	536	11	11	1	0.529
1	218	0.001	2	312	11	11	1	0.439
1	219	0.001	2	365	11	11	1	0.462
1	220	0.001	2	532	11	11	1	0.439
1	221	0.001	2	174	11	11	1	0.415
1	222	0.002	2	233	11	11	1	0.502
1	223	0.002	2	162	11	11	1	0.366
1	224	0.002	2	381	11	11	1	0.405
1	225	0.002	2	458	11	11	1	0.364
1	226	0.003	2	129	11	11	1	0.437
1	227	0.003	2	216	11	11	1	0.364
1	228	0.003	2	393	11	11	1	0.404
1	229	0.003	2	31	11	11	1	0.379
1	230	0.003	2	177	11	11	1	0.356
1	231	0.003	2	77	11	11	1	0.378
1	232	0.004	2	67	11	11	1	0.354
1	233	0.004	2	474	11	11	1	0.315
1	234	0.004	2	199	11	11	1	0.290
1	235	0.004	2	325	11	11	1	0.300
1	236	0.004	2	64	11	11	1	0.291
1	237	0.005	2	173	11	11	1	0.362
1	238	0.005	2	82	11	11	1	0.433
1	239	0.005	2	517	11	11	1	0.442
1	240	0.005	2	514	11	11	1	0.305
1	241	0.005	2	94	11	11	1	0.378
1	242	0.006	2	446	11	11	1	0.465
1	243	0.006	2	526	11	11	1	0.409
1	244	0.006	2	230	11	11	1	0.337
1	245	0.006	2	61	11	11	1	0.442
1	246	0.006	2	524	11	11	1	0.416
1	247	0.007	2	451	11	11	1	0.359
1	248	0.007	2	41	11	11	1	0.352
1	249	0.007	1	8	13	11	0	0.392
1	250	0.007	2	229	11	11	1	0.432
1	251	0.007	2	120	11	11	1	0.502
1	252	0.008	2	288	11	11	1	0.624
1	253	0.008	2	400	11	11	1	0.473
1	254	0.008	2	374	11	11	1	0.592
1	255	0.008	2	159	11	11	1	0.551
1	256	0.008	2	83	11	11	1	0.542
1	257	0.008	2	97	11	11	1	0.598
1	258	0.009	2	541	11	11	1	0.606
1	259	0.009	2	477	11	11	1	0.646
1	260	0.009	2	323	11	11	1	0.638
1	261	0.009	2	402	11	11	1	0.567
1	262	0.009	2	472	11	11	1	0.669
1	263	0.010	2	211	11	11	1	0.741
1	264	0.010	2	473	11	11	1	0.684
1	265	0.010	2	529	11	11	1	0.709
1	266	0.010	2	311	11	11	1	0.717
1	267	0.010	2	218	11	11	1	0.757
1	268	0.011	2	278	11	11	1	0.620
1	269	0.011	2	143	11	11	1	0.835
1	270	0.011	2	185	11	11	1	0.762
1	271	0.011	2	313	11	11	1	0.851
1	272	0.011	2	333	11	11	1	0.828
1	273	0.012	2	471	11	11	1	0.707
1	274	0.012	2	115	11	11	1	0.699
1	275	0.012	2	430	11	11	1	0.532
1	276	0.012	2	447	11	11	1	0.523
1	277	0.012	1	486	13	13	1	0.594
1	278	0.013	2	231	11	11	1	0.490
1	279	0.013	2	361	11	11	1	0.545
1	280	0.013	2	463	11	11	1	0.473
1	281	0.013	1	272	13	13	1	0.528
1	282	0.013	2	488	11	11	1	0.427
1	283	0.014	2	267	11	11	1	0.512
1	284	0.014	2	509	11	11	1	0.522
1	285	0.014	2	423	11	11	1	0.495
1	286	0.014	2	293	11	11	1	0.424
1	287	0.001	2	483	11	11	1	0.445
1	288	0.001	2	442	11	11	1	0.501
1	289	0.001	2	189	11	11	1	0.428
1	290	0.002	2	17	11	11	1	0.534
1	291	0.002	2	138	11	11	1	0.574
1	292	0.002	2	166	11	11	1	0.564
1	293	0.002	2	124	11	11	1	0.492
1	294	0.002	2	29	11	11	1	0.437
1	295	0.002	2	466	11	11	1	0.491
1	296	0.003	2	9	11	11	1	0.517
1	297	0.003	2	92	11	11	1	0.490
1	298	0.003	2	12	11	11	1	0.451
1	299	0.003	2	46	11	11	1	0.395
1	300	0.003	2	362	11	11	1	0.371
1	301	0.004	2	136	11	11	1	0.378
1	302	0.004	2	413	11	11	1	0.291
1	303	0.004	2	537	11	11	1	0.329
1	304	0.004	2	253	11	11	1	0.401
1	305	0.004	2	227	11	11	1	0.393
1	306	0.005	2	369	11	11	1	0.401
1	307	0.005	2	426	11	11	1	0.363
1	308	0.005	2	357	11	11	1	0.400
1	309	0.005	2	419	11	11	1	0.809
1	310	0.005	2	75	11	11	1	0.690
1	311	0.006	2	78	11	11	1	0.602
1	312	0.006	2	494	11	11	1	0.656
1	313	0.006	1	37	13	13	1	0.538
1	314	0.006	2	408	11	11	1	0.576
1	315	0.006	2	164	11	11	1	0.649
1	316	0.007	2	105	11	11	1	0.511
1	317	0.007	2	259	11	11	1	0.537
1	318	0.007	2	479	11	11	1	0.449
1	319	0.007	2	543	11	11	1	0.502
1	320	0.007	2	142	11	11	1	0.543
1	321	0.008	2	337	11	11	1	0.454
1	322	0.008	2	147	11	11	1	0.464
1	323	0.008	2	107	11	11	1	0.375
1	324	0.008	2	280	11	11	1	0.351
1	325	0.008	2	263	11	11	1	0.422
1	326	0.008	2	459	11	11	1	0.461
1	327	0.009	2	496	11	11	1	0.454
1	328	0.009	2	284	11	11	1	0.397
1	329	0.009	2	318	11	11	1	0.340
1	330	0.009	2	213	11	11	1	0.366
1	331	0.009	2	281	11	11	1	0.356
1	332	0.010	2	160	11	11	1	0.333
1	333	0.010	2	249	11	11	1	0.356
1	334	0.010	1	371	13	13	1	0.574
1	335	0.010	2	315	11	11	1	0.484
1	336	0.010	1	376	13	13	1	0.653
1	337	0.011	2	19	11	11	1	0.531
1	338	0.011	2	235	11	11	1	0.764
1	339	0.011	2	16	11	11	1	0.660
1	340	0.011	2	193	11	11	1	0.716
1	341	0.011	2	63	11	11	1	0.578
1	342	0.012	2	513	11	11	1	0.602
1	343	0.012	2	405	11	11	1	0.564
1	344	0.012	2	255	11	11	1	0.602
1	345	0.012	2	279	11	11	1	0.514
1	346	0.012	2	548	11	11	1	0.457
1	347	0.013	2	88	11	11	1	0.434
1	348	0.013	2	5	11	11	1	0.346
1	349	0.013	2	71	11	11	1	0.433
1	350	0.013	2	201	11	11	1	0.394
1	351	0.013	2	527	11	11	1	0.450
1	352	0.014	2	50	11	11	1	0.473
1	353	0.014	2	452	11	11	1	0.482
1	354	0.014	1	137	13	13	1	0.601
1	355	0.014	2	170	11	11	1	0.497
1	356	0.001	2	530	11	11	1	0.487
1	357	0.001	2	200	11	11	1	0.478
1	358	0.001	2	470	11	11	1	0.471
1	359	0.001	2	547	11	11	1	0.558
1	360	0.002	2	346	11	11	1	0.358
1	361	0.002	2	330	11	11	1	0.444
1	362	0.002	2	104	11	11	1	0.387
1	363	0.002	2	435	11	11	1	0.366
1	364	0.002	1	383	13	11	0	0.373
1	365	0.003	2	456	11	11	1	0.412
1	366	0.003	2	99	11	11	1	0.452
1	367	0.003	2	480	11	11	1	0.556
1	368	0.003	2	418	11	11	1	0.643
1	369	0.003	2	355	11	11	1	0.554
1	370	0.004	2	228	11	11	1	0.627
1	371	0.004	2	2	11	11	1	0.588
1	372	0.004	2	525	11	11	1	0.626
1	373	0.004	2	538	11	11	1	0.666
1	374	0.004	2	161	11	11	1	0.564
1	375	0.005	2	372	11	11	1	0.603
1	376	0.005	1	193	13	13	1	0.626
1	377	0.005	1	275	13	13	1	0.650
1	378	0.005	2	148	11	11	1	0.865
1	379	0.005	2	55	11	11	1	0.729
1	380	0.006	2	345	11	11	1	0.786
1	381	0.006	2	457	11	11	1	0.746
1	382	0.006	2	392	11	11	1	0.687
1	383	0.006	2	254	11	11	1	0.632
1	384	0.006	2	431	11	11	1	0.577
1	385	0.007	2	347	11	11	1	0.569
1	386	0.007	2	321	11	11	1	0.448
1	387	0.007	1	385	13	13	1	0.553
1	388	0.007	2	114	11	11	1	0.415
1	389	0.007	2	487	11	11	1	0.425
1	390	0.008	2	4	11	11	1	0.431
1	391	0.008	2	110	11	11	1	0.358
1	392	0.008	2	486	11	11	1	0.431
1	393	0.008	2	243	11	11	1	0.390
1	394	0.008	1	417	13	11	0	0.303
1	395	0.009	2	141	11	11	1	0.472
1	396	0.009	1	494	13	13	1	0.655
1	397	0.009	2	208	11	11	1	0.598
1	398	0.009	2	448	11	11	1	0.670
1	399	0.009	2	268	11	11	1	0.790
1	400	0.009	2	145	11	11	1	0.732
1	401	0.010	1	321	13	13	1	0.645
1	402	0.010	2	26	11	11	1	0.541
1	403	0.010	2	407	11	11	1	0.661
1	404	0.010	2	169	11	11	1	0.636
1	405	0.010	2	495	11	11	1	0.709
1	406	0.011	2	275	11	11	1	0.748
1	407	0.011	2	296	11	11	1	0.595
1	408	0.011	2	307	11	11	1	0.586
1	409	0.011	2	172	11	11	1	0.548
1	410	0.011	2	207	11	11	1	0.493
1	411	0.012	2	84	11	11	1	0.516
1	412	0.012	2	326	11	11	1	0.459
1	413	0.012	2	194	11	11	1	0.387
1	414	0.012	2	545	11	11	1	0.409
1	415	0.012	2	460	11	11	1	0.417
1	416	0.013	2	519	11	11	1	0.425
1	417	0.013	2	377	11	11	1	0.481
1	418	0.013	2	6	11	11	1	0.587
1	419	0.013	2	240	11	11	1	0.546
1	420	0.013	2	364	11	11	1	0.683
1	421	0.014	2	191	11	11	1	0.753
1	422	0.014	2	187	11	11	1	0.776
1	423	0.014	2	462	11	11	1	0.786
1	424	0.014	2	60	11	11	1	0.776
1	425	0.001	2	222	11	11	1	0.783
1	426	0.001	2	342	11	11	1	0.709
1	427	0.001	1	155	13	13	1	0.653
1	428	0.002	2	534	11	11	1	0.566
1	429	0.002	2	518	11	11	1	0.492
1	430	0.002	2	42	11	11	1	0.437
1	431	0.002	2	510	11	11	1	0.398
1	432	0.002	2	122	11	11	1	0.307
1	433	0.003	2	350	11	11	1	0.317
1	434	0.003	2	277	11	11	1	0.261
1	435	0.003	2	144	11	11	1	0.428
1	436	0.003	2	450	11	11	1	0.452
1	437	0.003	2	23	11	11	1	0.362
1	438	0.003	2	54	11	11	1	0.418
1	439	0.004	2	252	11	11	1	0.394
1	440	0.004	2	401	11	11	1	0.372
1	441	0.004	2	399	11	11	1	0.426
1	442	0.004	2	66	11	11	1	0.417
1	443	0.004	2	500	11	11	1	0.426
1	444	0.005	2	512	11	11	1	0.465
1	445	0.005	2	217	11	11	1	0.378
1	446	0.005	2	354	11	11	1	0.354
1	447	0.005	2	257	11	11	1	0.298
1	448	0.005	2	385	11	11	1	0.321
1	449	0.006	2	491	11	11	1	0.361
1	450	0.006	2	198	11	11	1	0.368
1	451	0.006	2	53	11	11	1	0.425
1	452	0.006	2	36	11	11	1	0.386
1	453	0.006	2	178	11	11	1	0.471
1	454	0.007	2	387	11	11	1	0.463
1	455	0.007	2	511	11	11	1	0.472
1	456	0.007	2	380	11	11	1	0.446
1	457	0.007	2	465	11	11	1	0.633
1	458	0.007	2	433	11	11	1	0.526
1	459	0.007	2	132	11	11	1	0.471
1	460	0.008	2	206	11	11	1	0.559
1	461	0.008	2	439	11	11	1	0.455
1	462	0.008	2	298	11	11	1	0.400
1	463	0.008	2	245	11	11	1	0.405
1	464	0.009	2	319	11	11	1	0.494
1	465	0.009	2	27	11	11	1	0.471
1	466	0.009	2	454	11	11	1	0.461
1	467	0.009	2	62	11	11	1	0.567
1	468	0.009	2	306	11	11	1	0.431
1	469	0.009	2	158	11	11	1	0.454
1	470	0.010	2	87	11	11	1	0.350
1	471	0.010	2	455	11	11	1	0.307
1	472	0.010	2	241	11	11	1	0.396
1	473	0.010	2	421	11	11	1	0.435
1	474	0.010	2	21	11	11	1	0.476
1	475	0.011	2	291	11	11	1	0.499
1	476	0.011	1	365	13	13	1	0.667
1	477	0.011	2	290	11	11	1	0.628
1	478	0.011	2	340	11	11	1	0.570
1	479	0.011	2	182	11	11	1	0.549
1	480	0.012	2	197	11	11	1	0.476
1	481	0.012	2	167	11	11	1	0.403
1	482	0.012	2	437	11	11	1	0.411
1	483	0.012	2	179	11	11	1	0.417
1	484	0.012	2	539	11	11	1	0.394
1	485	0.013	2	171	11	11	1	0.385
1	486	0.013	2	112	11	11	1	0.345
1	487	0.013	2	344	11	11	1	0.451
1	488	0.013	2	219	11	11	1	0.409
1	489	0.013	2	310	11	11	1	0.323
1	490	0.014	2	301	11	11	1	0.393
1	491	0.014	1	263	13	11	0	0.401
1	492	0.014	2	388	11	11	1	0.440
1	493	0.014	2	396	11	11	1	0.848
1	494	0.001	2	353	11	11	1	0.885
1	495	0.001	2	38	11	11	1	0.878
1	496	0.001	2	522	11	11	1	0.743
1	497	0.002	2	175	11	11	1	0.685
1	498	0.002	1	114	13	13	1	0.644
1	499	0.002	2	320	11	11	1	0.572
1	500	0.002	2	397	11	11	1	0.517

*********************************************
* Sustained Attention and Recognition Memory Experiment - Memory Test v.1.0
* Date/Time: 30-Dec-2014 17:12:54
* Seed: 211361.4621
* Subject Number: 56
* Subject Name: AJ
* Run Number: 1
* debug: 0
*********************************************

1	1	2	1	54	30	0	2.065
1	2	1	2	285	33	1	1.571
1	3	1	4	6	30	1	2.139
1	4	1	2	203	33	1	1.508
1	5	2	1	113	31	0	2.494
1	6	1	4	52	30	1	1.609
1	7	2	1	519	31	0	2.762
1	8	1	2	371	33	1	0.848
1	9	1	4	293	30	1	2.566
1	10	2	3	95	31	1	2.657
1	11	1	4	514	30	1	1.811
1	12	1	2	321	30	0	1.615
1	13	2	1	53	31	0	3.560
1	14	1	2	263	33	1	1.579
1	15	2	3	410	31	1	4.392
1	16	2	1	3	31	0	5.318
1	17	1	4	96	30	1	4.392
1	18	1	2	115	32	1	3.964
1	19	2	1	514	32	1	3.097
1	20	1	4	211	31	1	3.661
1	21	1	4	238	30	1	3.048
1	22	2	1	183	33	1	1.901
1	23	2	3	13	33	0	3.296
1	24	1	4	537	31	1	3.304
1	25	2	1	432	32	1	5.185
1	26	1	4	406	30	1	2.029
1	27	2	1	265	31	0	4.019
1	28	1	2	294	33	1	1.682
1	29	2	1	522	33	1	1.393
1	30	2	1	278	32	1	2.941
1	31	1	4	235	31	1	4.181
1	32	2	1	227	33	1	1.580
1	33	2	1	457	32	1	2.659
1	34	2	1	39	32	1	2.774
1	35	1	2	347	33	1	2.686
1	36	2	1	343	31	0	4.712
1	37	1	2	159	32	1	5.400
1	38	2	3	117	31	1	2.497
1	39	2	3	285	31	1	3.940
1	40	2	3	72	30	1	1.581
1	41	2	3	247	31	1	2.666
1	42	2	3	205	32	0	3.599
1	43	2	1	196	32	1	5.235
1	44	1	4	450	30	1	4.298
1	45	1	4	167	30	1	1.670
1	46	2	1	323	31	0	4.434
1	47	2	1	259	33	1	1.561
1	48	2	3	33	31	1	2.655
1	49	1	4	412	30	1	1.621
1	50	1	4	460	32	0	7.754
1	51	2	3	378	31	1	2.971
1	52	2	3	18	30	1	9.035
1	53	2	3	163	31	1	4.040
1	54	1	4	195	31	1	4.758
1	55	2	1	501	33	1	1.740
1	56	1	4	116	30	1	2.757
1	57	2	1	19	31	0	3.037
1	58	1	4	88	31	1	3.838
1	59	2	3	286	32	0	9.584
1	60	2	1	407	30	0	1.740
1	61	2	1	537	33	1	1.824
1	62	2	3	297	32	0	4.156
1	63	2	3	490	30	1	4.540
1	64	2	3	134	31	1	6.106
1	65	2	1	212	32	1	2.124
1	66	2	3	434	32	0	2.981
1	67	1	4	519	30	1	3.553
1	68	1	4	262	30	1	2.238
1	69	1	2	272	33	1	1.380
1	70	1	2	86	33	1	1.237
1	71	1	2	378	32	1	4.556
1	72	1	4	133	32	0	3.732
1	73	2	3	139	31	1	4.026
1	74	1	2	64	31	0	3.397
1	75	1	4	252	31	1	2.068
1	76	1	2	162	32	1	7.651
1	77	1	2	275	31	0	1.921
1	78	1	2	453	31	0	4.314
1	79	1	2	281	33	1	1.902
1	80	1	4	247	30	1	1.698
1	81	2	1	200	31	0	3.204
1	82	1	2	375	33	1	1.955
1	83	1	4	462	31	1	4.024
1	84	2	3	81	30	1	3.293
1	85	2	3	47	30	1	1.626
1	86	1	2	365	33	1	1.685
1	87	2	1	11	30	0	1.894
1	88	2	3	168	30	1	3.824
1	89	2	1	242	32	1	3.555
1	90	1	4	256	31	1	3.824
1	91	2	1	374	32	1	2.522
1	92	1	4	43	30	1	2.812
1	93	2	3	300	32	0	2.653
1	94	2	3	492	31	1	3.872
1	95	2	3	118	31	1	6.442
1	96	2	3	335	31	1	5.425
1	97	1	4	187	31	1	2.011
1	98	1	2	322	31	0	3.386
1	99	2	3	351	30	1	2.349
1	100	2	3	239	32	0	3.220
1	101	1	4	75	30	1	1.749
1	102	2	3	70	31	1	4.516
1	103	1	4	261	30	1	5.517
1	104	2	3	438	31	1	5.379
1	105	2	3	190	32	0	4.468
1	106	2	1	50	32	1	2.752
1	107	2	1	172	31	0	7.233
1	108	1	2	332	32	1	2.984
1	109	2	3	237	32	0	2.896
1	110	2	1	153	31	0	7.391
1	111	1	4	85	31	1	2.903
1	112	2	3	515	30	1	1.334
1	113	2	1	280	31	0	2.400
1	114	1	2	280	31	0	5.206
1	115	1	2	8	32	1	4.227
1	116	1	2	53	32	1	8.394
1	117	2	3	157	32	0	4.806
1	118	1	2	329	33	1	2.543
1	119	2	3	367	31	1	1.639
1	120	1	4	194	31	1	3.430
1	121	1	4	374	30	1	1.680
1	122	2	1	40	30	0	1.656
1	123	1	2	2	33	1	1.406
1	124	1	2	494	31	0	4.721
1	125	2	3	441	31	1	2.226
1	126	2	1	217	31	0	3.059
1	127	2	1	67	30	0	2.304
1	128	2	3	74	30	1	8.919
1	129	2	1	339	33	1	1.749
1	130	1	4	95	30	1	4.111
1	131	2	1	500	31	0	6.291
1	132	1	2	155	33	1	2.404
1	133	1	2	404	32	1	2.412
1	134	1	2	376	33	1	1.303
1	135	2	1	349	31	0	8.821
1	136	1	4	451	33	0	3.295
1	137	1	4	171	31	1	8.485
1	138	2	3	203	33	0	1.550
1	139	2	1	140	32	1	3.823
1	140	2	3	550	30	1	1.784
1	141	2	1	269	30	0	2.220
1	142	1	2	169	33	1	1.538
1	143	1	4	126	30	1	3.121
1	144	2	1	216	30	0	3.321
1	145	2	1	332	31	0	1.864
1	146	1	2	138	31	0	2.455
1	147	2	1	268	33	1	2.438
1	148	1	2	313	32	1	2.469
1	149	1	2	357	32	1	2.686
1	150	1	2	401	33	1	1.553
1	151	1	4	268	31	1	6.963
1	152	1	2	157	30	0	2.240
1	153	1	4	144	30	1	5.784
1	154	2	3	305	31	1	5.317
1	155	1	4	387	31	1	1.939
1	156	2	1	364	32	1	3.892
1	157	1	2	200	31	0	3.115
1	158	2	1	529	32	1	2.562
1	159	1	2	484	33	1	1.375
1	160	1	2	490	30	0	1.661
1	161	2	1	105	31	0	5.860
1	162	1	2	486	31	0	2.318
1	163	2	1	312	30	0	2.294
1	164	1	4	168	30	1	4.591
1	165	2	3	155	32	0	6.500
1	166	1	2	385	33	1	2.112
1	167	1	4	267	30	1	3.407
1	168	2	3	125	31	1	4.851
1	169	2	3	150	30	1	2.248
1	170	1	4	276	30	1	2.738
1	171	1	4	361	30	1	1.664
1	172	2	3	69	30	1	2.152
1	173	2	1	241	31	0	2.148
1	174	1	4	323	30	1	1.676
1	175	1	4	548	30	1	2.229
1	176	1	4	148	30	1	2.834
1	177	1	2	137	33	1	1.448
1	178	2	3	30	31	1	10.796
1	179	1	2	114	33	1	1.629
1	180	1	2	37	33	1	1.705
1	181	2	3	331	32	0	1.958
1	182	1	2	70	32	1	2.877
1	183	1	4	128	30	1	1.619
1	184	1	2	544	33	1	1.759
1	185	1	2	417	31	0	2.269
1	186	2	1	533	33	1	2.207
1	187	1	4	334	30	1	1.557
1	188	2	3	531	32	0	2.583
1	189	2	3	52	31	1	5.972
1	190	1	2	193	33	1	1.349
1	191	2	3	232	32	0	1.858
1	192	1	4	415	30	1	1.485
1	193	2	1	325	31	0	1.553
1	194	2	3	79	30	1	1.523
1	195	1	4	326	30	1	1.966
1	196	1	4	492	31	1	2.191
1	197	2	1	536	31	0	1.953
1	198	1	2	383	31	0	1.797
1	199	1	2	372	31	0	3.043
1	200	2	3	425	31	1	1.521
