
*********************************************
* Sustained Attention and Recognition Memory Experiment - Sustained Attention Task v.1.0
* Date/Time: 03-Nov-2015 10:54:05
* Seed: 214032.0002
* Subject Number: 16
* Subject Name: AT
* Run Number: 1
* debug: 0
*********************************************

run	trl	tdf	sct	simg	crsp	rsp	acc	rt
1	1	0.013	2	22	11	11	1	0.589
1	2	0.013	2	69	11	11	1	0.628
1	3	0.013	2	193	11	11	1	0.588
1	4	0.013	2	489	11	11	1	0.564
1	5	0.013	2	291	11	11	1	0.540
1	6	0.014	2	210	11	11	1	0.516
1	7	0.014	2	154	11	11	1	0.515
1	8	0.001	2	408	11	11	1	0.552
1	9	0.001	2	195	11	11	1	0.536
1	10	0.001	2	348	11	11	1	0.512
1	11	0.001	2	100	11	11	1	0.488
1	12	0.002	2	71	11	11	1	0.488
1	13	0.002	1	105	13	13	1	0.519
1	14	0.002	2	115	11	11	1	0.487
1	15	0.002	1	464	13	11	0	0.519
1	16	0.002	2	527	11	11	1	0.710
1	17	0.002	2	510	11	11	1	0.751
1	18	0.003	2	70	11	11	1	0.790
1	19	0.003	2	156	11	11	1	0.726
1	20	0.003	2	245	11	11	1	0.766
1	21	0.003	2	529	11	11	1	0.702
1	22	0.003	2	79	11	11	1	0.654
1	23	0.004	2	490	11	11	1	0.589
1	24	0.004	2	362	11	11	1	0.485
1	25	0.004	2	457	11	11	1	0.518
1	26	0.004	2	86	11	11	1	0.509
1	27	0.004	1	98	13	13	1	0.605
1	28	0.005	2	342	11	11	1	0.573
1	29	0.005	2	142	11	11	1	0.604
1	30	0.005	2	30	11	11	1	0.564
1	31	0.005	2	311	11	11	1	0.587
1	32	0.005	2	297	11	11	1	0.588
1	33	0.006	2	185	11	11	1	0.572
1	34	0.006	2	5	11	11	1	0.508
1	35	0.006	2	461	11	11	1	0.491
1	36	0.006	2	330	11	11	1	0.474
1	37	0.007	2	168	11	11	1	0.586
1	38	0.007	2	394	11	11	1	0.506
1	39	0.007	2	516	11	11	1	0.426
1	40	0.007	2	509	11	11	1	0.418
1	41	0.007	2	45	11	11	1	0.362
1	42	0.007	2	19	11	11	1	0.314
1	43	0.008	1	192	13	11	0	0.273
1	44	0.008	2	181	11	11	1	0.562
1	45	0.008	2	353	11	11	1	0.537
1	46	0.008	2	256	11	11	1	0.497
1	47	0.008	1	133	13	13	1	0.593
1	48	0.009	2	532	11	11	1	0.641
1	49	0.009	2	451	11	11	1	0.648
1	50	0.009	2	24	11	11	1	0.608
1	51	0.009	1	195	13	13	1	0.624
1	52	0.009	2	120	11	11	1	0.592
1	53	0.010	2	491	11	11	1	0.600
1	54	0.010	2	37	11	11	1	0.663
1	55	0.010	2	540	11	11	1	0.695
1	56	0.010	1	199	13	13	1	0.735
1	57	0.010	2	16	11	11	1	0.790
1	58	0.011	2	143	11	11	1	0.766
1	59	0.011	2	381	11	11	1	0.767
1	60	0.011	1	528	13	13	1	0.630
1	61	0.011	2	259	11	11	1	0.598
1	62	0.011	2	411	11	11	1	0.542
1	63	0.011	2	445	11	11	1	0.494
1	64	0.012	2	203	11	11	1	0.494
1	65	0.012	2	448	11	11	1	0.574
1	66	0.012	2	325	11	11	1	0.525
1	67	0.012	2	455	11	11	1	0.461
1	68	0.012	2	189	11	11	1	0.789
1	69	0.013	2	307	11	11	1	0.724
1	70	0.013	2	175	11	11	1	0.652
1	71	0.013	1	35	13	13	1	0.676
1	72	0.013	2	549	11	11	1	0.596
1	73	0.013	2	289	11	11	1	0.572
1	74	0.014	2	488	11	11	1	0.411
1	75	0.014	2	428	11	11	1	0.371
1	76	0.014	1	311	13	11	0	0.340
1	77	0.001	2	26	11	11	1	0.296
1	78	0.001	2	345	11	11	1	0.328
1	79	0.001	2	477	11	11	1	0.312
1	80	0.001	1	520	13	11	0	0.352
1	81	0.002	2	346	11	11	1	0.367
1	82	0.002	2	376	11	11	1	0.407
1	83	0.002	2	335	11	11	1	0.551
1	84	0.002	2	392	11	11	1	0.662
1	85	0.002	2	526	11	11	1	0.671
1	86	0.003	2	72	11	11	1	0.663
1	87	0.003	1	485	13	13	1	0.598
1	88	0.003	2	63	11	11	1	0.542
1	89	0.003	2	486	11	11	1	0.678
1	90	0.003	2	1	11	11	1	0.654
1	91	0.004	2	270	11	11	1	0.653
1	92	0.004	2	13	11	11	1	0.654
1	93	0.004	2	6	11	11	1	0.733
1	94	0.004	1	435	13	13	1	0.821
1	95	0.004	2	427	11	11	1	0.869
1	96	0.005	2	214	11	11	1	0.804
1	97	0.005	2	374	11	11	1	0.788
1	98	0.005	1	126	13	13	1	0.749
1	99	0.005	2	57	11	11	1	0.636
1	100	0.005	2	247	11	11	1	0.588
1	101	0.006	2	124	11	11	1	0.588
1	102	0.006	2	495	11	11	1	0.500
1	103	0.006	2	543	11	11	1	0.483
1	104	0.006	2	470	11	11	1	0.491
1	105	0.006	2	160	11	11	1	0.515
1	106	0.006	2	518	11	11	1	0.483
1	107	0.007	2	59	11	11	1	0.426
1	108	0.007	2	94	11	11	1	0.466
1	109	0.007	2	121	11	11	1	0.466
1	110	0.007	2	469	11	11	1	0.585
1	111	0.008	2	221	11	11	1	0.634
1	112	0.008	2	153	11	11	1	0.609
1	113	0.008	2	242	11	11	1	0.602
1	114	0.008	2	44	11	11	1	0.633
1	115	0.008	2	50	11	11	1	0.657
1	116	0.008	2	208	11	11	1	0.624
1	117	0.009	2	49	11	11	1	0.680
1	118	0.009	2	403	11	11	1	0.704
1	119	0.009	2	453	11	11	1	0.688
1	120	0.009	2	500	11	11	1	0.760
1	121	0.009	2	58	11	11	1	0.776
1	122	0.010	1	63	13	13	1	0.791
1	123	0.010	2	67	11	11	1	0.719
1	124	0.010	2	429	11	11	1	0.784
1	125	0.010	2	523	11	11	1	0.711
1	126	0.010	2	268	11	11	1	0.663
1	127	0.010	2	550	11	11	1	0.703
1	128	0.011	2	423	11	11	1	0.702
1	129	0.011	2	74	11	11	1	0.758
1	130	0.011	2	366	11	11	1	0.774
1	131	0.011	2	232	11	11	1	0.814
1	132	0.012	1	36	13	13	1	0.861
1	133	0.012	2	373	11	11	1	0.781
1	134	0.012	2	360	11	11	1	0.813
1	135	0.012	2	263	11	11	1	0.853
1	136	0.012	1	475	13	13	1	0.845
1	137	0.013	2	398	11	11	1	0.804
1	138	0.013	2	334	11	11	1	0.789
1	139	0.013	2	109	11	11	1	0.772
1	140	0.013	2	73	11	11	1	0.732
1	141	0.013	2	89	11	11	1	0.692
1	142	0.013	2	372	11	11	1	0.660
1	143	0.014	2	85	11	11	1	0.700
1	144	0.014	2	413	11	11	1	0.652
1	145	0.014	2	421	11	11	1	0.523
1	146	0.014	2	415	11	11	1	0.563
1	147	0.001	2	205	11	11	1	0.584
1	148	0.001	1	145	13	13	1	0.552
1	149	0.001	2	194	11	11	1	0.511
1	150	0.002	2	310	11	11	1	0.504
1	151	0.002	2	233	11	11	1	0.511
1	152	0.002	1	342	13	13	1	0.583
1	153	0.002	2	220	11	11	1	0.598
1	154	0.002	2	401	11	11	1	0.527
1	155	0.003	2	112	11	11	1	0.502
1	156	0.003	1	428	13	13	1	0.702
1	157	0.003	2	149	11	11	1	0.614
1	158	0.003	2	479	11	11	1	0.869
1	159	0.003	2	200	11	11	1	0.894
1	160	0.004	2	383	11	11	1	0.774
1	161	0.004	1	540	13	13	1	0.757
1	162	0.004	2	438	11	11	1	0.693
1	163	0.004	2	15	11	11	1	0.685
1	164	0.004	2	279	11	11	1	0.645
1	165	0.005	2	351	11	11	1	0.636
1	166	0.005	2	375	11	11	1	0.637
1	167	0.005	2	271	11	NaN	0	NaN
1	168	0.005	2	522	11	11	1	0.756
1	169	0.005	2	320	11	11	1	0.764
1	170	0.006	2	397	11	11	1	0.803
1	171	0.006	2	517	11	11	1	0.779
1	172	0.006	2	217	11	11	1	0.740
1	173	0.006	2	29	11	11	1	0.707
1	174	0.006	2	483	11	11	1	0.683
1	175	0.007	2	306	11	11	1	0.699
1	176	0.007	2	317	11	11	1	0.698
1	177	0.007	2	356	11	11	1	0.746
1	178	0.007	2	129	11	11	1	0.642
1	179	0.007	2	77	11	11	1	0.650
1	180	0.008	2	47	11	11	1	0.666
1	181	0.008	2	465	11	11	1	0.658
1	182	0.008	2	280	11	11	1	0.706
1	183	0.008	2	456	11	11	1	0.801
1	184	0.008	2	316	11	11	1	0.785
1	185	0.008	2	435	11	11	1	0.793
1	186	0.009	2	498	11	11	1	0.809
1	187	0.009	2	91	11	11	1	0.808
1	188	0.009	2	512	11	11	1	0.768
1	189	0.009	2	11	11	11	1	0.824
1	190	0.009	2	171	11	11	1	0.752
1	191	0.010	2	296	11	11	1	0.727
1	192	0.010	2	492	11	11	1	0.655
1	193	0.010	2	249	11	11	1	0.615
1	194	0.010	2	117	11	11	1	0.591
1	195	0.010	2	354	11	11	1	0.534
1	196	0.011	1	514	13	13	1	0.583
1	197	0.011	2	384	11	11	1	0.550
1	198	0.011	2	417	11	11	1	0.526
1	199	0.011	2	254	11	11	1	0.558
1	200	0.011	1	132	13	13	1	0.726
1	201	0.012	2	433	11	11	1	0.574
1	202	0.012	2	441	11	11	1	0.581
1	203	0.012	2	364	11	11	1	0.581
1	204	0.012	1	24	13	13	1	0.845
1	205	0.012	2	387	11	11	1	0.797
1	206	0.012	2	478	11	11	1	0.733
1	207	0.013	2	122	11	11	1	0.741
1	208	0.013	2	218	11	11	1	0.652
1	209	0.013	2	137	11	11	1	0.556
1	210	0.013	2	425	11	11	1	0.524
1	211	0.013	1	493	13	11	0	0.572
1	212	0.014	2	179	11	11	1	0.563
1	213	0.014	2	535	11	11	1	0.539
1	214	0.014	2	260	11	11	1	0.507
1	215	0.001	1	280	13	11	0	0.536
1	216	0.001	2	78	11	11	1	0.568
1	217	0.001	2	337	11	11	1	0.608
1	218	0.002	2	363	11	11	1	0.607
1	219	0.002	2	107	11	11	1	0.647
1	220	0.002	2	106	11	NaN	0	NaN
1	221	0.002	2	236	11	11	1	0.087
1	222	0.002	1	148	13	11	0	0.183
1	223	0.002	2	267	11	11	1	0.103
1	224	0.003	2	246	11	11	1	0.287
1	225	0.003	2	229	11	11	1	0.342
1	226	0.003	1	25	13	13	1	0.838
1	227	0.003	2	48	11	11	1	0.790
1	228	0.003	2	155	11	11	1	0.806
1	229	0.004	2	426	11	11	1	0.750
1	230	0.004	2	377	11	11	1	0.685
1	231	0.004	2	357	11	11	1	0.677
1	232	0.004	2	164	11	11	1	0.789
1	233	0.004	2	339	11	NaN	0	NaN
1	234	0.005	2	359	11	NaN	0	NaN
1	235	0.005	2	410	11	11	1	0.060
1	236	0.005	1	327	13	11	0	0.148
1	237	0.005	2	525	11	NaN	0	NaN
1	238	0.005	2	238	11	11	1	0.187
1	239	0.006	2	157	11	11	1	0.331
1	240	0.006	1	522	13	11	0	0.315
1	241	0.006	2	399	11	11	1	0.364
1	242	0.006	2	138	11	11	1	0.347
1	243	0.006	2	201	11	11	1	0.338
1	244	0.007	1	507	13	11	0	0.362
1	245	0.007	2	431	11	11	1	0.386
1	246	0.007	2	237	11	11	1	0.378
1	247	0.007	2	528	11	13	0	0.466
1	248	0.007	1	343	13	13	1	0.538
1	249	0.007	2	251	11	11	1	0.506
1	250	0.008	2	219	11	11	1	0.538
1	251	0.008	2	182	11	11	1	0.394
1	252	0.008	2	494	11	11	1	0.393
1	253	0.008	2	462	11	11	1	0.305
1	254	0.008	1	425	13	13	1	0.473
1	255	0.009	2	393	11	11	1	0.321
1	256	0.009	2	439	11	11	1	0.320
1	257	0.009	2	212	11	11	1	0.256
1	258	0.009	1	462	13	11	0	0.256
1	259	0.009	2	308	11	11	1	0.232
1	260	0.010	2	537	11	11	1	0.360
1	261	0.010	2	406	11	11	1	0.375
1	262	0.010	1	379	13	11	0	0.383
1	263	0.010	2	148	11	11	1	0.319
1	264	0.010	2	466	11	11	1	0.359
1	265	0.011	2	385	11	11	1	0.278
1	266	0.011	1	71	13	13	1	0.366
1	267	0.011	2	474	11	11	1	0.263
1	268	0.011	2	484	11	11	1	0.430
1	269	0.011	2	504	11	11	1	0.398
1	270	0.012	2	480	11	11	1	0.493
1	271	0.012	2	332	11	11	1	0.501
1	272	0.012	2	443	11	11	1	0.445
1	273	0.012	2	54	11	11	1	0.397
1	274	0.012	2	371	11	11	1	0.469
1	275	0.012	2	447	11	11	1	0.477
1	276	0.013	2	35	11	11	1	0.436
1	277	0.013	2	224	11	11	1	0.404
1	278	0.013	2	514	11	11	1	0.436
1	279	0.013	2	119	11	11	1	0.436
1	280	0.013	2	162	11	11	1	0.427
1	281	0.014	2	197	11	11	1	0.372
1	282	0.014	2	531	11	11	1	0.323
1	283	0.014	2	361	11	11	1	0.291
1	284	0.001	2	284	11	11	1	0.305
1	285	0.001	2	396	11	11	1	0.401
1	286	0.001	2	95	11	11	1	0.327
1	287	0.002	2	257	11	11	1	0.304
1	288	0.002	2	105	11	11	1	0.287
1	289	0.002	2	402	11	11	1	0.256
1	290	0.002	2	266	11	11	1	0.231
1	291	0.002	2	190	11	11	1	0.311
1	292	0.002	2	93	11	11	1	0.303
1	293	0.003	2	20	11	11	1	0.327
1	294	0.003	2	108	11	11	1	0.302
1	295	0.003	2	281	11	11	1	0.286
1	296	0.003	2	487	11	11	1	0.278
1	297	0.003	2	32	11	11	1	0.285
1	298	0.004	2	191	11	11	1	0.349
1	299	0.004	2	312	11	11	1	0.326
1	300	0.004	2	127	11	11	1	0.421
1	301	0.004	2	130	11	11	1	0.436
1	302	0.004	2	283	11	11	1	0.389
1	303	0.005	2	103	11	11	1	0.380
1	304	0.005	2	530	11	11	1	0.396
1	305	0.005	2	450	11	11	1	0.388
1	306	0.005	2	440	11	11	1	0.436
1	307	0.005	2	81	11	11	1	0.404
1	308	0.006	2	437	11	11	1	0.372
1	309	0.006	2	136	11	11	1	0.363
1	310	0.006	2	369	11	11	1	0.339
1	311	0.006	2	206	11	11	1	0.355
1	312	0.006	2	380	11	11	1	0.355
1	313	0.007	2	96	11	11	1	0.338
1	314	0.007	2	269	11	11	1	0.298
1	315	0.007	2	520	11	11	1	0.258
1	316	0.007	2	64	11	11	1	0.282
1	317	0.007	2	84	11	11	1	0.306
1	318	0.007	2	223	11	11	1	0.250
1	319	0.008	2	169	11	11	1	0.401
1	320	0.008	2	183	11	11	1	0.386
1	321	0.008	2	547	11	11	1	0.337
1	322	0.008	2	315	11	11	1	0.321
1	323	0.008	2	227	11	11	1	0.281
1	324	0.009	2	55	11	11	1	0.313
1	325	0.009	2	131	11	11	1	0.272
1	326	0.009	2	235	11	11	1	0.232
1	327	0.009	2	405	11	11	1	0.224
1	328	0.009	2	133	11	11	1	0.248
1	329	0.009	2	285	11	11	1	0.231
1	330	0.010	2	458	11	11	1	0.144
1	331	0.010	2	243	11	11	1	0.135
1	332	0.010	2	349	11	11	1	0.231
1	333	0.010	2	463	11	11	1	0.223
1	334	0.011	2	262	11	11	1	0.247
1	335	0.011	2	341	11	11	1	0.270
1	336	0.011	2	161	11	11	1	0.230
1	337	0.011	2	27	11	11	1	0.182
1	338	0.011	2	101	11	11	1	0.230
1	339	0.012	2	123	11	11	1	0.270
1	340	0.012	2	68	11	11	1	0.333
1	341	0.012	2	215	11	11	1	0.405
1	342	0.012	2	172	11	11	1	0.349
1	343	0.012	2	225	11	11	1	0.397
1	344	0.012	2	424	11	11	1	0.309
1	345	0.013	2	104	11	11	1	0.292
1	346	0.013	2	446	11	11	1	0.253
1	347	0.013	2	213	11	11	1	0.284
1	348	0.013	2	42	11	11	1	0.300
1	349	0.013	2	460	11	11	1	0.308
1	350	0.014	2	248	11	11	1	0.299
1	351	0.014	2	340	11	11	1	0.332
1	352	0.014	2	295	11	11	1	0.356
1	353	0.001	2	388	11	11	1	0.328
1	354	0.001	2	412	11	11	1	0.328
1	355	0.001	2	150	11	11	1	0.272
1	356	0.001	2	265	11	11	1	0.256
1	357	0.002	2	273	11	11	1	0.207
1	358	0.002	2	275	11	11	1	0.303
1	359	0.002	2	536	11	11	1	0.264
1	360	0.002	2	449	11	11	1	0.238
1	361	0.003	2	305	11	11	1	0.247
1	362	0.003	2	368	11	11	1	0.286
1	363	0.003	2	327	11	11	1	0.263
1	364	0.003	2	505	11	11	1	0.230
1	365	0.003	2	430	11	11	1	0.270
1	366	0.003	2	519	11	11	1	0.261
1	367	0.004	2	38	11	11	1	0.214
1	368	0.004	2	511	11	11	1	0.198
1	369	0.004	2	146	11	11	1	0.158
1	370	0.004	2	324	11	11	1	0.124
1	371	0.004	2	434	11	11	1	0.237
1	372	0.005	2	358	11	11	1	0.221
1	373	0.005	2	128	11	11	1	0.228
1	374	0.005	2	76	11	11	1	0.212
1	375	0.005	2	14	11	11	1	0.188
1	376	0.005	2	404	11	11	1	0.188
1	377	0.006	2	288	11	11	1	0.228
1	378	0.006	2	548	11	11	1	0.139
1	379	0.006	2	102	11	11	1	0.155
1	380	0.006	2	198	11	11	1	0.187
1	381	0.006	2	350	11	11	1	0.179
1	382	0.007	2	442	11	11	1	0.018
1	383	0.007	2	333	11	NaN	0	NaN
1	384	0.007	2	151	11	NaN	0	NaN
1	385	0.007	2	282	11	NaN	0	NaN
1	386	0.007	2	329	11	11	1	0.881
1	387	0.008	1	79	13	NaN	0	NaN
1	388	0.008	2	110	11	13	0	0.041
1	389	0.008	2	116	11	11	1	0.642
1	390	0.008	2	174	11	11	1	0.449
1	391	0.008	2	400	11	11	1	0.409
1	392	0.009	1	7	13	13	1	0.592
1	393	0.009	2	290	11	11	1	0.416
1	394	0.009	2	264	11	11	1	0.384
1	395	0.009	2	272	11	11	1	0.328
1	396	0.009	2	314	11	11	1	0.312
1	397	0.009	2	301	11	11	1	0.263
1	398	0.010	2	331	11	11	1	0.239
1	399	0.010	2	222	11	11	1	0.247
1	400	0.010	2	244	11	11	1	0.255
1	401	0.010	2	367	11	11	1	0.231
1	402	0.010	2	507	11	11	1	0.159
1	403	0.011	2	80	11	11	1	0.215
1	404	0.011	2	539	11	11	1	0.191
1	405	0.011	2	166	11	11	1	0.110
1	406	0.011	2	28	11	11	1	0.006
1	407	0.011	2	114	11	NaN	0	NaN
1	408	0.012	2	493	11	11	1	0.093
1	409	0.012	2	471	11	11	1	0.237
1	410	0.012	2	370	11	11	1	0.325
1	411	0.012	2	541	11	11	1	0.421
1	412	0.012	2	386	11	11	1	0.453
1	413	0.012	2	395	11	11	1	0.453
1	414	0.013	1	254	13	11	0	0.485
1	415	0.013	2	231	11	11	1	0.452
1	416	0.013	2	390	11	11	1	0.572
1	417	0.013	2	292	11	11	1	0.556
1	418	0.013	1	524	13	13	1	0.612
1	419	0.014	2	300	11	11	1	0.588
1	420	0.014	2	53	11	11	1	0.699
1	421	0.014	2	87	11	11	1	0.675
1	422	0.001	1	224	13	13	1	0.672
1	423	0.001	2	475	11	11	1	0.624
1	424	0.001	2	276	11	11	1	0.624
1	425	0.001	2	506	11	11	1	0.607
1	426	0.002	1	116	13	13	1	0.663
1	427	0.002	2	293	11	11	1	0.727
1	428	0.002	2	287	11	11	1	0.743
1	429	0.002	2	145	11	11	1	0.743
1	430	0.003	1	168	13	13	1	0.582
1	431	0.003	2	521	11	11	1	0.623
1	432	0.003	2	508	11	11	1	0.623
1	433	0.003	2	503	11	11	1	0.638
1	434	0.003	1	45	13	13	1	0.614
1	435	0.003	2	250	11	11	1	0.590
1	436	0.004	2	533	11	11	1	0.589
1	437	0.004	2	379	11	11	1	0.605
1	438	0.004	1	78	13	13	1	0.645
1	439	0.004	2	389	11	11	1	0.613
1	440	0.004	2	199	11	11	1	0.629
1	441	0.005	2	173	11	11	1	0.653
1	442	0.005	2	90	11	11	1	0.637
1	443	0.005	2	10	11	11	1	0.588
1	444	0.005	2	534	11	11	1	0.580
1	445	0.005	2	33	11	11	1	0.556
1	446	0.006	2	444	11	11	1	0.596
1	447	0.006	2	328	11	11	1	0.611
1	448	0.006	2	382	11	11	1	0.595
1	449	0.006	2	261	11	11	1	0.611
1	450	0.006	2	513	11	11	1	0.531
1	451	0.007	2	252	11	11	1	0.578
1	452	0.007	1	314	13	13	1	0.635
1	453	0.007	2	118	11	11	1	0.578
1	454	0.007	2	274	11	11	1	0.554
1	455	0.007	1	235	13	13	1	0.578
1	456	0.008	2	159	11	11	1	0.602
1	457	0.008	2	343	11	11	1	0.585
1	458	0.008	2	52	11	11	1	0.601
1	459	0.008	2	126	11	11	1	0.633
1	460	0.008	2	66	11	11	1	0.577
1	461	0.008	2	7	11	11	1	0.537
1	462	0.009	2	2	11	11	1	0.544
1	463	0.009	1	30	13	13	1	0.600
1	464	0.009	2	163	11	11	1	0.560
1	465	0.009	1	471	13	11	0	0.568
1	466	0.009	2	313	11	11	1	0.560
1	467	0.010	2	140	11	11	1	0.567
1	468	0.010	2	158	11	11	1	0.591
1	469	0.010	2	46	11	11	1	0.551
1	470	0.010	2	62	11	11	1	0.559
1	471	0.010	2	422	11	11	1	0.471
1	472	0.011	2	139	11	11	1	0.583
1	473	0.011	2	135	11	11	1	0.518
1	474	0.011	2	278	11	11	1	0.678
1	475	0.011	2	546	11	11	1	0.534
1	476	0.011	2	82	11	11	1	0.526
1	477	0.012	2	40	11	11	1	0.509
1	478	0.012	2	25	11	11	1	0.453
1	479	0.012	2	454	11	11	1	0.453
1	480	0.012	1	80	13	13	1	0.573
1	481	0.012	2	21	11	11	1	0.573
1	482	0.013	2	8	11	11	1	0.628
1	483	0.013	1	50	13	13	1	0.589
1	484	0.013	2	83	11	11	1	0.500
1	485	0.013	2	347	11	11	1	0.500
1	486	0.013	2	304	11	11	1	0.564
1	487	0.013	2	132	11	11	1	0.532
1	488	0.014	2	338	11	11	1	0.507
1	489	0.014	1	287	13	11	0	0.604
1	490	0.014	2	326	11	11	1	0.603
1	491	0.001	2	180	11	11	1	0.576
1	492	0.001	2	56	11	11	1	0.656
1	493	0.001	2	467	11	11	1	0.608
1	494	0.002	2	459	11	11	1	0.584
1	495	0.002	2	202	11	11	1	0.600
1	496	0.002	2	464	11	11	1	0.647
1	497	0.002	2	391	11	11	1	0.631
1	498	0.002	2	204	11	11	1	0.639
1	499	0.003	2	192	11	11	1	0.687
1	500	0.003	2	39	11	11	1	0.703

*********************************************
* Sustained Attention and Recognition Memory Experiment - Memory Test v.1.0
* Date/Time: 03-Nov-2015 11:06:34
* Seed: 204549.6531
* Subject Number: 16
* Subject Name: AT
* Run Number: 1
* debug: 0
*********************************************

1	1	2	1	547	33	1	2.019
1	2	2	1	135	30	0	3.029
1	3	2	3	420	30	1	1.564
1	4	2	1	490	30	0	0.974
1	5	2	3	436	31	1	1.803
1	6	2	3	216	30	1	1.573
1	7	1	2	524	33	1	1.575
1	8	1	4	267	31	1	1.175
1	9	2	3	253	31	1	2.196
1	10	1	4	257	30	1	1.243
1	11	2	1	120	32	1	1.848
1	12	1	2	105	33	1	1.099
1	13	1	2	35	33	1	0.948
1	14	1	4	138	30	1	1.305
1	15	1	4	158	30	1	1.406
1	16	2	1	193	31	0	2.923
1	17	2	3	298	30	1	1.728
1	18	1	2	540	33	1	1.810
1	19	2	3	34	31	1	1.262
1	20	2	3	502	32	0	2.382
1	21	1	2	528	33	1	1.317
1	22	2	1	62	31	0	1.175
1	23	1	2	507	33	1	2.015
1	24	1	4	394	32	0	3.391
1	25	2	3	323	30	1	1.435
1	26	2	3	303	30	1	1.901
1	27	2	1	441	31	0	1.060
1	28	2	3	97	31	1	2.420
1	29	2	3	60	31	1	1.588
1	30	1	2	7	33	1	1.353
1	31	2	3	92	31	1	2.733
1	32	1	2	78	33	1	2.327
1	33	2	1	361	31	0	1.187
1	34	1	2	311	30	0	2.779
1	35	1	2	80	33	1	1.151
1	36	1	2	254	33	1	1.463
1	37	2	1	340	32	1	1.370
1	38	1	2	287	31	0	1.332
1	39	1	4	294	30	1	1.182
1	40	2	3	542	31	1	1.075
1	41	2	3	234	30	1	1.396
1	42	1	2	199	31	0	1.533
1	43	2	3	515	31	1	1.175
1	44	2	3	336	31	1	1.798
1	45	2	3	228	31	1	1.014
1	46	1	4	548	30	1	2.475
1	47	2	1	221	33	1	1.591
1	48	1	2	36	31	0	1.591
1	49	1	2	485	31	0	1.723
1	50	2	3	378	31	1	1.117
1	51	2	1	388	33	1	1.429
1	52	2	3	286	31	1	1.853
1	53	1	2	425	33	1	1.036
1	54	1	2	50	33	1	1.041
1	55	2	3	322	31	1	1.246
1	56	2	1	213	31	0	1.147
1	57	2	3	482	31	1	1.034
1	58	2	3	36	32	0	2.231
1	59	2	1	291	31	0	1.217
1	60	1	2	79	32	1	2.275
1	61	1	2	522	30	0	1.304
1	62	1	2	25	31	0	1.135
1	63	2	1	68	33	1	1.503
1	64	1	4	334	30	1	1.460
1	65	1	2	145	31	0	1.262
1	66	2	3	321	31	1	1.565
1	67	1	4	181	31	1	1.136
1	68	1	2	514	33	1	1.701
1	69	1	2	280	31	0	1.116
1	70	1	2	475	33	1	1.180
1	71	2	1	516	33	1	1.918
1	72	1	2	192	32	1	2.131
1	73	1	2	435	30	0	1.178
1	74	1	2	45	33	1	0.983
1	75	2	1	399	31	0	1.361
1	76	1	2	235	33	1	1.518
1	77	2	3	99	31	1	1.640
1	78	2	1	471	31	0	1.011
1	79	1	4	174	30	1	1.197
1	80	2	3	545	31	1	0.895
1	81	2	1	248	32	1	0.820
1	82	2	1	153	31	0	0.916
1	83	2	1	236	31	0	0.819
1	84	2	3	18	32	0	0.858
1	85	1	4	51	30	1	1.002
1	86	1	4	413	30	1	0.927
1	87	1	4	534	31	1	1.031
1	88	2	1	218	32	1	0.756
1	89	1	4	385	31	1	0.966
1	90	1	2	471	32	1	1.389
1	91	2	3	419	30	1	1.674
1	92	2	3	524	31	1	4.680
1	93	2	1	82	30	0	1.631
1	94	2	1	219	31	0	2.181
1	95	2	3	211	31	1	2.149
1	96	1	2	428	32	1	1.980
1	97	2	3	496	30	1	1.561
1	98	1	4	203	30	1	1.102
1	99	1	2	379	33	1	1.242
1	100	1	4	119	31	1	0.949
1	101	1	4	5	31	1	0.879
1	102	2	3	319	31	1	0.945
1	103	2	1	160	31	0	0.886
1	104	1	4	373	30	1	0.972
1	105	1	4	193	31	1	1.077
1	106	2	1	105	30	0	1.155
1	107	1	2	195	31	0	1.095
1	108	1	2	63	31	0	1.116
1	109	2	3	98	31	1	1.884
1	110	1	4	142	30	1	1.784
1	111	1	4	110	30	1	1.035
1	112	1	4	296	30	1	0.807
1	113	1	2	314	30	0	0.903
1	114	2	3	255	30	1	0.919
1	115	2	1	326	30	0	0.974
1	116	1	2	520	31	0	1.409
1	117	1	2	343	31	0	1.445
1	118	1	2	30	31	0	0.904
1	119	2	3	61	31	1	0.756
1	120	2	1	168	31	0	0.765
1	121	2	3	240	31	1	0.772
1	122	2	1	204	31	0	0.727
1	123	1	2	464	32	1	3.782
1	124	2	1	479	32	1	2.353
1	125	1	4	84	31	1	0.991
1	126	2	1	324	31	0	1.454
1	127	2	1	132	32	1	2.099
1	128	1	4	272	31	1	0.942
1	129	2	1	126	31	0	0.992
1	130	1	4	472	31	1	1.498
1	131	1	4	49	30	1	0.975
1	132	1	2	24	30	0	0.886
1	133	2	1	346	32	1	1.534
1	134	1	2	224	33	1	1.307
1	135	1	4	411	31	1	1.031
1	136	1	4	433	31	1	0.735
1	137	2	3	184	31	1	0.857
1	138	1	4	389	30	1	1.049
1	139	2	1	179	31	0	0.892
1	140	1	4	521	31	1	0.712
1	141	2	1	101	33	1	1.485
1	142	2	3	309	32	0	1.863
1	143	1	4	426	31	1	1.185
1	144	1	4	321	31	1	2.974
1	145	1	4	161	31	1	0.949
1	146	1	4	377	31	1	1.576
1	147	2	1	199	31	0	0.980
1	148	1	4	511	31	1	1.001
1	149	2	3	299	31	1	0.859
1	150	2	1	164	31	0	1.715
1	151	2	3	481	31	1	0.680
1	152	1	4	120	31	1	0.610
1	153	2	3	187	31	1	0.834
1	154	1	4	538	30	1	0.860
1	155	2	3	165	31	1	1.764
1	156	2	3	88	31	1	1.518
1	157	1	4	357	31	1	0.733
1	158	1	2	133	31	0	0.781
1	159	2	1	222	31	0	0.751
1	160	2	1	15	32	1	1.316
1	161	1	4	238	30	1	1.191
1	162	1	2	462	33	1	1.812
1	163	2	3	302	31	1	1.112
1	164	2	3	12	31	1	0.789
1	165	1	4	285	31	1	0.642
1	166	1	2	493	32	1	2.047
1	167	1	4	62	31	1	0.998
1	168	2	3	344	31	1	0.857
1	169	1	2	98	31	0	1.883
1	170	2	1	310	31	0	1.069
1	171	2	3	188	31	1	1.237
1	172	1	4	130	31	1	0.798
1	173	1	2	116	31	0	0.790
1	174	2	1	474	31	0	0.646
1	175	1	4	164	31	1	0.979
1	176	2	3	230	31	1	0.677
1	177	1	4	191	30	1	0.947
1	178	1	2	132	30	0	0.623
1	179	1	2	148	30	0	1.103
1	180	2	3	476	31	1	2.103
1	181	2	1	375	32	1	0.931
1	182	2	1	195	31	0	0.974
1	183	2	1	263	31	0	0.893
1	184	1	2	168	30	0	1.663
1	185	2	3	41	30	1	1.399
1	186	2	3	147	32	0	1.433
1	187	1	2	327	31	0	1.395
1	188	1	4	345	31	1	3.086
1	189	1	2	126	30	0	1.026
1	190	1	2	71	31	0	1.729
1	191	2	1	405	31	0	1.076
1	192	1	4	258	31	1	0.989
1	193	1	4	214	30	1	1.611
1	194	2	1	80	32	1	2.936
1	195	1	4	332	30	1	1.103
1	196	2	1	254	31	0	1.518
1	197	1	2	342	31	0	1.227
1	198	1	4	171	31	1	2.270
1	199	2	1	381	30	0	0.959
1	200	2	1	205	31	0	1.292
1	201	1	4	117	30	1	1.265
1	202	2	1	427	31	0	0.790
1	203	1	4	469	30	1	0.590
1	204	1	4	206	31	1	0.523
