
*********************************************
* Sustained Attention and Recognition Memory Experiment - Sustained Attention Task v.1.0
* Date/Time: 30-Oct-2015 12:22:49
* Seed: 212199.2183
* Subject Number: 7
* Subject Name: AR
* Run Number: 1
* debug: 0
*********************************************

run	trl	tdf	sct	simg	crsp	rsp	acc	rt
1	1	0.012	1	51	11	13	0	0.760
1	2	0.012	1	281	11	NaN	0	NaN
1	3	0.012	1	73	11	11	1	0.040
1	4	0.012	1	302	11	11	1	0.728
1	5	0.013	1	140	11	11	1	0.736
1	6	0.013	1	411	11	11	1	0.680
1	7	0.013	2	35	13	13	1	0.679
1	8	0.013	2	481	13	13	1	0.655
1	9	0.013	1	418	11	11	1	0.583
1	10	0.014	1	389	11	13	0	0.606
1	11	0.014	1	477	11	11	1	0.879
1	12	0.014	2	81	13	13	1	0.886
1	13	0.001	1	146	11	11	1	0.644
1	14	0.001	1	366	11	11	1	0.532
1	15	0.001	1	68	11	13	0	0.571
1	16	0.001	1	346	11	NaN	0	NaN
1	17	0.002	1	433	11	11	1	0.002
1	18	0.002	1	20	11	11	1	0.699
1	19	0.002	1	405	11	11	1	0.818
1	20	0.002	1	123	11	11	1	0.673
1	21	0.002	1	362	11	11	1	0.498
1	22	0.003	1	314	11	11	1	0.442
1	23	0.003	1	545	11	11	1	0.513
1	24	0.003	1	484	11	11	1	0.569
1	25	0.003	1	114	11	11	1	0.577
1	26	0.003	2	402	13	13	1	0.529
1	27	0.004	1	288	11	11	1	0.584
1	28	0.004	1	322	11	11	1	0.545
1	29	0.004	1	402	11	11	1	0.736
1	30	0.004	2	511	13	13	1	0.800
1	31	0.004	1	6	11	11	1	0.512
1	32	0.005	1	299	11	11	1	0.576
1	33	0.005	1	472	11	11	1	0.535
1	34	0.005	1	29	11	11	1	0.504
1	35	0.005	1	431	11	11	1	0.503
1	36	0.005	1	49	11	11	1	0.503
1	37	0.006	1	390	11	11	1	0.543
1	38	0.006	1	103	11	11	1	0.591
1	39	0.006	1	318	11	11	1	0.567
1	40	0.006	1	162	11	11	1	0.622
1	41	0.006	1	153	11	11	1	0.558
1	42	0.007	1	7	11	11	1	0.550
1	43	0.007	1	107	11	11	1	0.461
1	44	0.007	1	270	11	11	1	0.550
1	45	0.007	1	456	11	11	1	0.509
1	46	0.007	1	481	11	11	1	0.581
1	47	0.007	1	437	11	11	1	0.573
1	48	0.008	1	159	11	11	1	0.669
1	49	0.008	1	46	11	11	1	0.652
1	50	0.008	1	240	11	11	1	0.596
1	51	0.008	1	263	11	11	1	0.532
1	52	0.008	1	111	11	11	1	0.643
1	53	0.009	1	116	11	11	1	0.676
1	54	0.009	1	247	11	11	1	0.739
1	55	0.009	1	376	11	11	1	0.699
1	56	0.009	1	368	11	11	1	0.627
1	57	0.009	1	524	11	11	1	0.539
1	58	0.010	1	182	11	11	1	0.483
1	59	0.010	1	471	11	11	1	0.506
1	60	0.010	1	43	11	11	1	0.451
1	61	0.010	1	90	11	11	1	0.538
1	62	0.010	1	279	11	11	1	0.498
1	63	0.011	1	531	11	11	1	0.457
1	64	0.011	1	246	11	11	1	0.481
1	65	0.011	1	511	11	11	1	0.409
1	66	0.011	1	130	11	11	1	0.409
1	67	0.011	1	187	11	11	1	0.441
1	68	0.011	1	222	11	11	1	0.400
1	69	0.012	1	515	11	11	1	0.409
1	70	0.012	1	108	11	11	1	0.424
1	71	0.012	1	234	11	11	1	0.400
1	72	0.012	1	397	11	11	1	0.368
1	73	0.012	1	265	11	11	1	0.328
1	74	0.013	1	375	11	11	1	0.343
1	75	0.013	1	541	11	11	1	0.383
1	76	0.013	1	129	11	11	1	0.384
1	77	0.013	1	126	11	11	1	0.399
1	78	0.013	1	358	11	11	1	0.335
1	79	0.014	1	351	11	11	1	0.343
1	80	0.014	1	72	11	11	1	0.390
1	81	0.014	1	154	11	11	1	0.398
1	82	0.014	1	342	11	11	1	0.390
1	83	0.001	1	235	11	11	1	0.363
1	84	0.001	1	156	11	11	1	0.283
1	85	0.001	1	513	11	11	1	0.306
1	86	0.002	1	179	11	11	1	0.290
1	87	0.002	1	475	11	11	1	0.411
1	88	0.002	1	34	11	11	1	0.498
1	89	0.002	1	353	11	11	1	0.578
1	90	0.002	1	341	11	11	1	0.650
1	91	0.003	2	238	13	11	0	0.649
1	92	0.003	1	297	11	11	1	0.641
1	93	0.003	1	227	11	11	1	0.601
1	94	0.003	1	395	11	11	1	0.569
1	95	0.003	2	12	13	13	1	0.529
1	96	0.004	1	445	11	11	1	0.705
1	97	0.004	1	301	11	11	1	0.736
1	98	0.004	1	343	11	11	1	0.624
1	99	0.004	2	38	13	13	1	0.560
1	100	0.004	1	225	11	11	1	0.448
1	101	0.005	1	213	11	11	1	0.543
1	102	0.005	1	382	11	11	1	0.584
1	103	0.005	1	324	11	11	1	0.591
1	104	0.005	1	496	11	11	1	0.624
1	105	0.005	1	89	11	11	1	0.711
1	106	0.006	2	27	13	11	0	0.822
1	107	0.006	1	379	11	11	1	0.878
1	108	0.006	1	412	11	NaN	0	NaN
1	109	0.006	1	52	11	11	1	0.646
1	110	0.006	2	128	13	NaN	0	NaN
1	111	0.006	1	2	11	11	1	0.662
1	112	0.007	1	248	11	11	1	0.773
1	113	0.007	1	134	11	11	1	0.765
1	114	0.007	2	194	13	13	1	0.637
1	115	0.007	1	339	11	11	1	0.701
1	116	0.008	1	150	11	11	1	0.676
1	117	0.008	1	164	11	11	1	0.573
1	118	0.008	1	87	11	11	1	0.540
1	119	0.008	1	356	11	11	1	0.548
1	120	0.008	1	218	11	11	1	0.500
1	121	0.008	1	180	11	11	1	0.452
1	122	0.009	1	325	11	11	1	0.436
1	123	0.009	1	152	11	11	1	0.403
1	124	0.009	1	455	11	11	1	0.371
1	125	0.009	1	304	11	11	1	0.403
1	126	0.009	1	421	11	11	1	0.379
1	127	0.010	1	259	11	11	1	0.291
1	128	0.010	1	244	11	11	1	0.283
1	129	0.010	2	208	13	11	0	0.275
1	130	0.010	1	464	11	11	1	0.554
1	131	0.010	1	407	11	11	1	0.498
1	132	0.011	1	176	11	11	1	0.394
1	133	0.011	1	493	11	11	1	0.361
1	134	0.011	1	289	11	11	1	0.273
1	135	0.011	1	340	11	11	1	0.257
1	136	0.011	2	507	13	11	0	0.273
1	137	0.012	1	221	11	11	1	0.512
1	138	0.012	1	286	11	11	1	0.672
1	139	0.012	1	355	11	11	1	0.617
1	140	0.012	1	391	11	11	1	0.505
1	141	0.012	1	550	11	11	1	0.528
1	142	0.012	1	254	11	11	1	0.439
1	143	0.013	1	224	11	11	1	0.568
1	144	0.013	1	466	11	11	1	0.520
1	145	0.013	1	94	11	11	1	0.487
1	146	0.013	1	257	11	11	1	0.615
1	147	0.013	1	285	11	11	1	0.703
1	148	0.014	1	461	11	11	1	0.494
1	149	0.014	1	530	11	11	1	0.471
1	150	0.014	1	208	11	11	1	0.543
1	151	0.001	1	525	11	11	1	0.507
1	152	0.001	1	332	11	11	1	0.515
1	153	0.001	1	18	11	11	1	0.475
1	154	0.001	1	175	11	11	1	0.555
1	155	0.002	1	104	11	11	1	0.555
1	156	0.002	1	424	11	11	1	0.515
1	157	0.002	1	241	11	11	1	0.579
1	158	0.002	1	294	11	11	1	0.810
1	159	0.002	1	528	11	11	1	0.818
1	160	0.003	2	28	13	13	1	0.650
1	161	0.003	1	315	11	11	1	0.482
1	162	0.003	1	202	11	11	1	0.458
1	163	0.003	1	432	11	11	1	0.417
1	164	0.003	1	80	11	11	1	0.329
1	165	0.004	1	204	11	11	1	0.305
1	166	0.004	1	64	11	11	1	0.248
1	167	0.004	2	283	13	11	0	0.208
1	168	0.004	1	266	11	11	1	0.408
1	169	0.004	1	518	11	11	1	0.392
1	170	0.005	1	242	11	11	1	0.360
1	171	0.005	1	295	11	11	1	0.303
1	172	0.005	1	112	11	11	1	0.215
1	173	0.005	2	432	13	11	0	0.271
1	174	0.005	1	284	11	11	1	0.655
1	175	0.006	1	462	11	11	1	0.543
1	176	0.006	1	56	11	11	1	0.623
1	177	0.006	1	105	11	11	1	0.758
1	178	0.006	2	349	13	13	1	0.630
1	179	0.006	1	416	11	11	1	0.446
1	180	0.007	1	39	11	11	1	0.526
1	181	0.007	1	216	11	11	1	0.526
1	182	0.007	1	338	11	11	1	0.494
1	183	0.007	1	335	11	11	1	0.509
1	184	0.007	1	59	11	11	1	0.525
1	185	0.008	1	290	11	11	1	0.492
1	186	0.008	1	97	11	11	1	0.469
1	187	0.008	1	121	11	11	1	0.436
1	188	0.008	1	185	11	11	1	0.372
1	189	0.008	1	536	11	11	1	0.660
1	190	0.008	1	420	11	11	1	0.524
1	191	0.009	1	448	11	11	1	0.636
1	192	0.009	1	365	11	11	1	0.500
1	193	0.009	1	380	11	11	1	0.443
1	194	0.009	1	262	11	11	1	0.571
1	195	0.009	1	37	11	11	1	0.507
1	196	0.010	1	350	11	11	1	0.459
1	197	0.010	1	255	11	11	1	0.475
1	198	0.010	1	436	11	11	1	0.578
1	199	0.010	1	181	11	11	1	0.818
1	200	0.010	1	467	11	11	1	0.562
1	201	0.011	2	333	13	13	1	0.634
1	202	0.011	1	214	11	11	1	0.489
1	203	0.011	1	212	11	11	1	0.393
1	204	0.011	1	98	11	11	1	0.393
1	205	0.011	1	144	11	11	1	0.369
1	206	0.012	1	482	11	11	1	0.369
1	207	0.012	1	63	11	11	1	0.337
1	208	0.012	1	205	11	11	1	0.329
1	209	0.012	1	347	11	11	1	0.296
1	210	0.012	1	291	11	11	1	0.280
1	211	0.012	2	541	13	11	0	0.280
1	212	0.013	1	1	11	11	1	0.384
1	213	0.013	1	201	11	11	1	0.287
1	214	0.013	1	243	11	11	1	0.271
1	215	0.013	1	174	11	11	1	0.247
1	216	0.013	2	352	13	11	0	0.279
1	217	0.014	1	316	11	11	1	0.302
1	218	0.014	1	509	11	11	1	0.310
1	219	0.014	1	507	11	11	1	0.294
1	220	0.001	1	75	11	11	1	0.372
1	221	0.001	1	275	11	11	1	0.387
1	222	0.001	1	81	11	11	1	0.283
1	223	0.001	1	139	11	11	1	0.635
1	224	0.002	1	439	11	11	1	0.507
1	225	0.002	1	157	11	11	1	0.475
1	226	0.002	1	483	11	11	1	0.578
1	227	0.002	1	54	11	11	1	0.562
1	228	0.002	1	292	11	11	1	0.450
1	229	0.003	1	487	11	11	1	0.850
1	230	0.003	2	542	13	13	1	0.658
1	231	0.003	1	336	11	11	1	0.409
1	232	0.003	1	480	11	11	1	0.321
1	233	0.003	1	459	11	11	1	0.336
1	234	0.004	1	173	11	11	1	0.337
1	235	0.004	1	133	11	11	1	0.313
1	236	0.004	1	532	11	11	1	0.321
1	237	0.004	1	200	11	11	1	0.353
1	238	0.004	1	206	11	11	1	0.360
1	239	0.005	1	381	11	11	1	0.328
1	240	0.005	1	19	11	11	1	0.319
1	241	0.005	1	41	11	11	1	0.376
1	242	0.005	1	143	11	11	1	0.471
1	243	0.005	1	35	11	11	1	0.447
1	244	0.006	1	161	11	11	1	0.495
1	245	0.006	1	137	11	11	1	0.494
1	246	0.006	1	399	11	11	1	0.454
1	247	0.006	1	44	11	11	1	0.398
1	248	0.006	1	30	11	11	1	0.686
1	249	0.007	1	400	11	11	1	0.493
1	250	0.007	1	160	11	11	1	0.366
1	251	0.007	1	406	11	11	1	0.398
1	252	0.007	1	522	11	11	1	0.389
1	253	0.007	1	498	11	11	1	0.357
1	254	0.007	1	309	11	11	1	0.341
1	255	0.008	1	410	11	11	1	0.364
1	256	0.008	1	65	11	11	1	0.325
1	257	0.008	1	189	11	11	1	0.285
1	258	0.008	1	311	11	11	1	0.299
1	259	0.008	1	308	11	11	1	0.308
1	260	0.009	1	534	11	11	1	0.340
1	261	0.009	1	4	11	11	1	0.348
1	262	0.009	1	438	11	11	1	0.323
1	263	0.009	1	100	11	11	1	0.483
1	264	0.009	1	419	11	11	1	0.418
1	265	0.010	1	125	11	NaN	0	NaN
1	266	0.010	1	102	11	11	1	0.746
1	267	0.010	2	136	13	13	1	0.658
1	268	0.010	1	458	11	11	1	0.290
1	269	0.010	1	16	11	11	1	0.434
1	270	0.011	1	127	11	11	1	0.538
1	271	0.011	1	394	11	11	1	0.594
1	272	0.011	1	457	11	11	1	0.458
1	273	0.011	1	79	11	11	1	0.482
1	274	0.011	1	303	11	11	1	0.313
1	275	0.012	1	10	11	11	1	0.473
1	276	0.012	1	23	11	11	1	0.704
1	277	0.012	1	25	11	11	1	0.465
1	278	0.012	1	86	11	11	1	0.521
1	279	0.012	2	408	13	13	1	0.536
1	280	0.013	1	61	11	11	1	0.463
1	281	0.013	1	310	11	11	1	0.463
1	282	0.013	1	296	11	11	1	0.583
1	283	0.013	1	233	11	11	1	0.544
1	284	0.013	1	192	11	11	1	0.735
1	285	0.013	2	320	13	13	1	0.751
1	286	0.014	1	84	11	11	1	0.631
1	287	0.014	1	465	11	11	1	0.511
1	288	0.014	1	392	11	11	1	0.431
1	289	0.001	1	253	11	11	1	0.308
1	290	0.001	1	32	11	11	1	0.379
1	291	0.001	1	62	11	11	1	0.387
1	292	0.001	1	210	11	11	1	0.267
1	293	0.002	1	24	11	11	1	0.258
1	294	0.002	1	344	11	11	1	0.307
1	295	0.002	1	11	11	11	1	0.202
1	296	0.002	2	71	13	11	0	0.090
1	297	0.003	1	203	11	11	1	0.434
1	298	0.003	1	110	11	11	1	0.217
1	299	0.003	1	220	11	11	1	0.345
1	300	0.003	1	33	11	11	1	0.242
1	301	0.003	1	171	11	11	1	0.345
1	302	0.003	1	17	11	11	1	0.608
1	303	0.004	1	228	11	11	1	0.537
1	304	0.004	1	215	11	11	1	0.433
1	305	0.004	1	363	11	11	1	0.376
1	306	0.004	1	118	11	11	1	0.456
1	307	0.004	1	177	11	11	1	0.448
1	308	0.005	1	508	11	11	1	0.503
1	309	0.005	1	454	11	11	1	0.447
1	310	0.005	1	306	11	11	1	0.527
1	311	0.005	1	408	11	11	1	0.455
1	312	0.005	1	546	11	11	1	0.471
1	313	0.006	1	326	11	11	1	0.471
1	314	0.006	1	330	11	11	1	0.494
1	315	0.006	1	514	11	11	1	0.639
1	316	0.006	1	429	11	11	1	0.534
1	317	0.006	2	463	13	13	1	0.622
1	318	0.007	1	76	11	11	1	0.430
1	319	0.007	1	168	11	11	1	0.302
1	320	0.007	1	15	11	11	1	0.174
1	321	0.007	1	403	11	11	1	0.262
1	322	0.007	2	76	13	11	0	0.245
1	323	0.007	1	337	11	11	1	0.469
1	324	0.008	1	113	11	11	1	0.284
1	325	0.008	1	349	11	11	1	0.228
1	326	0.008	1	371	11	11	1	0.324
1	327	0.008	1	141	11	11	1	0.348
1	328	0.009	1	510	11	11	1	0.276
1	329	0.009	1	12	11	11	1	0.395
1	330	0.009	1	69	11	11	1	0.331
1	331	0.009	1	142	11	11	1	0.371
1	332	0.009	1	99	11	11	1	0.451
1	333	0.009	1	170	11	11	1	0.555
1	334	0.010	1	197	11	11	1	0.491
1	335	0.010	1	232	11	11	1	0.434
1	336	0.010	1	267	11	11	1	0.323
1	337	0.010	1	38	11	11	1	0.290
1	338	0.010	1	374	11	11	1	0.322
1	339	0.011	1	313	11	11	1	0.330
1	340	0.011	1	82	11	11	1	0.385
1	341	0.011	1	526	11	11	1	0.425
1	342	0.011	1	386	11	11	1	0.457
1	343	0.011	1	474	11	11	1	0.425
1	344	0.011	1	388	11	11	1	0.353
1	345	0.012	1	413	11	11	1	0.377
1	346	0.012	1	519	11	11	1	0.376
1	347	0.012	1	415	11	11	1	0.385
1	348	0.012	1	378	11	11	1	0.353
1	349	0.012	1	476	11	11	1	0.327
1	350	0.013	1	453	11	11	1	0.328
1	351	0.013	1	55	11	11	1	0.304
1	352	0.013	1	258	11	11	1	0.303
1	353	0.013	1	543	11	11	1	0.303
1	354	0.013	1	307	11	11	1	0.335
1	355	0.014	1	360	11	11	1	0.302
1	356	0.014	1	40	11	11	1	0.687
1	357	0.014	1	277	11	11	1	0.399
1	358	0.001	1	548	11	11	1	0.412
1	359	0.001	1	517	11	11	1	0.347
1	360	0.001	1	282	11	11	1	0.435
1	361	0.001	1	5	11	11	1	0.491
1	362	0.002	1	198	11	11	1	0.498
1	363	0.002	1	409	11	11	1	0.498
1	364	0.002	1	328	11	11	1	0.523
1	365	0.002	1	452	11	11	1	0.426
1	366	0.003	1	92	11	11	1	0.506
1	367	0.003	1	211	11	11	1	0.497
1	368	0.003	1	96	11	11	1	0.577
1	369	0.003	2	455	13	11	0	0.657
1	370	0.003	1	440	11	11	1	0.593
1	371	0.003	1	442	11	11	1	0.417
1	372	0.004	1	273	11	11	1	0.281
1	373	0.004	1	300	11	11	1	0.288
1	374	0.004	1	426	11	11	1	0.345
1	375	0.004	1	501	11	11	1	0.352
1	376	0.004	1	178	11	11	1	0.336
1	377	0.005	1	538	11	11	1	0.320
1	378	0.005	1	95	11	11	1	0.455
1	379	0.005	1	122	11	11	1	0.551
1	380	0.005	1	88	11	11	1	0.471
1	381	0.005	1	488	11	11	1	0.351
1	382	0.006	1	48	11	11	1	0.303
1	383	0.006	1	117	11	11	1	0.286
1	384	0.006	1	317	11	11	1	0.295
1	385	0.006	1	495	11	11	1	0.318
1	386	0.006	1	460	11	11	1	0.350
1	387	0.007	1	74	11	11	1	0.350
1	388	0.007	1	251	11	11	1	0.326
1	389	0.007	1	331	11	11	1	0.365
1	390	0.007	1	287	11	11	1	0.333
1	391	0.007	1	470	11	11	1	0.317
1	392	0.008	1	305	11	11	1	0.301
1	393	0.008	1	45	11	11	1	0.284
1	394	0.008	1	36	11	11	1	0.260
1	395	0.008	1	312	11	11	1	0.277
1	396	0.008	1	280	11	11	1	0.300
1	397	0.009	1	377	11	11	1	0.324
1	398	0.009	1	223	11	11	1	0.412
1	399	0.009	1	148	11	11	1	0.571
1	400	0.009	1	14	11	11	1	0.523
1	401	0.009	2	439	13	13	1	0.459
1	402	0.009	1	494	11	11	1	0.363
1	403	0.010	1	151	11	11	1	0.363
1	404	0.010	1	163	11	11	1	0.242
1	405	0.010	1	430	11	11	1	0.258
1	406	0.010	1	8	11	11	1	0.290
1	407	0.010	1	490	11	11	1	0.265
1	408	0.011	1	516	11	11	1	0.258
1	409	0.011	1	527	11	11	1	0.322
1	410	0.011	1	167	11	11	1	0.346
1	411	0.011	1	230	11	11	1	0.305
1	412	0.011	1	138	11	11	1	0.329
1	413	0.012	1	505	11	11	1	0.281
1	414	0.012	1	544	11	11	1	0.281
1	415	0.012	1	503	11	11	1	0.320
1	416	0.012	1	101	11	11	1	0.297
1	417	0.012	1	425	11	11	1	0.319
1	418	0.012	1	441	11	11	1	0.368
1	419	0.013	1	22	11	11	1	0.336
1	420	0.013	1	549	11	11	1	0.376
1	421	0.013	1	238	11	11	1	0.328
1	422	0.013	1	537	11	11	1	0.296
1	423	0.013	1	145	11	11	1	0.358
1	424	0.014	1	401	11	11	1	0.399
1	425	0.014	1	520	11	11	1	0.311
1	426	0.014	1	13	11	11	1	0.350
1	427	0.001	1	369	11	11	1	0.339
1	428	0.001	1	523	11	11	1	0.483
1	429	0.001	1	120	11	11	1	0.451
1	430	0.001	1	443	11	11	1	0.443
1	431	0.002	1	444	11	11	1	0.507
1	432	0.002	1	428	11	11	1	0.427
1	433	0.002	1	77	11	11	1	0.370
1	434	0.002	1	540	11	11	1	0.330
1	435	0.003	1	149	11	11	1	0.409
1	436	0.003	1	31	11	11	1	0.553
1	437	0.003	1	193	11	11	1	0.649
1	438	0.003	2	159	13	11	0	0.641
1	439	0.003	1	435	11	11	1	0.761
1	440	0.003	1	231	11	11	1	0.569
1	441	0.004	1	497	11	11	1	0.433
1	442	0.004	2	350	13	13	1	0.529
1	443	0.004	1	249	11	11	1	0.400
1	444	0.004	1	93	11	11	1	0.400
1	445	0.004	1	492	11	11	1	0.376
1	446	0.005	1	364	11	11	1	0.368
1	447	0.005	1	396	11	11	1	0.328
1	448	0.005	1	128	11	11	1	0.359
1	449	0.005	1	512	11	11	1	0.351
1	450	0.005	1	119	11	11	1	0.303
1	451	0.006	1	529	11	11	1	0.270
1	452	0.006	1	26	11	11	1	0.270
1	453	0.006	1	115	11	11	1	0.366
1	454	0.006	1	147	11	11	1	0.294
1	455	0.006	1	136	11	11	1	0.262
1	456	0.007	1	278	11	11	1	0.205
1	457	0.007	1	256	11	11	1	0.189
1	458	0.007	1	3	11	11	1	0.133
1	459	0.007	1	67	11	11	1	0.077
1	460	0.007	1	321	11	11	1	0.093
1	461	0.008	1	293	11	11	1	0.180
1	462	0.008	1	383	11	11	1	0.213
1	463	0.008	1	91	11	11	1	0.333
1	464	0.008	2	181	13	13	1	0.884
1	465	0.008	1	384	11	11	1	0.652
1	466	0.008	1	298	11	11	1	0.675
1	467	0.009	1	447	11	11	1	0.579
1	468	0.009	1	327	11	11	1	0.332
1	469	0.009	1	334	11	11	1	0.267
1	470	0.009	1	183	11	11	1	0.411
1	471	0.009	1	166	11	11	1	0.283
1	472	0.010	1	414	11	11	1	0.290
1	473	0.010	1	271	11	11	1	0.227
1	474	0.010	1	323	11	11	1	0.162
1	475	0.010	1	106	11	11	1	0.107
1	476	0.010	1	131	11	11	1	0.194
1	477	0.011	1	539	11	11	1	0.210
1	478	0.011	1	21	11	11	1	0.266
1	479	0.011	1	109	11	11	1	0.370
1	480	0.011	1	491	11	11	1	0.337
1	481	0.011	1	261	11	11	1	0.313
1	482	0.012	1	252	11	11	1	0.377
1	483	0.012	1	533	11	11	1	0.328
1	484	0.012	1	485	11	11	1	0.272
1	485	0.012	2	527	13	11	0	0.264
1	486	0.012	1	319	11	11	1	0.248
1	487	0.012	2	450	13	11	0	0.328
1	488	0.013	1	260	11	11	1	0.376
1	489	0.013	1	274	11	11	1	0.551
1	490	0.013	1	83	11	11	1	0.680
1	491	0.013	2	337	13	13	1	0.567
1	492	0.013	1	272	11	11	1	0.334
1	493	0.014	1	393	11	11	1	0.583
1	494	0.014	1	357	11	11	1	0.510
1	495	0.014	1	479	11	11	1	0.454
1	496	0.001	1	463	11	11	1	0.427
1	497	0.001	1	486	11	11	1	0.451
1	498	0.001	1	219	11	11	1	0.523
1	499	0.001	1	53	11	11	1	0.531
1	500	0.002	1	9	11	11	1	0.522

*********************************************
* Sustained Attention and Recognition Memory Experiment - Memory Test v.1.0
* Date/Time: 30-Oct-2015 12:34:19
* Seed: 215198.3947
* Subject Number: 7
* Subject Name: AR
* Run Number: 1
* debug: 0
*********************************************

1	1	1	1	227	31	0	5.325
1	2	2	4	201	30	1	2.463
1	3	2	4	484	32	0	3.027
1	4	1	1	107	33	1	2.439
1	5	1	3	190	32	0	2.407
1	6	1	3	169	30	1	1.875
1	7	1	3	500	31	1	2.357
1	8	1	3	250	32	0	2.719
1	9	2	4	242	30	1	2.412
1	10	1	3	283	33	0	1.921
1	11	2	4	50	33	0	1.627
1	12	2	4	88	30	1	2.642
1	13	1	1	362	31	0	7.269
1	14	1	1	197	30	0	1.764
1	15	1	1	75	31	0	3.084
1	16	1	3	196	32	0	2.307
1	17	1	1	401	30	0	2.693
1	18	1	1	182	31	0	1.842
1	19	2	2	238	30	0	2.348
1	20	1	3	186	32	0	2.807
1	21	2	4	140	32	0	3.635
1	22	2	4	41	30	1	2.974
1	23	1	3	348	33	0	1.575
1	24	1	3	499	31	1	2.019
1	25	1	3	373	32	0	1.611
1	26	1	3	124	30	1	1.573
1	27	2	2	76	33	1	2.308
1	28	1	3	165	31	1	1.575
1	29	2	4	366	30	1	2.486
1	30	2	2	283	33	1	1.381
1	31	1	1	512	31	0	2.624
1	32	2	2	408	33	1	1.428
1	33	1	1	399	33	1	1.543
1	34	1	1	17	32	1	1.758
1	35	1	3	450	30	1	1.474
1	36	2	2	81	33	1	1.727
1	37	2	2	333	33	1	1.519
1	38	2	4	121	33	0	1.694
1	39	1	3	57	32	0	1.659
1	40	2	4	321	30	1	1.344
1	41	1	1	425	31	0	2.831
1	42	1	1	495	31	0	2.396
1	43	2	2	507	30	0	1.545
1	44	2	4	440	30	1	1.347
1	45	2	2	350	33	1	1.509
1	46	2	2	35	31	0	1.495
1	47	2	4	30	30	1	1.940
1	48	1	3	468	31	1	2.134
1	49	1	3	71	30	1	1.675
1	50	1	3	239	31	1	1.535
1	51	2	2	432	33	1	1.575
1	52	2	2	481	33	1	1.604
1	53	1	1	258	31	0	2.406
1	54	2	4	328	30	1	2.362
1	55	2	2	527	30	0	1.663
1	56	2	2	439	33	1	1.218
1	57	1	3	236	30	1	1.550
1	58	2	2	159	33	1	1.979
1	59	1	1	335	32	1	1.495
1	60	1	3	427	31	1	1.410
1	61	2	4	399	30	1	1.393
1	62	1	3	155	30	1	1.247
1	63	1	1	534	30	0	1.515
1	64	1	1	260	31	0	3.528
1	65	2	2	136	31	0	2.249
1	66	1	1	458	30	0	3.665
1	67	2	2	542	32	1	1.605
1	68	1	3	434	30	1	1.373
1	69	1	1	112	30	0	1.015
1	70	2	2	402	33	1	1.972
1	71	2	2	349	32	1	1.219
1	72	1	3	85	32	0	1.590
1	73	1	3	361	32	0	1.333
1	74	2	2	455	30	0	1.431
1	75	1	3	417	30	1	1.351
1	76	1	3	398	30	1	1.153
1	77	2	4	200	31	1	1.141
1	78	2	4	435	30	1	1.544
1	79	1	1	317	31	0	1.279
1	80	1	1	505	33	1	1.663
1	81	1	3	184	30	1	1.100
1	82	2	4	2	30	1	1.382
1	83	1	1	336	31	0	4.064
1	84	1	1	189	30	0	3.001
1	85	2	2	27	33	1	1.279
1	86	2	2	71	33	1	1.011
1	87	1	1	80	33	1	1.077
1	88	2	2	208	31	0	1.781
1	89	2	4	409	30	1	1.602
1	90	2	2	352	30	0	1.158
1	91	2	4	151	30	1	1.043
1	92	2	2	320	30	0	1.070
1	93	2	4	84	30	1	1.255
1	94	1	3	209	31	1	1.058
1	95	1	1	69	30	0	2.060
1	96	2	2	12	30	0	1.275
1	97	1	3	446	30	1	2.507
1	98	1	3	191	30	1	2.349
1	99	1	1	533	33	1	4.093
1	100	1	3	217	31	1	3.135
1	101	1	1	349	30	0	2.075
1	102	1	3	504	30	1	2.487
1	103	1	1	263	30	0	0.966
1	104	1	3	269	30	1	3.095
1	105	1	1	437	30	0	0.565
1	106	1	1	105	33	1	1.653
1	107	1	3	385	31	1	1.949
1	108	2	2	541	30	0	2.407
1	109	1	3	58	30	1	1.315
1	110	1	3	50	32	0	1.267
1	111	2	2	511	33	1	1.231
1	112	1	3	372	30	1	1.138
1	113	2	2	337	30	0	2.660
1	114	1	1	418	33	1	1.229
1	115	1	1	221	30	0	1.227
1	116	1	1	2	30	0	1.877
1	117	1	3	387	31	1	0.980
1	118	1	1	482	31	0	0.855
1	119	1	1	193	30	0	1.046
1	120	2	4	271	30	1	0.960
1	121	2	2	450	33	1	1.312
1	122	2	4	308	32	0	1.063
1	123	2	4	358	30	1	1.087
1	124	1	3	329	30	1	0.705
1	125	1	1	120	30	0	1.715
1	126	1	1	275	30	0	1.824
1	127	2	4	386	33	0	1.994
1	128	2	4	306	33	0	0.725
1	129	1	3	535	30	1	0.903
1	130	1	1	176	30	0	0.679
1	131	1	1	6	30	0	1.134
1	132	1	1	493	31	0	4.843
1	133	1	3	542	30	1	1.218
1	134	1	1	525	32	1	3.361
1	135	1	3	28	31	1	0.984
1	136	1	1	235	31	0	1.086
1	137	2	2	181	31	0	2.709
1	138	2	4	485	30	1	2.582
1	139	2	4	547	30	1	1.272
1	140	1	1	174	31	0	2.875
1	141	2	4	127	31	1	2.820
1	142	2	4	304	30	1	1.306
1	143	2	4	534	32	0	1.668
1	144	1	3	469	30	1	2.089
1	145	2	4	89	30	1	1.170
1	146	1	1	492	32	1	1.096
1	147	2	2	38	31	0	1.047
1	148	2	2	28	30	0	1.420
1	149	1	3	60	30	1	1.502
1	150	1	3	268	30	1	1.392
1	151	2	4	514	30	1	0.787
1	152	1	3	199	30	1	0.682
1	153	2	4	416	30	1	2.252
1	154	1	3	367	32	0	1.158
1	155	1	1	438	31	0	1.049
1	156	1	3	78	31	1	0.824
1	157	1	1	395	31	0	0.691
1	158	2	4	270	30	1	1.197
1	159	1	1	286	33	1	1.306
1	160	1	1	101	30	0	1.809
1	161	1	1	337	31	0	1.123
1	162	1	3	521	30	1	0.984
1	163	2	2	128	30	0	2.256
1	164	2	4	236	30	1	0.887
1	165	1	3	135	30	1	0.591
1	166	1	1	215	30	0	0.926
1	167	1	1	267	30	0	0.875
1	168	1	3	27	30	1	1.094
1	169	2	2	463	30	0	0.960
1	170	2	2	194	33	1	2.197
