
*********************************************
* Sustained Attention and Recognition Memory Experiment - Sustained Attention Task v.1.0
* Date/Time: 03-Feb-2015 15:06:18
* Seed: 209905.4243
* Subject Number: 68
* Subject Name: SG
* Run Number: 1
* debug: 0
*********************************************

run	trl	tdf	sct	simg	crsp	rsp	acc	rt
1	1	0.014	2	142	11	11	1	0.730
1	2	0.014	2	24	11	11	1	0.578
1	3	0.014	1	172	13	11	0	0.394
1	4	0.001	2	257	11	11	1	0.687
1	5	0.001	2	77	11	11	1	0.729
1	6	0.001	2	145	11	11	1	0.799
1	7	0.002	2	368	11	NaN	0	NaN
1	8	0.002	2	353	11	11	1	0.735
1	9	0.002	2	287	11	11	1	0.597
1	10	0.002	2	63	11	11	1	0.510
1	11	0.002	2	496	11	11	1	0.422
1	12	0.003	2	134	11	11	1	0.429
1	13	0.003	2	351	11	11	1	0.388
1	14	0.003	2	271	11	11	1	0.365
1	15	0.003	2	384	11	11	1	0.358
1	16	0.003	2	517	11	11	1	0.317
1	17	0.004	2	38	11	11	1	0.260
1	18	0.004	2	208	11	11	1	0.268
1	19	0.004	2	228	11	11	1	0.245
1	20	0.004	2	436	11	11	1	0.348
1	21	0.004	1	36	13	11	0	0.276
1	22	0.005	2	277	11	11	1	0.715
1	23	0.005	2	346	11	11	1	0.483
1	24	0.005	2	68	11	11	1	0.459
1	25	0.005	2	438	11	11	1	0.452
1	26	0.005	2	536	11	11	1	0.459
1	27	0.005	2	273	11	11	1	0.370
1	28	0.006	2	344	11	11	1	0.379
1	29	0.006	2	495	11	11	1	0.418
1	30	0.006	2	299	11	11	1	0.379
1	31	0.006	2	439	11	11	1	0.369
1	32	0.006	2	171	11	11	1	0.377
1	33	0.007	2	528	11	11	1	0.321
1	34	0.007	2	326	11	11	1	0.329
1	35	0.007	2	190	11	11	1	0.353
1	36	0.007	1	101	13	13	1	0.520
1	37	0.007	2	204	11	11	1	0.626
1	38	0.008	2	465	11	11	1	0.681
1	39	0.008	2	392	11	11	1	0.543
1	40	0.008	2	37	11	11	1	0.456
1	41	0.008	2	453	11	11	1	0.479
1	42	0.008	2	173	11	11	1	0.425
1	43	0.009	1	352	13	13	1	0.478
1	44	0.009	2	333	11	11	1	0.505
1	45	0.009	2	151	11	11	1	0.528
1	46	0.009	2	206	11	11	1	0.472
1	47	0.009	2	308	11	11	1	0.414
1	48	0.010	2	508	11	11	1	0.375
1	49	0.010	2	33	11	11	1	0.416
1	50	0.010	2	410	11	11	1	0.407
1	51	0.010	1	453	13	13	1	0.463
1	52	0.010	2	391	11	11	1	0.487
1	53	0.010	2	318	11	11	1	0.381
1	54	0.011	2	431	11	11	1	0.532
1	55	0.011	2	262	11	11	1	0.541
1	56	0.011	2	504	11	11	1	0.487
1	57	0.011	2	452	11	11	1	0.428
1	58	0.011	2	427	11	11	1	0.534
1	59	0.012	2	386	11	11	1	0.558
1	60	0.012	2	535	11	11	1	0.532
1	61	0.012	1	480	13	13	1	0.571
1	62	0.012	2	415	11	11	1	0.563
1	63	0.012	2	498	11	11	1	0.443
1	64	0.013	2	27	11	11	1	0.403
1	65	0.013	2	279	11	11	1	0.381
1	66	0.013	2	50	11	11	1	0.356
1	67	0.013	2	96	11	11	1	0.380
1	68	0.013	2	429	11	11	1	0.371
1	69	0.014	2	200	11	11	1	0.346
1	70	0.014	2	294	11	11	1	0.258
1	71	0.014	2	550	11	11	1	0.217
1	72	0.014	2	201	11	11	1	0.322
1	73	0.001	2	467	11	11	1	0.439
1	74	0.001	2	521	11	11	1	0.431
1	75	0.001	2	212	11	11	1	0.470
1	76	0.002	2	85	11	11	1	0.560
1	77	0.002	2	425	11	11	1	0.454
1	78	0.002	2	138	11	11	1	0.445
1	79	0.002	2	216	11	11	1	0.390
1	80	0.002	2	45	11	11	1	0.367
1	81	0.003	2	414	11	11	1	0.421
1	82	0.003	2	180	11	11	1	0.334
1	83	0.003	2	302	11	11	1	0.373
1	84	0.003	2	175	11	11	1	0.364
1	85	0.003	2	387	11	11	1	0.436
1	86	0.004	1	422	13	13	1	0.604
1	87	0.004	2	499	11	11	1	0.598
1	88	0.004	2	222	11	11	1	0.573
1	89	0.004	2	445	11	11	1	0.388
1	90	0.004	2	43	11	11	1	0.283
1	91	0.005	2	73	11	11	1	0.323
1	92	0.005	2	469	11	11	1	0.396
1	93	0.005	1	392	13	13	1	0.562
1	94	0.005	2	451	11	11	1	0.507
1	95	0.005	2	529	11	11	1	0.819
1	96	0.005	2	269	11	11	1	0.651
1	97	0.006	2	372	11	11	1	0.610
1	98	0.006	2	541	11	11	1	0.540
1	99	0.006	2	72	11	11	1	0.451
1	100	0.006	2	82	11	11	1	0.395
1	101	0.006	2	514	11	11	1	0.323
1	102	0.007	2	90	11	11	1	0.330
1	103	0.007	1	147	13	11	0	0.257
1	104	0.007	2	231	11	11	1	0.458
1	105	0.007	2	19	11	11	1	0.704
1	106	0.007	2	195	11	11	1	0.696
1	107	0.008	1	312	13	NaN	0	NaN
1	108	0.008	2	185	11	13	0	0.056
1	109	0.008	2	446	11	11	1	0.591
1	110	0.008	2	252	11	11	1	0.441
1	111	0.008	2	376	11	11	1	0.449
1	112	0.009	2	420	11	11	1	0.535
1	113	0.009	2	165	11	11	1	0.415
1	114	0.009	2	168	11	11	1	0.391
1	115	0.009	2	176	11	11	1	0.350
1	116	0.009	2	378	11	11	1	0.376
1	117	0.009	2	329	11	11	1	0.333
1	118	0.010	2	219	11	11	1	0.261
1	119	0.010	1	534	13	11	0	0.286
1	120	0.010	2	364	11	11	1	0.471
1	121	0.010	2	434	11	11	1	0.428
1	122	0.010	2	153	11	11	1	0.422
1	123	0.011	2	540	11	11	1	0.413
1	124	0.011	2	389	11	11	1	0.373
1	125	0.011	2	502	11	11	1	0.430
1	126	0.011	2	119	11	11	1	0.438
1	127	0.011	2	288	11	11	1	0.366
1	128	0.012	1	232	13	11	0	0.437
1	129	0.012	2	188	11	11	1	0.493
1	130	0.012	2	70	11	11	1	0.469
1	131	0.012	2	406	11	11	1	0.507
1	132	0.012	2	360	11	11	1	0.420
1	133	0.013	2	51	11	11	1	0.443
1	134	0.013	2	248	11	11	1	0.532
1	135	0.013	2	533	11	11	1	0.459
1	136	0.013	2	120	11	11	1	0.515
1	137	0.013	2	21	11	11	1	0.572
1	138	0.014	2	328	11	11	1	0.467
1	139	0.014	2	477	11	11	1	0.521
1	140	0.014	1	179	13	13	1	0.562
1	141	0.014	2	76	11	11	1	0.745
1	142	0.001	2	253	11	11	1	0.608
1	143	0.001	2	229	11	11	1	0.583
1	144	0.001	2	241	11	11	1	0.528
1	145	0.002	2	193	11	11	1	0.485
1	146	0.002	2	215	11	11	1	0.496
1	147	0.002	2	14	11	11	1	0.566
1	148	0.002	2	362	11	11	1	0.541
1	149	0.002	2	324	11	11	1	0.534
1	150	0.003	2	489	11	11	1	0.478
1	151	0.003	1	412	13	13	1	0.548
1	152	0.003	2	20	11	13	0	0.636
1	153	0.003	2	160	11	11	1	0.566
1	154	0.003	2	169	11	11	1	0.715
1	155	0.004	2	122	11	11	1	0.725
1	156	0.004	1	9	13	13	1	0.621
1	157	0.004	2	398	11	11	1	0.612
1	158	0.004	2	312	11	11	1	0.493
1	159	0.004	2	516	11	11	1	0.435
1	160	0.005	2	218	11	11	1	0.426
1	161	0.005	2	256	11	11	1	0.467
1	162	0.005	2	418	11	11	1	0.379
1	163	0.005	2	519	11	11	1	0.404
1	164	0.005	2	104	11	11	1	0.412
1	165	0.005	2	40	11	11	1	0.500
1	166	0.006	1	430	13	13	1	0.505
1	167	0.006	2	462	11	11	1	0.627
1	168	0.006	2	433	11	11	1	0.441
1	169	0.006	2	250	11	11	1	0.387
1	170	0.006	2	177	11	11	1	0.361
1	171	0.007	2	314	11	11	1	0.465
1	172	0.007	2	448	11	11	1	0.394
1	173	0.007	2	509	11	11	1	0.482
1	174	0.007	2	348	11	11	1	0.426
1	175	0.007	1	67	13	13	1	0.464
1	176	0.008	2	491	11	11	1	0.408
1	177	0.008	2	34	11	11	1	0.368
1	178	0.008	2	275	11	11	1	0.280
1	179	0.008	2	272	11	11	1	0.384
1	180	0.008	2	22	11	11	1	0.393
1	181	0.009	2	296	11	11	1	0.320
1	182	0.009	2	293	11	11	1	0.329
1	183	0.009	2	280	11	11	1	0.272
1	184	0.009	2	493	11	11	1	0.344
1	185	0.009	2	306	11	11	1	0.254
1	186	0.010	2	125	11	11	1	0.376
1	187	0.010	2	101	11	11	1	0.367
1	188	0.010	2	16	11	11	1	0.389
1	189	0.010	2	84	11	11	1	0.383
1	190	0.010	2	523	11	11	1	0.439
1	191	0.011	2	361	11	11	1	0.446
1	192	0.011	2	538	11	11	1	0.630
1	193	0.011	1	331	13	13	1	0.526
1	194	0.011	2	170	11	11	1	0.454
1	195	0.011	2	205	11	11	1	0.381
1	196	0.011	2	322	11	11	1	0.390
1	197	0.012	1	283	13	11	0	0.302
1	198	0.012	2	58	11	11	1	0.259
1	199	0.012	2	342	11	11	1	0.397
1	200	0.012	2	132	11	11	1	0.372
1	201	0.012	2	4	11	11	1	0.460
1	202	0.013	2	428	11	11	1	0.373
1	203	0.013	1	3	13	13	1	0.445
1	204	0.013	2	159	11	11	1	0.357
1	205	0.013	2	480	11	11	1	0.284
1	206	0.013	2	350	11	11	1	0.226
1	207	0.013	2	305	11	11	1	0.234
1	208	0.014	2	107	11	11	1	0.322
1	209	0.014	2	67	11	11	1	0.346
1	210	0.014	2	79	11	11	1	0.369
1	211	0.001	2	485	11	11	1	0.358
1	212	0.001	2	345	11	11	1	0.318
1	213	0.001	2	357	11	11	1	0.375
1	214	0.002	2	367	11	11	1	0.367
1	215	0.002	2	261	11	11	1	0.424
1	216	0.002	2	416	11	11	1	0.366
1	217	0.002	2	260	11	11	1	0.422
1	218	0.002	2	456	11	11	1	0.398
1	219	0.003	2	422	11	11	1	0.375
1	220	0.003	2	534	11	11	1	0.397
1	221	0.003	2	501	11	11	1	0.308
1	222	0.003	2	320	11	11	1	0.494
1	223	0.003	2	400	11	11	1	0.437
1	224	0.004	2	478	11	11	1	0.493
1	225	0.004	2	74	11	11	1	0.405
1	226	0.004	2	264	11	11	1	0.492
1	227	0.004	2	18	11	11	1	0.485
1	228	0.004	2	435	11	11	1	0.412
1	229	0.005	2	154	11	11	1	0.405
1	230	0.005	2	270	11	11	1	0.380
1	231	0.005	2	319	11	11	1	0.434
1	232	0.005	2	254	11	11	1	0.445
1	233	0.005	1	33	13	11	0	0.451
1	234	0.005	2	301	11	11	1	0.412
1	235	0.006	2	10	11	11	1	0.371
1	236	0.006	2	166	11	11	1	0.314
1	237	0.006	2	291	11	11	1	0.289
1	238	0.006	2	354	11	11	1	0.489
1	239	0.006	2	300	11	11	1	0.290
1	240	0.007	2	310	11	11	1	0.330
1	241	0.007	2	473	11	11	1	0.337
1	242	0.007	2	481	11	11	1	0.266
1	243	0.007	2	203	11	11	1	0.256
1	244	0.007	1	272	13	11	0	0.312
1	245	0.008	2	506	11	11	1	0.369
1	246	0.008	2	123	11	11	1	0.201
1	247	0.008	2	440	11	11	1	0.384
1	248	0.008	2	539	11	11	1	0.472
1	249	0.008	2	178	11	11	1	0.319
1	250	0.009	2	530	11	11	1	0.440
1	251	0.009	2	46	11	11	1	0.449
1	252	0.009	2	289	11	11	1	0.441
1	253	0.009	2	81	11	11	1	0.464
1	254	0.009	2	338	11	11	1	0.486
1	255	0.010	2	192	11	11	1	0.671
1	256	0.010	2	164	11	11	1	0.695
1	257	0.010	1	339	13	13	1	0.528
1	258	0.010	1	126	13	13	1	0.566
1	259	0.010	2	62	11	11	1	0.590
1	260	0.011	2	31	11	11	1	0.485
1	261	0.011	2	25	11	11	1	0.494
1	262	0.011	2	167	11	11	1	0.404
1	263	0.011	2	94	11	11	1	0.460
1	264	0.011	2	471	11	11	1	0.452
1	265	0.011	1	310	13	13	1	0.507
1	266	0.012	2	95	11	11	1	0.470
1	267	0.012	2	139	11	11	1	0.427
1	268	0.012	2	87	11	11	1	0.579
1	269	0.012	2	213	11	11	1	0.683
1	270	0.012	2	150	11	11	1	0.660
1	271	0.013	2	313	11	11	1	0.491
1	272	0.013	2	419	11	13	0	0.885
1	273	0.013	2	537	11	11	1	0.588
1	274	0.013	2	444	11	NaN	0	NaN
1	275	0.013	2	461	11	11	1	0.044
1	276	0.014	2	129	11	11	1	0.818
1	277	0.014	2	161	11	11	1	0.601
1	278	0.014	2	395	11	11	1	0.578
1	279	0.014	2	235	11	11	1	0.554
1	280	0.001	2	141	11	11	1	0.496
1	281	0.001	2	36	11	11	1	0.441
1	282	0.001	2	181	11	11	1	0.367
1	283	0.002	2	311	11	11	1	0.439
1	284	0.002	2	542	11	11	1	0.558
1	285	0.002	1	281	13	13	1	0.502
1	286	0.002	1	55	13	13	1	0.685
1	287	0.002	2	80	11	11	1	0.597
1	288	0.003	2	162	11	11	1	0.461
1	289	0.003	2	447	11	11	1	0.373
1	290	0.003	1	348	13	13	1	0.572
1	291	0.003	2	12	11	11	1	0.485
1	292	0.003	2	28	11	11	1	0.620
1	293	0.003	2	405	11	11	1	0.534
1	294	0.004	2	331	11	11	1	0.492
1	295	0.004	2	65	11	11	1	0.483
1	296	0.004	2	234	11	11	1	0.445
1	297	0.004	2	482	11	11	1	0.420
1	298	0.005	2	26	11	11	1	0.380
1	299	0.005	2	1	11	11	1	0.451
1	300	0.005	2	484	11	11	1	0.572
1	301	0.005	2	187	11	11	1	0.659
1	302	0.005	2	92	11	11	1	0.700
1	303	0.005	2	263	11	11	1	0.723
1	304	0.006	2	158	11	11	1	0.763
1	305	0.006	2	393	11	11	1	0.835
1	306	0.006	1	131	13	13	1	0.649
1	307	0.006	2	411	11	11	1	0.449
1	308	0.006	2	103	11	11	1	0.298
1	309	0.007	2	466	11	11	1	0.241
1	310	0.007	2	186	11	11	1	0.281
1	311	0.007	2	432	11	11	1	0.273
1	312	0.007	2	356	11	11	1	0.264
1	313	0.007	2	83	11	11	1	0.271
1	314	0.008	2	397	11	11	1	0.280
1	315	0.008	2	441	11	11	1	0.370
1	316	0.008	2	246	11	11	1	0.409
1	317	0.008	2	225	11	11	1	0.495
1	318	0.008	2	223	11	11	1	0.441
1	319	0.009	1	532	13	11	0	0.496
1	320	0.009	2	202	11	11	1	0.441
1	321	0.009	2	15	11	11	1	0.304
1	322	0.009	2	64	11	11	1	0.280
1	323	0.009	2	543	11	11	1	0.303
1	324	0.010	2	136	11	11	1	0.407
1	325	0.010	2	237	11	11	1	0.510
1	326	0.010	1	124	13	13	1	0.549
1	327	0.010	2	304	11	11	1	0.493
1	328	0.010	2	127	11	11	1	0.550
1	329	0.011	1	482	13	13	1	0.637
1	330	0.011	2	52	11	11	1	0.596
1	331	0.011	2	366	11	11	1	0.732
1	332	0.011	2	454	11	11	1	0.838
1	333	0.011	2	510	11	11	1	0.781
1	334	0.011	2	382	11	11	1	0.757
1	335	0.012	2	121	11	11	1	0.844
1	336	0.012	1	291	13	13	1	0.661
1	337	0.012	2	276	11	11	1	0.445
1	338	0.012	2	61	11	11	1	0.499
1	339	0.012	2	210	11	11	1	0.461
1	340	0.013	2	494	11	11	1	0.389
1	341	0.013	1	379	13	13	1	0.554
1	342	0.013	2	407	11	11	1	0.403
1	343	0.013	2	243	11	11	1	0.426
1	344	0.013	2	111	11	11	1	0.372
1	345	0.014	2	379	11	11	1	0.459
1	346	0.014	2	147	11	11	1	0.803
1	347	0.014	2	199	11	11	1	0.651
1	348	0.014	2	383	11	11	1	0.515
1	349	0.001	2	258	11	11	1	0.534
1	350	0.001	2	146	11	11	1	0.526
1	351	0.001	2	97	11	11	1	0.568
1	352	0.002	2	403	11	11	1	0.528
1	353	0.002	2	179	11	11	1	0.646
1	354	0.002	2	363	11	11	1	0.607
1	355	0.002	2	143	11	11	1	0.567
1	356	0.002	2	544	11	11	1	0.479
1	357	0.003	2	284	11	11	1	0.455
1	358	0.003	2	413	11	11	1	0.412
1	359	0.003	2	221	11	11	1	0.358
1	360	0.003	2	474	11	11	1	0.461
1	361	0.003	2	48	11	11	1	0.389
1	362	0.004	2	548	11	11	1	0.285
1	363	0.004	2	2	11	11	1	0.323
1	364	0.004	2	236	11	11	1	0.334
1	365	0.004	2	182	11	11	1	0.291
1	366	0.004	2	198	11	11	1	0.442
1	367	0.004	2	105	11	11	1	0.500
1	368	0.005	1	370	13	13	1	0.474
1	369	0.005	2	450	11	11	1	0.403
1	370	0.005	2	490	11	11	1	0.282
1	371	0.005	1	93	13	11	0	0.114
1	372	0.005	2	371	11	11	1	0.506
1	373	0.006	2	133	11	11	1	0.290
1	374	0.006	2	17	11	11	1	0.346
1	375	0.006	2	341	11	11	1	0.419
1	376	0.006	2	457	11	11	1	0.363
1	377	0.006	2	42	11	11	1	0.355
1	378	0.007	2	191	11	11	1	0.314
1	379	0.007	2	245	11	11	1	0.321
1	380	0.007	2	71	11	11	1	0.344
1	381	0.007	2	281	11	11	1	0.435
1	382	0.007	1	426	13	11	0	0.330
1	383	0.008	2	349	11	11	1	0.370
1	384	0.008	2	30	11	11	1	0.281
1	385	0.008	2	249	11	11	1	0.433
1	386	0.008	2	47	11	11	1	0.343
1	387	0.008	2	124	11	11	1	0.321
1	388	0.009	2	290	11	11	1	0.584
1	389	0.009	2	140	11	11	1	0.510
1	390	0.009	2	404	11	11	1	0.424
1	391	0.009	2	298	11	11	1	0.384
1	392	0.009	2	251	11	11	1	0.358
1	393	0.010	2	29	11	11	1	0.399
1	394	0.010	2	60	11	11	1	0.405
1	395	0.010	2	100	11	11	1	0.429
1	396	0.010	2	547	11	11	1	0.453
1	397	0.010	2	323	11	11	1	0.414
1	398	0.011	2	194	11	11	1	0.422
1	399	0.011	2	183	11	11	1	0.380
1	400	0.011	2	110	11	11	1	0.439
1	401	0.011	2	130	11	11	1	0.365
1	402	0.011	2	23	11	11	1	0.372
1	403	0.011	2	128	11	11	1	0.382
1	404	0.012	2	497	11	11	1	0.387
1	405	0.012	2	297	11	11	1	0.653
1	406	0.012	2	390	11	11	1	0.403
1	407	0.012	2	339	11	11	1	0.284
1	408	0.012	2	57	11	11	1	0.261
1	409	0.013	2	409	11	11	1	0.331
1	410	0.013	2	247	11	11	1	0.324
1	411	0.013	1	170	13	13	1	0.395
1	412	0.013	2	399	11	11	1	0.435
1	413	0.013	2	233	11	11	1	0.268
1	414	0.014	2	408	11	11	1	0.242
1	415	0.014	2	274	11	11	1	0.282
1	416	0.014	2	460	11	11	1	0.337
1	417	0.014	2	375	11	11	1	0.444
1	418	0.001	2	220	11	11	1	0.352
1	419	0.001	2	6	11	11	1	0.310
1	420	0.001	1	375	13	11	0	0.271
1	421	0.002	1	384	13	11	0	0.534
1	422	0.002	2	69	11	11	1	0.557
1	423	0.002	2	126	11	11	1	0.326
1	424	0.002	1	256	13	13	1	0.527
1	425	0.002	2	49	11	11	1	0.549
1	426	0.003	1	46	13	13	1	0.607
1	427	0.003	2	524	11	11	1	0.694
1	428	0.003	2	412	11	11	1	0.638
1	429	0.003	2	505	11	11	1	0.692
1	430	0.003	2	211	11	11	1	0.765
1	431	0.004	2	396	11	11	1	0.805
1	432	0.004	1	406	13	11	0	0.749
1	433	0.004	2	352	11	11	1	0.708
1	434	0.004	2	93	11	11	1	0.507
1	435	0.004	2	259	11	11	1	0.420
1	436	0.005	1	346	13	13	1	0.652
1	437	0.005	2	5	11	NaN	0	NaN
1	438	0.005	2	7	11	11	1	0.013
1	439	0.005	2	86	11	11	1	0.676
1	440	0.005	2	488	11	11	1	0.556
1	441	0.006	2	109	11	NaN	0	NaN
1	442	0.006	1	220	13	11	0	0.124
1	443	0.006	2	374	11	11	1	0.546
1	444	0.006	2	527	11	11	1	0.395
1	445	0.006	1	199	13	13	1	0.547
1	446	0.006	2	359	11	11	1	0.473
1	447	0.007	2	464	11	11	1	0.464
1	448	0.007	2	184	11	11	1	0.408
1	449	0.007	2	149	11	11	1	0.370
1	450	0.007	2	163	11	11	1	0.618
1	451	0.007	2	239	11	11	1	0.434
1	452	0.008	1	306	13	13	1	0.503
1	453	0.008	2	525	11	11	1	0.383
1	454	0.008	2	492	11	11	1	0.441
1	455	0.008	2	317	11	11	1	0.337
1	456	0.008	2	401	11	11	1	0.551
1	457	0.009	2	430	11	11	1	0.592
1	458	0.009	2	340	11	11	1	0.601
1	459	0.009	2	463	11	11	1	0.592
1	460	0.009	2	217	11	11	1	0.552
1	461	0.009	2	402	11	11	1	0.655
1	462	0.010	2	424	11	11	1	0.552
1	463	0.010	2	155	11	11	1	0.703
1	464	0.010	2	336	11	11	1	0.677
1	465	0.010	2	78	11	11	1	0.559
1	466	0.010	2	459	11	11	1	0.597
1	467	0.011	2	44	11	11	1	0.590
1	468	0.011	2	59	11	11	1	0.629
1	469	0.011	2	174	11	11	1	0.606
1	470	0.011	1	317	13	13	1	0.565
1	471	0.011	2	131	11	11	1	0.461
1	472	0.012	2	53	11	11	1	0.388
1	473	0.012	2	91	11	11	1	0.300
1	474	0.012	2	117	11	11	1	0.260
1	475	0.012	2	394	11	11	1	0.284
1	476	0.012	2	106	11	11	1	0.291
1	477	0.012	2	381	11	11	1	0.284
1	478	0.013	2	483	11	11	1	0.356
1	479	0.013	2	526	11	11	1	0.364
1	480	0.013	2	209	11	11	1	0.452
1	481	0.013	2	286	11	11	1	0.427
1	482	0.013	2	268	11	11	1	0.500
1	483	0.014	2	377	11	11	1	0.427
1	484	0.014	2	470	11	11	1	0.401
1	485	0.014	2	417	11	11	1	0.377
1	486	0.014	2	479	11	11	1	0.435
1	487	0.001	2	327	11	11	1	0.424
1	488	0.001	2	343	11	11	1	0.382
1	489	0.001	2	283	11	11	1	0.325
1	490	0.002	2	230	11	11	1	0.319
1	491	0.002	2	518	11	11	1	0.408
1	492	0.002	2	116	11	11	1	0.333
1	493	0.002	2	332	11	11	1	0.278
1	494	0.002	2	358	11	NaN	0	NaN
1	495	0.007	1	224	13	13	1	0.704
1	496	0.007	1	222	13	13	1	0.681
1	497	0.011	2	380	11	11	1	0.813
1	498	0.010	2	423	11	11	1	0.743
1	499	0.009	2	152	11	11	1	0.591
1	500	0.008	2	244	11	11	1	0.521

*********************************************
* Sustained Attention and Recognition Memory Experiment - Memory Test v.1.0
* Date/Time: 03-Feb-2015 15:17:31
* Seed: 206988.7669
* Subject Number: 68
* Subject Name: SG
* Run Number: 1
* debug: 0
*********************************************

1	1	1	4	435	30	1	2.873
1	2	2	3	347	31	1	2.104
1	3	1	4	226	30	1	2.926
1	4	1	2	532	31	0	2.020
1	5	2	3	102	31	1	3.276
1	6	1	2	124	33	1	1.184
1	7	2	3	295	32	0	1.898
1	8	1	4	54	31	1	1.737
1	9	2	3	242	32	0	1.329
1	10	1	2	126	33	1	1.860
1	11	1	2	534	31	0	1.744
1	12	2	3	421	32	0	1.821
1	13	2	1	409	32	1	1.725
1	14	2	1	538	32	1	2.786
1	15	1	4	212	30	1	2.087
1	16	2	1	215	32	1	1.504
1	17	2	3	437	30	1	3.984
1	18	1	2	331	31	0	2.601
1	19	1	4	305	30	1	2.589
1	20	2	3	157	32	0	1.649
1	21	2	3	55	32	0	1.329
1	22	2	1	37	32	1	2.588
1	23	1	4	403	30	1	2.257
1	24	2	1	131	33	1	2.740
1	25	1	4	325	30	1	3.501
1	26	2	1	186	32	1	1.294
1	27	2	1	210	32	1	0.968
1	28	2	1	254	33	1	2.356
1	29	1	2	291	32	1	1.672
1	30	2	3	512	30	1	3.319
1	31	1	4	267	31	1	1.700
1	32	2	3	32	31	1	2.730
1	33	1	2	147	32	1	2.584
1	34	2	3	355	31	1	2.971
1	35	1	2	199	33	1	0.881
1	36	2	1	262	33	1	2.262
1	37	1	4	452	30	1	1.438
1	38	2	1	72	33	1	1.054
1	39	2	1	415	32	1	1.798
1	40	1	2	379	33	1	2.737
1	41	2	1	383	33	1	0.978
1	42	1	4	411	30	1	2.214
1	43	1	4	378	31	1	2.164
1	44	2	3	267	32	0	2.030
1	45	1	2	339	33	1	0.850
1	46	1	4	28	31	1	1.584
1	47	1	2	312	32	1	2.357
1	48	1	4	38	30	1	1.678
1	49	2	1	64	31	0	1.666
1	50	2	1	146	33	1	0.902
1	51	2	3	315	32	0	1.491
1	52	2	3	255	32	0	1.830
1	53	1	4	251	30	1	1.463
1	54	2	3	115	31	1	3.312
1	55	2	1	550	31	0	2.702
1	56	2	1	312	33	1	1.885
1	57	2	1	284	32	1	3.099
1	58	2	3	476	33	0	1.415
1	59	1	4	282	30	1	1.366
1	60	2	3	531	33	0	2.791
1	61	2	1	371	32	1	1.656
1	62	1	2	352	33	1	1.271
1	63	1	2	375	31	0	1.774
1	64	1	2	55	33	1	0.791
1	65	1	4	408	32	0	1.944
1	66	1	2	412	33	1	2.322
1	67	1	2	348	33	1	0.992
1	68	2	3	522	33	0	0.941
1	69	2	1	311	31	0	1.368
1	70	2	1	308	31	0	4.817
1	71	1	2	179	31	0	1.435
1	72	1	4	496	31	1	2.109
1	73	2	3	546	30	1	2.005
1	74	2	1	57	33	1	0.841
1	75	1	2	46	33	1	1.140
1	76	1	2	101	32	1	1.215
1	77	1	4	189	30	1	2.326
1	78	2	1	203	32	1	1.357
1	79	1	4	391	30	1	2.957
1	80	1	2	422	31	0	1.868
1	81	2	1	252	32	1	1.442
1	82	2	1	78	33	1	0.741
1	83	1	4	187	31	1	2.095
1	84	2	1	105	33	1	1.138
1	85	2	3	532	33	0	0.726
1	86	2	1	448	32	1	1.127
1	87	1	2	3	33	1	0.915
1	88	1	4	418	31	1	1.775
1	89	2	3	292	32	0	3.155
1	90	1	4	13	32	0	1.830
1	91	2	3	108	31	1	2.926
1	92	1	4	409	30	1	2.260
1	93	2	3	507	32	0	1.222
1	94	1	2	232	31	0	2.717
1	95	1	4	356	31	1	1.299
1	96	2	3	75	32	0	1.023
1	97	1	4	413	30	1	2.066
1	98	2	1	50	33	1	1.959
1	99	2	1	106	30	0	1.361
1	100	1	2	384	31	0	1.973
1	101	1	4	374	30	1	1.233
1	102	2	3	373	32	0	1.535
1	103	1	2	33	32	1	4.889
1	104	1	4	417	30	1	2.367
1	105	2	3	549	31	1	6.542
1	106	1	4	449	31	1	2.145
1	107	2	1	288	33	1	1.436
1	108	1	2	430	33	1	0.789
1	109	1	2	370	33	1	0.984
1	110	1	2	317	33	1	0.707
1	111	2	3	511	31	1	2.599
1	112	2	1	85	33	1	1.078
1	113	2	3	41	31	1	1.859
1	114	2	1	281	32	1	2.549
1	115	2	1	289	31	0	3.294
1	116	2	1	235	32	1	1.216
1	117	2	3	214	31	1	2.789
1	118	2	1	328	32	1	1.069
1	119	2	3	449	31	1	1.498
1	120	2	1	273	31	0	1.356
1	121	2	1	518	30	0	2.623
1	122	1	4	415	30	1	1.592
1	123	2	1	381	30	0	1.268
1	124	1	2	482	31	0	1.606
1	125	1	4	263	30	1	1.678
1	126	2	1	444	31	0	1.797
1	127	1	2	220	32	1	1.766
1	128	2	3	9	32	0	2.504
1	129	1	4	104	30	1	1.830
1	130	1	4	209	30	1	1.025
1	131	1	2	453	32	1	2.964
1	132	2	3	8	30	1	2.072
1	133	2	3	426	30	1	1.021
1	134	1	2	392	33	1	1.171
1	135	2	3	266	32	0	1.366
1	136	2	3	66	30	1	1.347
1	137	1	4	138	30	1	1.781
1	138	2	1	291	32	1	1.666
1	139	2	3	369	30	1	1.233
1	140	1	4	259	30	1	1.033
1	141	2	1	395	31	0	3.344
1	142	2	1	353	33	1	1.191
1	143	1	2	131	30	0	1.422
1	144	2	3	137	33	0	1.377
1	145	1	2	406	30	0	1.168
1	146	1	2	281	33	1	0.764
1	147	2	3	335	31	1	1.659
1	148	1	2	256	30	0	1.197
1	149	2	1	169	33	1	1.922
1	150	2	3	238	33	0	1.671
1	151	1	2	172	33	1	0.989
1	152	2	3	56	31	1	1.432
1	153	1	2	480	33	1	0.685
1	154	1	4	380	30	1	2.879
1	155	1	4	31	30	1	2.772
1	156	2	1	95	32	1	1.118
1	157	2	3	370	32	0	1.734
1	158	1	2	170	32	1	1.342
1	159	1	4	63	31	1	4.319
1	160	1	4	191	30	1	2.206
1	161	2	1	268	33	1	1.592
1	162	2	3	486	32	0	1.472
1	163	2	3	500	32	0	1.472
1	164	1	4	503	30	1	1.488
1	165	1	4	140	30	1	0.918
1	166	1	4	221	31	1	1.813
1	167	1	2	306	33	1	1.045
1	168	1	2	283	33	1	0.893
1	169	1	4	358	30	1	1.301
1	170	2	1	187	30	0	0.998
1	171	2	3	388	31	1	2.437
1	172	1	4	95	30	1	3.541
1	173	2	3	545	30	1	1.375
1	174	1	2	93	33	1	1.013
1	175	1	2	310	30	0	1.078
1	176	1	2	272	33	1	0.835
1	177	2	1	86	31	0	8.487
1	178	1	4	64	30	1	1.342
1	179	1	2	36	33	1	1.189
1	180	2	3	515	31	1	2.008
1	181	1	4	427	30	1	2.912
1	182	2	1	5	33	1	0.907
1	183	2	3	365	33	0	2.070
1	184	1	4	433	30	1	1.144
1	185	1	4	211	31	1	3.365
1	186	1	2	222	33	1	0.813
1	187	1	2	346	31	0	1.569
1	188	1	2	224	33	1	0.725
1	189	1	4	309	31	1	2.575
1	190	2	1	416	32	1	1.207
1	191	2	3	475	33	0	3.669
1	192	2	1	477	33	1	1.125
1	193	1	4	234	30	1	1.088
1	194	1	2	9	31	0	3.904
1	195	2	3	442	31	1	1.729
1	196	2	1	491	30	0	2.788
1	197	1	2	67	30	0	1.198
1	198	1	2	426	33	1	2.352
1	199	1	4	197	30	1	1.108
1	200	2	3	3	32	0	3.239
