
*********************************************
* Sustained Attention and Recognition Memory Experiment - Sustained Attention Task v.1.0
* Date/Time: 30-Dec-2014 13:15:04
* Seed: 212425.5589
* Subject Number: 53
* Subject Name: DI
* Run Number: 1
* debug: 0
*********************************************

run	trl	tdf	sct	simg	crsp	rsp	acc	rt
1	1	0.003	1	246	11	11	1	0.733
1	2	0.003	1	98	11	11	1	0.652
1	3	0.003	1	91	11	11	1	0.876
1	4	0.004	1	29	11	11	1	0.699
1	5	0.004	2	538	13	13	1	0.684
1	6	0.004	1	233	11	11	1	0.716
1	7	0.004	2	277	13	13	1	0.667
1	8	0.004	1	376	11	11	1	0.682
1	9	0.005	1	247	11	11	1	0.619
1	10	0.005	1	354	11	11	1	0.635
1	11	0.005	2	391	13	13	1	0.642
1	12	0.005	1	58	11	11	1	0.762
1	13	0.006	1	274	11	11	1	0.818
1	14	0.006	1	468	11	11	1	0.722
1	15	0.006	2	521	13	13	1	0.602
1	16	0.006	1	65	11	11	1	0.602
1	17	0.006	2	198	13	13	1	0.514
1	18	0.007	1	10	11	NaN	0	NaN
1	19	0.007	1	261	11	11	1	0.736
1	20	0.007	1	297	11	11	1	0.776
1	21	0.007	2	411	13	13	1	0.665
1	22	0.007	1	39	11	11	1	0.656
1	23	0.007	1	167	11	11	1	0.744
1	24	0.008	1	51	11	11	1	0.688
1	25	0.008	1	433	11	11	1	0.528
1	26	0.008	1	277	11	11	1	0.735
1	27	0.008	1	403	11	11	1	0.584
1	28	0.008	1	386	11	11	1	0.639
1	29	0.009	1	240	11	11	1	0.591
1	30	0.009	2	116	13	NaN	0	NaN
1	31	0.009	1	181	11	13	0	0.119
1	32	0.009	1	207	11	11	1	0.607
1	33	0.009	1	44	11	11	1	0.550
1	34	0.010	1	198	11	11	1	0.517
1	35	0.010	1	436	11	NaN	0	NaN
1	36	0.010	1	216	11	11	1	0.733
1	37	0.010	1	75	11	11	1	0.733
1	38	0.010	1	175	11	11	1	0.629
1	39	0.010	1	238	11	11	1	0.572
1	40	0.011	2	243	13	13	1	0.668
1	41	0.011	1	330	11	11	1	0.709
1	42	0.011	1	535	11	11	1	0.636
1	43	0.011	1	230	11	11	1	0.509
1	44	0.012	1	431	11	11	1	0.580
1	45	0.012	1	291	11	11	1	0.628
1	46	0.012	1	367	11	11	1	0.588
1	47	0.012	1	17	11	11	1	0.498
1	48	0.012	1	194	11	11	1	0.539
1	49	0.012	1	8	11	11	1	0.546
1	50	0.013	1	94	11	11	1	0.523
1	51	0.013	1	514	11	11	1	0.514
1	52	0.013	1	77	11	11	1	0.490
1	53	0.013	1	1	11	11	1	0.507
1	54	0.013	1	418	11	11	1	0.451
1	55	0.014	2	52	13	NaN	0	NaN
1	56	0.014	1	208	11	11	1	0.770
1	57	0.014	1	377	11	11	1	0.666
1	58	0.001	1	89	11	11	1	0.679
1	59	0.001	1	264	11	11	1	0.694
1	60	0.001	1	515	11	11	1	0.599
1	61	0.001	1	4	11	11	1	0.566
1	62	0.001	1	451	11	11	1	0.502
1	63	0.002	1	319	11	11	1	0.517
1	64	0.002	1	28	11	11	1	0.509
1	65	0.002	1	145	11	11	1	0.454
1	66	0.002	1	49	11	11	1	0.460
1	67	0.002	1	117	11	11	1	0.469
1	68	0.003	1	302	11	11	1	0.516
1	69	0.003	1	122	11	11	1	0.532
1	70	0.003	1	308	11	11	1	0.740
1	71	0.003	2	317	13	13	1	0.836
1	72	0.004	1	85	11	11	1	0.563
1	73	0.004	1	285	11	11	1	0.603
1	74	0.004	1	547	11	11	1	0.515
1	75	0.004	1	549	11	11	1	0.475
1	76	0.004	1	70	11	11	1	0.483
1	77	0.004	1	172	11	11	1	0.483
1	78	0.005	1	539	11	11	1	0.450
1	79	0.005	1	425	11	11	1	0.419
1	80	0.005	1	128	11	11	1	0.417
1	81	0.005	1	485	11	11	1	0.417
1	82	0.005	1	37	11	11	1	0.450
1	83	0.006	2	231	13	13	1	0.729
1	84	0.006	1	328	11	11	1	0.561
1	85	0.006	1	201	11	11	1	0.649
1	86	0.006	1	309	11	11	1	0.601
1	87	0.007	1	114	11	11	1	0.576
1	88	0.007	1	148	11	11	1	0.577
1	89	0.007	1	115	11	11	1	0.520
1	90	0.007	1	293	11	11	1	0.527
1	91	0.007	1	393	11	11	1	0.505
1	92	0.007	1	160	11	11	1	0.416
1	93	0.008	2	238	13	13	1	0.655
1	94	0.008	1	422	11	11	1	0.536
1	95	0.008	1	458	11	11	1	0.431
1	96	0.008	1	192	11	11	1	0.424
1	97	0.008	1	176	11	11	1	0.463
1	98	0.008	1	5	11	11	1	0.575
1	99	0.009	1	102	11	11	1	0.583
1	100	0.009	2	270	13	13	1	0.726
1	101	0.009	1	202	11	11	1	0.591
1	102	0.009	1	345	11	11	1	0.734
1	103	0.009	1	294	11	11	1	0.621
1	104	0.010	1	387	11	11	1	0.566
1	105	0.010	1	130	11	11	1	0.533
1	106	0.010	1	541	11	11	1	0.533
1	107	0.010	1	203	11	11	1	0.565
1	108	0.010	1	146	11	11	1	0.549
1	109	0.011	1	397	11	11	1	0.653
1	110	0.011	1	461	11	11	1	0.540
1	111	0.011	1	476	11	11	1	0.596
1	112	0.011	1	168	11	11	1	0.637
1	113	0.011	1	465	11	11	1	0.652
1	114	0.012	1	398	11	11	1	0.708
1	115	0.012	1	57	11	11	1	0.643
1	116	0.012	1	118	11	11	1	0.556
1	117	0.012	1	197	11	11	1	0.619
1	118	0.012	1	74	11	11	1	0.643
1	119	0.013	1	480	11	11	1	0.666
1	120	0.013	1	200	11	11	1	0.587
1	121	0.013	1	159	11	11	1	0.562
1	122	0.013	1	411	11	11	1	0.562
1	123	0.013	1	523	11	11	1	0.673
1	124	0.014	1	442	11	11	1	0.649
1	125	0.014	1	87	11	11	1	0.657
1	126	0.014	1	391	11	11	1	0.610
1	127	0.001	1	53	11	11	1	0.639
1	128	0.001	1	473	11	11	1	0.686
1	129	0.001	2	433	13	NaN	0	NaN
1	130	0.001	1	271	11	11	1	0.758
1	131	0.001	1	19	11	11	1	0.766
1	132	0.002	1	445	11	11	1	0.654
1	133	0.002	1	375	11	11	1	0.590
1	134	0.002	1	404	11	11	1	0.534
1	135	0.002	1	464	11	11	1	0.677
1	136	0.003	1	188	11	11	1	0.548
1	137	0.003	1	43	11	11	1	0.605
1	138	0.003	1	519	11	11	1	0.540
1	139	0.003	1	343	11	11	1	0.684
1	140	0.003	1	417	11	11	1	0.547
1	141	0.003	1	137	11	11	1	0.531
1	142	0.004	1	206	11	11	1	0.516
1	143	0.004	1	211	11	11	1	0.484
1	144	0.004	1	434	11	11	1	0.523
1	145	0.004	1	526	11	11	1	0.500
1	146	0.004	1	222	11	11	1	0.458
1	147	0.005	1	100	11	11	1	0.410
1	148	0.005	1	242	11	11	1	0.346
1	149	0.005	1	318	11	11	1	0.426
1	150	0.005	1	303	11	11	1	0.402
1	151	0.006	2	201	13	13	1	0.633
1	152	0.006	1	333	11	11	1	0.506
1	153	0.006	2	192	13	13	1	0.801
1	154	0.006	2	147	13	13	1	0.713
1	155	0.006	1	517	11	11	1	0.642
1	156	0.006	2	196	13	13	1	0.857
1	157	0.007	1	454	11	11	1	0.601
1	158	0.007	1	34	11	11	1	0.592
1	159	0.007	1	180	11	11	1	0.528
1	160	0.007	1	69	11	11	1	0.503
1	161	0.007	1	265	11	11	1	0.552
1	162	0.008	1	245	11	11	1	0.736
1	163	0.008	1	380	11	11	1	0.519
1	164	0.008	1	452	11	11	1	0.496
1	165	0.008	1	446	11	11	1	0.423
1	166	0.008	1	428	11	11	1	0.390
1	167	0.008	1	427	11	11	1	0.382
1	168	0.009	1	472	11	11	1	0.407
1	169	0.009	1	349	11	11	1	0.367
1	170	0.009	1	475	11	11	1	0.334
1	171	0.009	1	38	11	11	1	0.334
1	172	0.010	2	30	13	13	1	0.653
1	173	0.010	1	390	11	11	1	0.493
1	174	0.010	1	105	11	11	1	0.421
1	175	0.010	1	490	11	11	1	0.461
1	176	0.010	1	27	11	11	1	0.645
1	177	0.011	1	289	11	11	1	0.484
1	178	0.011	1	12	11	11	1	0.404
1	179	0.011	1	25	11	11	1	0.557
1	180	0.011	1	298	11	11	1	0.501
1	181	0.011	2	141	13	13	1	0.660
1	182	0.011	1	287	11	11	1	0.507
1	183	0.012	1	304	11	11	1	0.484
1	184	0.012	1	190	11	11	1	0.459
1	185	0.012	1	466	11	11	1	0.452
1	186	0.012	1	16	11	11	1	0.387
1	187	0.012	1	284	11	11	1	0.459
1	188	0.013	1	120	11	11	1	0.483
1	189	0.013	1	154	11	11	1	0.458
1	190	0.013	2	205	13	13	1	0.682
1	191	0.013	1	478	11	11	1	0.482
1	192	0.013	1	439	11	11	1	0.538
1	193	0.014	1	288	11	11	1	0.410
1	194	0.014	1	249	11	11	1	0.465
1	195	0.014	1	191	11	11	1	0.577
1	196	0.014	1	73	11	11	1	0.569
1	197	0.001	1	129	11	11	1	0.478
1	198	0.001	1	31	11	11	1	0.438
1	199	0.001	1	42	11	11	1	0.374
1	200	0.002	1	357	11	11	1	0.358
1	201	0.002	1	50	11	11	1	0.389
1	202	0.002	1	220	11	11	1	0.381
1	203	0.002	1	493	11	11	1	0.566
1	204	0.002	1	368	11	11	1	0.533
1	205	0.003	1	250	11	11	1	0.517
1	206	0.003	1	253	11	11	1	0.461
1	207	0.003	1	162	11	11	1	0.403
1	208	0.003	2	465	13	13	1	0.725
1	209	0.003	1	67	11	11	1	0.459
1	210	0.003	1	132	11	11	1	0.452
1	211	0.004	1	142	11	11	1	0.443
1	212	0.004	2	70	13	13	1	0.643
1	213	0.004	1	84	11	11	1	0.531
1	214	0.004	1	511	11	11	1	0.524
1	215	0.005	2	36	13	13	1	0.611
1	216	0.005	1	23	11	11	1	0.450
1	217	0.005	1	359	11	11	1	0.547
1	218	0.005	1	187	11	11	1	0.466
1	219	0.005	1	548	11	11	1	0.434
1	220	0.005	1	346	11	11	1	0.474
1	221	0.006	1	119	11	11	1	0.441
1	222	0.006	2	519	13	13	1	0.577
1	223	0.006	2	397	13	13	1	0.546
1	224	0.006	1	3	11	11	1	0.449
1	225	0.007	2	537	13	13	1	0.777
1	226	0.007	1	164	11	11	1	0.568
1	227	0.007	1	177	11	11	1	0.585
1	228	0.007	1	538	11	11	1	0.561
1	229	0.007	1	383	11	11	1	0.568
1	230	0.007	1	405	11	11	1	0.575
1	231	0.008	2	417	13	13	1	0.712
1	232	0.008	1	414	11	11	1	0.535
1	233	0.008	1	378	11	11	1	0.495
1	234	0.008	2	517	13	11	0	0.446
1	235	0.008	1	93	11	11	1	0.615
1	236	0.009	1	32	11	11	1	0.646
1	237	0.009	1	509	11	11	1	0.550
1	238	0.009	1	457	11	11	1	0.557
1	239	0.009	1	314	11	11	1	0.694
1	240	0.009	2	375	13	13	1	0.766
1	241	0.009	1	347	11	11	1	0.558
1	242	0.010	1	33	11	11	1	0.485
1	243	0.010	1	20	11	11	1	0.469
1	244	0.010	1	326	11	11	1	0.413
1	245	0.010	1	55	11	11	1	0.413
1	246	0.010	1	324	11	11	1	0.477
1	247	0.011	1	149	11	11	1	0.421
1	248	0.011	1	520	11	11	1	0.437
1	249	0.011	1	508	11	11	1	0.388
1	250	0.011	1	88	11	11	1	0.420
1	251	0.012	1	116	11	11	1	0.396
1	252	0.012	1	399	11	11	1	0.428
1	253	0.012	1	72	11	11	1	0.644
1	254	0.012	1	103	11	11	1	0.699
1	255	0.012	1	456	11	11	1	0.595
1	256	0.012	1	496	11	11	1	0.627
1	257	0.013	1	530	11	11	1	0.579
1	258	0.013	1	482	11	11	1	0.642
1	259	0.013	1	504	11	11	1	0.523
1	260	0.013	1	231	11	11	1	0.458
1	261	0.013	1	275	11	11	1	0.451
1	262	0.014	1	344	11	11	1	0.513
1	263	0.014	1	92	11	11	1	0.481
1	264	0.014	1	447	11	11	1	0.425
1	265	0.001	1	286	11	11	1	0.391
1	266	0.001	1	381	11	11	1	0.398
1	267	0.001	1	278	11	11	1	0.430
1	268	0.002	1	106	11	11	1	0.469
1	269	0.002	2	171	13	13	1	0.614
1	270	0.002	1	210	11	11	1	0.494
1	271	0.002	1	502	11	11	1	0.493
1	272	0.002	1	545	11	11	1	0.501
1	273	0.002	1	361	11	11	1	0.517
1	274	0.003	1	507	11	11	1	0.493
1	275	0.003	1	276	11	11	1	0.436
1	276	0.003	1	305	11	11	1	0.420
1	277	0.003	1	506	11	11	1	0.460
1	278	0.003	1	229	11	11	1	0.444
1	279	0.003	1	41	11	11	1	0.380
1	280	0.004	1	327	11	11	1	0.419
1	281	0.004	1	256	11	11	1	0.507
1	282	0.004	2	294	13	13	1	0.690
1	283	0.004	1	365	11	11	1	0.475
1	284	0.004	1	481	11	11	1	0.434
1	285	0.005	1	54	11	11	1	0.451
1	286	0.005	1	424	11	11	1	0.410
1	287	0.005	1	471	11	11	1	0.410
1	288	0.005	1	358	11	11	1	0.385
1	289	0.006	1	416	11	11	1	0.353
1	290	0.006	2	464	13	13	1	0.545
1	291	0.006	1	21	11	11	1	0.466
1	292	0.006	1	263	11	11	1	0.441
1	293	0.006	1	317	11	11	1	0.417
1	294	0.006	1	462	11	11	1	0.537
1	295	0.007	1	532	11	11	1	0.441
1	296	0.007	1	550	11	11	1	0.360
1	297	0.007	1	501	11	11	1	0.328
1	298	0.007	1	163	11	11	1	0.344
1	299	0.008	1	136	11	11	1	0.336
1	300	0.008	1	124	11	11	1	0.279
1	301	0.008	1	258	11	11	1	0.335
1	302	0.008	1	170	11	11	1	0.351
1	303	0.008	1	223	11	11	1	0.383
1	304	0.008	1	430	11	11	1	0.390
1	305	0.009	1	13	11	11	1	0.286
1	306	0.009	1	409	11	11	1	0.334
1	307	0.009	1	336	11	11	1	0.374
1	308	0.009	1	340	11	11	1	0.366
1	309	0.009	1	204	11	11	1	0.373
1	310	0.010	1	279	11	11	1	0.406
1	311	0.010	1	83	11	11	1	0.405
1	312	0.010	1	392	11	11	1	0.325
1	313	0.010	1	364	11	11	1	0.365
1	314	0.010	1	283	11	11	1	0.406
1	315	0.011	1	489	11	11	1	0.413
1	316	0.011	1	444	11	11	1	0.429
1	317	0.011	1	68	11	11	1	0.476
1	318	0.011	1	385	11	11	1	0.428
1	319	0.011	1	351	11	11	1	0.443
1	320	0.012	1	244	11	11	1	0.516
1	321	0.012	1	30	11	11	1	0.523
1	322	0.012	1	299	11	11	1	0.531
1	323	0.012	1	82	11	11	1	0.540
1	324	0.012	1	135	11	11	1	0.499
1	325	0.013	1	217	11	11	1	0.450
1	326	0.013	1	165	11	11	1	0.466
1	327	0.013	1	443	11	11	1	0.394
1	328	0.013	1	415	11	11	1	0.330
1	329	0.013	1	133	11	11	1	0.338
1	330	0.014	2	194	13	13	1	0.593
1	331	0.014	2	496	13	13	1	0.634
1	332	0.014	1	296	11	11	1	0.529
1	333	0.014	1	300	11	11	1	0.505
1	334	0.001	1	512	11	11	1	0.478
1	335	0.001	1	494	11	11	1	0.510
1	336	0.001	1	455	11	11	1	0.405
1	337	0.002	1	134	11	11	1	0.422
1	338	0.002	2	281	13	13	1	0.637
1	339	0.002	1	78	11	11	1	0.493
1	340	0.002	1	64	11	11	1	0.469
1	341	0.002	1	295	11	11	1	0.429
1	342	0.002	1	379	11	11	1	0.589
1	343	0.003	1	322	11	11	1	0.492
1	344	0.003	1	389	11	11	1	0.420
1	345	0.003	1	209	11	11	1	0.461
1	346	0.003	1	513	11	11	1	0.381
1	347	0.003	1	185	11	11	1	0.388
1	348	0.004	1	90	11	11	1	0.388
1	349	0.004	1	342	11	11	1	0.339
1	350	0.004	1	410	11	11	1	0.379
1	351	0.004	1	477	11	11	1	0.339
1	352	0.004	1	505	11	11	1	0.252
1	353	0.005	1	341	11	11	1	0.251
1	354	0.005	1	348	11	11	1	0.242
1	355	0.005	1	396	11	11	1	0.154
1	356	0.005	1	419	11	11	1	0.211
1	357	0.005	1	356	11	11	1	0.202
1	358	0.005	2	69	13	11	0	0.250
1	359	0.006	2	458	13	13	1	0.665
1	360	0.006	1	395	11	11	1	0.562
1	361	0.006	1	272	11	11	1	0.584
1	362	0.006	1	382	11	11	1	0.577
1	363	0.007	1	543	11	11	1	0.537
1	364	0.007	1	312	11	11	1	0.536
1	365	0.007	1	186	11	11	1	0.576
1	366	0.007	1	315	11	11	1	0.601
1	367	0.007	1	282	11	11	1	0.608
1	368	0.008	1	524	11	11	1	0.624
1	369	0.008	1	147	11	11	1	0.584
1	370	0.008	1	360	11	11	1	0.584
1	371	0.008	1	18	11	11	1	0.526
1	372	0.008	1	226	11	11	1	0.479
1	373	0.008	1	268	11	11	1	0.502
1	374	0.009	1	440	11	11	1	0.583
1	375	0.009	1	219	11	11	1	0.566
1	376	0.009	1	80	11	11	1	0.542
1	377	0.009	1	460	11	11	1	0.590
1	378	0.009	1	329	11	11	1	0.566
1	379	0.009	1	125	11	11	1	0.510
1	380	0.010	1	183	11	11	1	0.534
1	381	0.010	1	384	11	11	1	0.550
1	382	0.010	1	218	11	11	1	0.541
1	383	0.010	1	438	11	11	1	0.557
1	384	0.011	1	9	11	11	1	0.580
1	385	0.011	1	453	11	11	1	0.572
1	386	0.011	1	374	11	11	1	0.485
1	387	0.011	1	531	11	11	1	0.611
1	388	0.011	1	413	11	11	1	0.604
1	389	0.011	1	52	11	11	1	0.573
1	390	0.012	1	337	11	11	1	0.523
1	391	0.012	1	371	11	11	1	0.547
1	392	0.012	1	353	11	11	1	0.475
1	393	0.012	1	35	11	11	1	0.435
1	394	0.012	1	362	11	11	1	0.435
1	395	0.013	1	321	11	11	1	0.442
1	396	0.013	1	131	11	11	1	0.474
1	397	0.013	1	437	11	11	1	0.441
1	398	0.013	1	311	11	11	1	0.402
1	399	0.013	1	363	11	11	1	0.379
1	400	0.014	1	500	11	11	1	0.529
1	401	0.014	2	473	13	13	1	0.649
1	402	0.014	1	199	11	11	1	0.440
1	403	0.001	1	533	11	11	1	0.399
1	404	0.001	1	470	11	11	1	0.567
1	405	0.001	1	2	11	11	1	0.495
1	406	0.002	1	225	11	11	1	0.438
1	407	0.002	1	26	11	11	1	0.390
1	408	0.002	1	48	11	11	1	0.325
1	409	0.002	1	15	11	11	1	0.380
1	410	0.002	1	109	11	11	1	0.381
1	411	0.002	1	104	11	11	1	0.365
1	412	0.003	1	448	11	11	1	0.349
1	413	0.003	1	491	11	11	1	0.340
1	414	0.003	1	140	11	11	1	0.388
1	415	0.003	1	255	11	11	1	0.532
1	416	0.003	1	144	11	11	1	0.427
1	417	0.004	1	400	11	11	1	0.355
1	418	0.004	1	174	11	11	1	0.411
1	419	0.004	1	406	11	11	1	0.395
1	420	0.004	1	76	11	11	1	0.412
1	421	0.004	1	267	11	11	1	0.523
1	422	0.004	1	423	11	11	1	0.459
1	423	0.005	1	450	11	11	1	0.402
1	424	0.005	1	107	11	11	1	0.387
1	425	0.005	1	467	11	11	1	0.330
1	426	0.005	1	331	11	11	1	0.298
1	427	0.005	1	86	11	11	1	0.321
1	428	0.006	1	36	11	11	1	0.281
1	429	0.006	1	350	11	11	1	0.330
1	430	0.006	2	4	13	11	0	0.426
1	431	0.006	1	252	11	11	1	0.489
1	432	0.006	1	155	11	11	1	0.544
1	433	0.007	1	97	11	11	1	0.600
1	434	0.007	2	5	13	13	1	0.705
1	435	0.007	2	508	13	13	1	0.617
1	436	0.007	2	438	13	13	1	0.656
1	437	0.007	1	306	11	11	1	0.536
1	438	0.008	1	339	11	11	1	0.527
1	439	0.008	1	325	11	11	1	0.528
1	440	0.008	1	241	11	11	1	0.558
1	441	0.008	2	51	13	13	1	0.711
1	442	0.008	1	157	11	11	1	0.559
1	443	0.009	1	499	11	11	1	0.527
1	444	0.009	1	111	11	11	1	0.526
1	445	0.009	1	498	11	11	1	0.518
1	446	0.009	1	522	11	11	1	0.542
1	447	0.009	1	156	11	11	1	0.533
1	448	0.009	1	313	11	11	1	0.702
1	449	0.010	1	372	11	11	1	0.589
1	450	0.010	1	182	11	11	1	0.525
1	451	0.010	1	150	11	11	1	0.445
1	452	0.010	1	189	11	11	1	0.453
1	453	0.011	1	352	11	11	1	0.396
1	454	0.011	1	320	11	11	1	0.340
1	455	0.011	1	227	11	11	1	0.341
1	456	0.011	2	396	13	11	0	0.349
1	457	0.011	1	528	11	11	1	0.547
1	458	0.011	1	503	11	11	1	0.499
1	459	0.012	1	441	11	11	1	0.507
1	460	0.012	1	537	11	11	1	0.491
1	461	0.012	2	467	13	13	1	0.588
1	462	0.012	2	298	13	13	1	0.548
1	463	0.012	1	47	11	11	1	0.476
1	464	0.013	1	521	11	11	1	0.443
1	465	0.013	1	388	11	11	1	0.442
1	466	0.013	2	316	13	13	1	0.505
1	467	0.013	1	234	11	11	1	0.483
1	468	0.013	1	479	11	11	1	0.473
1	469	0.014	1	95	11	11	1	0.418
1	470	0.014	1	369	11	11	1	0.409
1	471	0.014	2	191	13	13	1	0.593
1	472	0.001	1	236	11	11	1	0.494
1	473	0.001	1	484	11	11	1	0.566
1	474	0.001	1	407	11	11	1	0.526
1	475	0.002	1	110	11	11	1	0.494
1	476	0.002	1	14	11	11	1	0.477
1	477	0.002	1	402	11	11	1	0.454
1	478	0.002	2	35	13	13	1	0.582
1	479	0.002	1	239	11	11	1	0.478
1	480	0.003	1	61	11	11	1	0.461
1	481	0.003	1	193	11	11	1	0.381
1	482	0.003	1	429	11	11	1	0.492
1	483	0.003	1	332	11	11	1	0.460
1	484	0.003	1	408	11	11	1	0.444
1	485	0.003	1	280	11	11	1	0.491
1	486	0.003	1	270	11	11	1	0.476
1	487	0.004	1	516	11	11	1	0.459
1	488	0.004	1	196	11	11	1	0.476
1	489	0.004	1	251	11	11	1	0.450
1	490	0.004	1	492	11	11	1	0.403
1	491	0.004	1	266	11	11	1	0.420
1	492	0.005	1	101	11	11	1	0.458
1	493	0.005	1	141	11	11	1	0.386
1	494	0.005	1	254	11	11	1	0.426
1	495	0.005	1	542	11	11	1	0.449
1	496	0.006	1	212	11	11	1	0.441
1	497	0.006	1	22	11	11	1	0.361
1	498	0.006	1	7	11	11	1	0.425
1	499	0.006	1	426	11	11	1	0.385
1	500	0.006	1	373	11	11	1	0.394

*********************************************
* Sustained Attention and Recognition Memory Experiment - Memory Test v.1.0
* Date/Time: 30-Dec-2014 13:27:33
* Seed: 210296.067
* Subject Number: 53
* Subject Name: DI
* Run Number: 1
* debug: 0
*********************************************

1	1	2	2	317	33	1	4.409
1	2	2	2	116	30	0	3.182
1	3	1	3	166	32	0	2.411
1	4	1	3	421	32	0	2.443
1	5	2	4	55	30	1	1.535
1	6	2	4	89	30	1	1.155
1	7	2	4	64	30	1	1.456
1	8	1	1	415	33	1	5.163
1	9	2	4	56	31	1	1.833
1	10	2	4	374	31	1	1.351
1	11	1	1	77	33	1	1.484
1	12	1	1	82	32	1	1.752
1	13	2	2	391	33	1	1.025
1	14	2	2	496	33	1	1.568
1	15	1	1	314	31	0	1.889
1	16	1	1	106	32	1	1.582
1	17	1	3	171	31	1	1.313
1	18	2	2	375	31	0	1.927
1	19	2	4	393	31	1	2.125
1	20	2	4	125	30	1	2.566
1	21	2	4	208	30	1	1.102
1	22	1	3	215	30	1	2.917
1	23	1	1	47	31	0	1.767
1	24	1	1	86	32	1	1.457
1	25	2	4	131	31	1	1.315
1	26	2	4	342	30	1	1.098
1	27	2	2	294	31	0	1.397
1	28	2	4	491	31	1	2.247
1	29	1	3	273	31	1	1.607
1	30	1	1	476	33	1	1.204
1	31	1	1	114	31	0	1.955
1	32	1	3	112	31	1	1.322
1	33	1	1	368	32	1	2.044
1	34	2	2	538	32	1	2.251
1	35	2	2	465	32	1	1.330
1	36	1	1	545	31	0	0.934
1	37	2	2	467	30	0	2.795
1	38	1	1	25	33	1	1.122
1	39	1	3	59	31	1	1.317
1	40	1	3	63	31	1	1.105
1	41	1	1	516	30	0	1.334
1	42	2	2	171	32	1	1.223
1	43	2	4	96	31	1	0.968
1	44	2	4	223	32	0	1.189
1	45	2	2	270	32	1	1.788
1	46	2	4	102	30	1	1.102
1	47	2	2	243	33	1	1.225
1	48	1	3	518	31	1	1.021
1	49	1	1	285	33	1	1.032
1	50	2	2	70	31	0	1.141
1	51	2	2	537	32	1	0.988
1	52	1	1	189	31	0	1.707
1	53	2	2	397	31	0	2.582
1	54	2	2	141	31	0	1.000
1	55	2	2	281	32	1	1.271
1	56	2	4	212	30	1	1.268
1	57	1	3	126	31	1	1.401
1	58	2	4	422	30	1	1.414
1	59	2	4	504	30	1	1.307
1	60	1	3	248	30	1	1.643
1	61	1	3	232	31	1	1.422
1	62	1	1	187	32	1	1.534
1	63	2	2	277	32	1	1.395
1	64	1	3	66	31	1	1.455
1	65	2	4	203	30	1	1.746
1	66	1	3	495	31	1	1.310
1	67	1	3	62	32	0	0.976
1	68	1	1	532	32	1	0.966
1	69	1	3	488	32	0	1.123
1	70	2	2	433	32	1	1.682
1	71	1	1	457	31	0	1.013
1	72	2	2	52	33	1	1.668
1	73	1	1	4	31	0	1.572
1	74	2	2	35	31	0	1.260
1	75	1	3	435	33	0	1.315
1	76	1	3	269	31	1	1.551
1	77	1	1	464	31	0	0.727
1	78	1	1	30	31	0	0.810
1	79	2	4	130	31	1	1.926
1	80	1	3	179	31	1	0.694
1	81	2	4	341	31	1	0.832
1	82	2	4	507	31	1	0.828
1	83	2	2	396	31	0	1.366
1	84	2	4	295	31	1	2.838
1	85	1	1	271	31	0	1.670
1	86	1	3	24	33	0	1.272
1	87	2	4	260	32	0	1.533
1	88	1	1	398	30	0	1.263
1	89	1	1	360	33	1	1.567
1	90	1	1	129	32	1	1.579
1	91	2	4	390	31	1	1.146
1	92	1	3	108	32	0	1.562
1	93	1	1	61	32	1	1.189
1	94	1	1	50	32	1	1.300
1	95	2	4	364	31	1	1.006
1	96	2	2	69	33	1	1.174
1	97	2	2	36	31	0	1.630
1	98	2	2	5	33	1	1.283
1	99	2	2	519	33	1	0.861
1	100	2	2	521	32	1	1.096
1	101	2	4	122	30	1	1.035
1	102	1	3	412	31	1	0.913
1	103	1	3	205	31	1	0.795
1	104	2	4	321	31	1	0.819
1	105	1	3	281	31	1	0.951
1	106	2	4	312	31	1	0.965
1	107	1	3	546	31	1	0.591
1	108	2	4	145	31	1	0.604
1	109	2	2	198	31	0	0.773
1	110	1	3	420	31	1	0.664
1	111	1	1	353	31	0	0.739
1	112	2	2	411	31	0	0.635
1	113	2	4	443	30	1	0.988
1	114	2	4	149	30	1	0.891
1	115	2	2	191	32	1	1.582
1	116	1	3	301	30	1	1.079
1	117	2	4	335	31	1	1.131
1	118	2	4	163	31	1	1.322
1	119	2	2	417	33	1	1.646
1	120	1	3	474	31	1	1.342
1	121	1	3	536	32	0	1.307
1	122	2	2	458	33	1	1.456
1	123	1	3	525	32	0	1.464
1	124	2	4	333	32	0	1.320
1	125	1	1	308	32	1	0.831
1	126	1	3	290	31	1	1.093
1	127	2	2	30	32	1	1.144
1	128	1	1	475	31	0	1.134
1	129	1	3	40	31	1	0.973
1	130	1	3	370	31	1	0.864
1	131	2	4	332	31	1	0.871
1	132	2	4	376	31	1	1.607
1	133	2	2	238	33	1	1.454
1	134	1	3	432	32	0	1.239
1	135	1	1	382	32	1	1.130
1	136	2	2	473	33	1	1.389
1	137	2	2	192	32	1	0.826
1	138	2	4	67	31	1	1.099
1	139	1	3	463	31	1	0.838
1	140	2	2	196	31	0	0.738
1	141	1	3	316	31	1	0.765
1	142	1	3	158	31	1	1.012
1	143	1	1	426	31	0	1.035
1	144	2	2	508	31	0	0.853
1	145	1	1	478	31	0	0.599
1	146	2	4	513	31	1	0.644
1	147	2	4	314	31	1	0.757
1	148	1	3	123	31	1	0.533
1	149	2	4	94	31	1	0.850
1	150	1	3	113	31	1	0.626
1	151	2	2	205	31	0	1.177
1	152	1	3	486	31	1	0.638
1	153	1	1	21	33	1	1.380
1	154	2	4	414	31	1	1.059
1	155	1	3	323	31	1	0.690
1	156	1	1	274	33	1	1.191
1	157	1	1	51	32	1	1.524
1	158	2	2	231	30	0	1.069
1	159	2	2	201	30	0	0.910
1	160	2	2	51	31	0	1.146
1	161	1	3	45	32	0	1.413
1	162	2	2	316	32	1	1.258
1	163	1	1	395	32	1	0.863
1	164	2	2	4	32	1	1.766
1	165	1	1	280	32	1	0.814
1	166	1	1	406	31	0	1.243
1	167	1	1	227	32	1	0.925
1	168	1	3	169	33	0	1.191
1	169	1	3	510	31	1	1.537
1	170	1	1	519	33	1	1.047
1	171	2	2	298	33	1	1.307
1	172	1	1	140	31	0	1.725
1	173	2	4	65	31	1	1.800
1	174	2	4	232	31	1	1.383
1	175	1	3	6	32	0	1.437
1	176	1	3	195	31	1	0.727
1	177	1	1	434	32	1	0.923
1	178	2	2	517	31	0	1.040
1	179	1	3	213	32	0	0.869
1	180	1	3	161	32	0	0.764
1	181	2	4	547	30	1	1.191
1	182	2	4	230	31	1	2.854
1	183	2	4	423	30	1	1.795
1	184	1	1	9	31	0	1.187
1	185	1	1	396	33	1	0.939
1	186	2	4	23	33	0	0.989
1	187	2	4	169	31	1	1.420
1	188	1	3	243	31	1	1.547
1	189	2	2	438	30	0	1.086
1	190	2	4	523	33	0	1.178
1	191	2	4	516	31	1	0.821
1	192	1	3	173	32	0	1.068
1	193	2	2	147	30	0	1.755
1	194	1	1	65	32	1	0.958
1	195	1	1	384	32	1	0.807
1	196	1	1	84	31	0	0.595
1	197	1	1	172	32	1	0.693
1	198	2	2	464	30	0	1.013
1	199	2	2	194	33	1	0.972
1	200	1	1	28	33	1	1.025
