
*********************************************
* Sustained Attention and Recognition Memory Experiment - Sustained Attention Task v.1.0
* Date/Time: 17-Nov-2015 13:29:59
* Seed: 212701.8283
* Subject Number: 24
* Subject Name: WB
* Run Number: 1
* debug: 0
*********************************************

run	trl	tdf	sct	simg	crsp	rsp	acc	rt
1	1	0.006	2	468	11	11	1	0.830
1	2	0.006	2	411	11	NaN	0	NaN
1	3	0.006	2	225	11	11	1	0.094
1	4	0.006	2	21	11	11	1	0.462
1	5	0.006	2	37	11	11	1	0.454
1	6	0.007	2	454	11	11	1	0.413
1	7	0.007	2	480	11	11	1	0.573
1	8	0.007	2	231	11	11	1	0.469
1	9	0.007	2	19	11	11	1	0.508
1	10	0.007	2	34	11	11	1	0.453
1	11	0.008	2	49	11	11	1	0.460
1	12	0.008	2	54	11	11	1	0.436
1	13	0.008	1	380	13	11	0	0.404
1	14	0.008	2	250	11	11	1	0.748
1	15	0.008	2	519	11	11	1	0.612
1	16	0.009	2	297	11	11	1	0.787
1	17	0.009	2	452	11	11	1	0.747
1	18	0.009	2	291	11	11	1	0.563
1	19	0.009	2	488	11	11	1	0.514
1	20	0.009	2	48	11	11	1	0.587
1	21	0.010	2	331	11	11	1	0.691
1	22	0.010	2	321	11	NaN	0	NaN
1	23	0.009	2	494	11	11	1	0.707
1	24	0.010	2	307	11	11	1	0.531
1	25	0.011	2	158	11	11	1	0.553
1	26	0.011	2	178	11	11	1	0.561
1	27	0.011	2	372	11	11	1	0.633
1	28	0.011	2	369	11	11	1	0.857
1	29	0.011	2	236	11	11	1	0.696
1	30	0.011	2	343	11	11	1	0.521
1	31	0.011	2	167	11	11	1	0.649
1	32	0.012	2	215	11	11	1	0.753
1	33	0.012	2	135	11	11	1	0.688
1	34	-0.001	2	124	11	11	1	0.564
1	35	-0.001	2	44	11	11	1	0.541
1	36	-0.001	2	136	11	11	1	0.556
1	37	-0.000	2	303	11	11	1	0.692
1	38	-0.000	2	333	11	11	1	0.572
1	39	-0.000	1	486	13	NaN	0	NaN
1	40	0.000	2	89	11	11	1	0.692
1	41	0.000	2	522	11	NaN	0	NaN
1	42	0.000	1	299	13	13	1	0.628
1	43	0.000	1	75	13	13	1	0.588
1	44	0.000	2	429	11	11	1	0.660
1	45	0.001	1	286	13	13	1	0.811
1	46	0.001	2	65	11	NaN	0	NaN
1	47	0.002	2	371	11	NaN	0	NaN
1	48	0.001	2	493	11	11	1	0.019
1	49	0.002	2	148	11	11	1	0.682
1	50	0.002	2	200	11	11	1	0.594
1	51	0.215	1	511	13	NaN	0	NaN
1	52	0.002	2	470	11	11	1	0.282
1	53	0.002	2	373	11	NaN	0	NaN
1	54	0.003	2	458	11	11	1	0.841
1	55	0.003	2	77	11	11	1	0.649
1	56	0.003	2	272	11	11	1	0.681
1	57	0.003	2	400	11	11	1	0.545
1	58	0.003	2	397	11	11	1	0.552
1	59	0.004	2	498	11	11	1	0.473
1	60	0.004	2	477	11	11	1	0.441
1	61	0.004	2	546	11	11	1	0.648
1	62	0.004	2	198	11	11	1	0.448
1	63	0.004	2	166	11	11	1	0.496
1	64	0.005	2	183	11	11	1	0.439
1	65	0.005	2	129	11	11	1	0.559
1	66	0.005	2	255	11	11	1	0.511
1	67	0.005	2	50	11	11	1	0.430
1	68	0.005	2	520	11	11	1	0.471
1	69	0.005	2	370	11	11	1	0.414
1	70	0.006	2	137	11	11	1	0.566
1	71	0.006	2	363	11	11	1	0.566
1	72	0.006	2	504	11	11	1	0.477
1	73	0.006	2	230	11	11	1	0.405
1	74	0.006	2	256	11	11	1	0.429
1	75	0.007	2	144	11	11	1	0.437
1	76	0.007	2	487	11	11	1	0.372
1	77	0.007	2	218	11	11	1	0.421
1	78	0.007	2	430	11	11	1	0.492
1	79	0.007	2	497	11	11	1	0.620
1	80	0.008	2	176	11	11	1	0.508
1	81	0.008	2	506	11	11	1	0.428
1	82	0.008	2	22	11	11	1	0.396
1	83	0.008	2	128	11	11	1	0.420
1	84	0.008	2	56	11	11	1	0.411
1	85	0.009	2	196	11	11	1	0.371
1	86	0.009	2	73	11	11	1	0.451
1	87	0.009	2	417	11	11	1	0.434
1	88	0.009	2	141	11	11	1	0.651
1	89	0.009	2	543	11	11	1	0.418
1	90	0.010	2	315	11	11	1	0.483
1	91	0.009	2	548	11	11	1	0.459
1	92	0.009	2	414	11	11	1	0.426
1	93	0.010	2	253	11	11	1	0.434
1	94	0.010	2	502	11	11	1	0.426
1	95	0.010	2	26	11	11	1	0.442
1	96	0.011	2	23	11	11	1	0.441
1	97	0.011	2	153	11	11	1	0.425
1	98	0.011	2	213	11	11	1	0.441
1	99	0.012	2	311	11	11	1	0.352
1	100	0.012	2	163	11	11	1	0.336
1	101	0.012	2	541	11	11	1	0.416
1	102	0.012	2	508	11	11	1	0.433
1	103	0.012	2	63	11	11	1	0.456
1	104	-0.001	2	476	11	11	1	0.501
1	105	-0.001	2	162	11	11	1	0.452
1	106	-0.000	2	509	11	11	1	0.492
1	107	-0.000	2	207	11	11	1	0.460
1	108	0.000	2	229	11	11	1	0.372
1	109	0.000	2	416	11	11	1	0.484
1	110	0.000	2	536	11	11	1	0.388
1	111	0.000	2	446	11	11	1	0.612
1	112	0.000	2	300	11	11	1	0.587
1	113	0.013	2	70	11	11	1	0.543
1	114	0.001	1	306	13	11	0	0.691
1	115	0.001	2	312	11	11	1	0.674
1	116	0.002	2	102	11	11	1	0.531
1	117	0.001	2	262	11	11	1	0.651
1	118	0.002	1	396	13	11	0	0.690
1	119	0.002	2	185	11	11	1	0.730
1	120	0.002	2	427	11	11	1	0.730
1	121	0.002	2	440	11	11	1	0.625
1	122	0.002	1	399	13	13	1	0.577
1	123	0.003	2	87	11	NaN	0	NaN
1	124	0.003	2	51	11	NaN	0	NaN
1	125	0.003	2	111	11	NaN	0	NaN
1	126	0.003	2	335	11	NaN	0	NaN
1	127	0.003	2	191	11	11	1	0.313
1	128	0.004	1	241	13	13	1	0.688
1	129	0.004	2	306	11	11	1	0.552
1	130	0.004	2	475	11	11	1	0.504
1	131	0.004	2	499	11	11	1	0.503
1	132	0.004	2	313	11	11	1	0.472
1	133	0.005	2	341	11	11	1	0.495
1	134	0.005	2	199	11	11	1	0.455
1	135	0.005	2	305	11	11	1	0.454
1	136	0.005	2	36	11	11	1	0.678
1	137	0.005	2	277	11	11	1	0.622
1	138	0.006	2	327	11	11	1	0.670
1	139	0.006	1	350	13	13	1	0.614
1	140	0.006	2	348	11	11	1	0.542
1	141	0.006	2	279	11	11	1	0.478
1	142	0.006	2	479	11	11	1	0.486
1	143	0.006	2	38	11	11	1	0.477
1	144	0.007	2	432	11	11	1	0.461
1	145	0.007	2	127	11	11	1	0.413
1	146	0.007	2	318	11	11	1	0.548
1	147	0.007	2	104	11	11	1	0.428
1	148	0.007	2	366	11	11	1	0.404
1	149	0.008	2	290	11	11	1	0.396
1	150	0.008	2	510	11	11	1	0.892
1	151	0.008	2	252	11	11	1	0.860
1	152	0.008	1	2	13	13	1	0.571
1	153	0.008	2	67	11	11	1	0.780
1	154	0.009	2	392	11	11	1	0.587
1	155	0.008	2	304	11	11	1	0.515
1	156	0.009	2	17	11	11	1	0.435
1	157	0.009	2	359	11	11	1	0.491
1	158	0.009	2	85	11	11	1	0.514
1	159	0.010	2	326	11	11	1	0.411
1	160	0.010	2	484	11	11	1	0.426
1	161	0.010	2	105	11	11	1	0.410
1	162	0.010	2	100	11	11	1	0.450
1	163	0.010	2	138	11	11	1	0.473
1	164	0.011	2	471	11	11	1	0.417
1	165	0.011	2	197	11	11	1	0.529
1	166	0.011	2	473	11	11	1	0.417
1	167	0.011	2	106	11	11	1	0.432
1	168	0.011	2	485	11	11	1	0.465
1	169	0.011	2	384	11	11	1	0.368
1	170	0.012	2	239	11	11	1	0.425
1	171	0.012	2	246	11	11	1	0.376
1	172	0.012	2	8	11	11	1	0.328
1	173	-0.001	2	456	11	11	1	0.373
1	174	-0.001	2	92	11	11	1	0.380
1	175	-0.000	2	134	11	11	1	0.380
1	176	-0.000	2	150	11	11	1	0.396
1	177	0.000	2	6	11	11	1	0.300
1	178	0.000	2	244	11	11	1	0.284
1	179	0.000	1	313	13	11	0	0.260
1	180	0.000	2	57	11	11	1	0.492
1	181	0.000	2	101	11	11	1	0.564
1	182	0.000	2	376	11	11	1	0.588
1	183	0.001	2	308	11	11	1	0.466
1	184	0.001	2	415	11	11	1	0.443
1	185	0.002	2	426	11	11	1	0.699
1	186	0.001	2	9	11	11	1	0.610
1	187	0.002	2	294	11	11	1	0.666
1	188	0.002	1	205	13	13	1	0.723
1	189	0.002	2	507	11	11	1	0.538
1	190	0.002	2	375	11	11	1	0.482
1	191	0.002	2	518	11	11	1	0.458
1	192	0.003	2	245	11	11	1	0.649
1	193	0.003	2	228	11	11	1	0.553
1	194	0.003	2	179	11	11	1	0.505
1	195	0.003	2	284	11	11	1	0.760
1	196	0.003	2	132	11	11	1	0.600
1	197	0.004	1	121	13	11	0	0.528
1	198	0.004	2	154	11	11	1	0.736
1	199	0.004	2	219	11	11	1	0.584
1	200	0.004	2	209	11	11	1	0.400
1	201	0.004	2	169	11	11	1	0.535
1	202	0.005	2	112	11	11	1	0.464
1	203	0.005	2	60	11	11	1	0.415
1	204	0.005	2	223	11	11	1	0.487
1	205	0.005	2	381	11	11	1	0.431
1	206	0.005	2	125	11	11	1	0.438
1	207	0.005	2	35	11	11	1	0.430
1	208	0.006	2	545	11	11	1	0.526
1	209	0.006	2	47	11	11	1	0.438
1	210	0.006	2	437	11	11	1	0.534
1	211	0.006	2	118	11	11	1	0.581
1	212	0.006	2	235	11	11	1	0.541
1	213	0.007	2	182	11	11	1	0.725
1	214	0.007	2	97	11	NaN	0	NaN
1	215	0.007	1	70	13	11	0	0.252
1	216	0.007	2	358	11	11	1	0.733
1	217	0.007	2	27	11	11	1	0.580
1	218	0.008	2	362	11	11	1	0.837
1	219	0.008	1	182	13	13	1	0.700
1	220	0.008	2	531	11	11	1	0.452
1	221	0.008	2	121	11	11	1	0.564
1	222	0.008	2	503	11	11	1	0.523
1	223	0.009	2	248	11	11	1	0.859
1	224	0.009	1	252	13	13	1	0.547
1	225	0.009	2	155	11	11	1	0.587
1	226	0.009	2	116	11	11	1	0.475
1	227	0.009	2	337	11	11	1	0.595
1	228	0.009	2	62	11	11	1	0.563
1	229	0.009	2	168	11	11	1	0.643
1	230	0.010	2	387	11	NaN	0	NaN
1	231	0.010	2	58	11	11	1	0.538
1	232	0.010	2	151	11	11	1	0.521
1	233	0.010	2	2	11	11	1	0.489
1	234	0.011	2	472	11	11	1	0.489
1	235	0.011	2	175	11	11	1	0.481
1	236	0.011	2	173	11	11	1	0.529
1	237	0.011	2	450	11	11	1	0.425
1	238	0.012	2	528	11	11	1	0.472
1	239	0.012	2	391	11	11	1	0.504
1	240	0.012	2	466	11	11	1	0.424
1	241	-0.001	2	12	11	11	1	0.477
1	242	-0.001	2	455	11	11	1	0.445
1	243	-0.000	2	210	11	11	1	0.492
1	244	-0.000	2	131	11	11	1	0.748
1	245	-0.000	2	193	11	11	1	0.524
1	246	0.013	2	226	11	11	1	0.463
1	247	0.000	2	61	11	11	1	0.532
1	248	0.000	2	349	11	11	1	0.556
1	249	0.000	2	74	11	11	1	0.556
1	250	0.000	2	177	11	11	1	0.500
1	251	0.001	2	3	11	11	1	0.491
1	252	0.001	2	515	11	11	1	0.426
1	253	0.001	2	275	11	11	1	0.450
1	254	0.002	2	24	11	11	1	0.386
1	255	0.002	2	435	11	11	1	0.418
1	256	0.002	2	383	11	11	1	0.434
1	257	0.002	2	195	11	11	1	0.370
1	258	0.002	2	147	11	11	1	0.425
1	259	0.002	2	212	11	11	1	0.330
1	260	0.002	2	122	11	11	1	0.409
1	261	0.003	2	243	11	11	1	0.393
1	262	0.003	2	130	11	11	1	0.434
1	263	0.003	2	69	11	11	1	0.369
1	264	0.003	2	247	11	11	1	0.256
1	265	0.003	1	122	13	13	1	0.481
1	266	0.004	2	142	11	11	1	0.488
1	267	0.004	2	298	11	11	1	0.584
1	268	0.004	2	91	11	11	1	0.464
1	269	0.004	2	216	11	11	1	0.440
1	270	0.004	2	511	11	11	1	0.440
1	271	0.005	2	532	11	11	1	0.488
1	272	0.005	2	86	11	11	1	0.447
1	273	0.005	2	249	11	11	1	0.487
1	274	0.005	2	172	11	11	1	0.470
1	275	0.005	2	346	11	11	1	0.550
1	276	0.006	2	237	11	11	1	0.462
1	277	0.006	2	280	11	11	1	0.534
1	278	0.006	2	441	11	11	1	0.406
1	279	0.006	2	123	11	11	1	0.614
1	280	0.006	2	39	11	11	1	0.493
1	281	0.006	2	224	11	11	1	0.502
1	282	0.007	2	190	11	11	1	0.485
1	283	0.007	2	52	11	11	1	0.509
1	284	0.007	2	396	11	11	1	0.645
1	285	0.007	2	521	11	NaN	0	NaN
1	286	0.007	2	133	11	11	1	0.677
1	287	0.008	1	498	13	13	1	0.637
1	288	0.008	2	314	11	11	1	0.444
1	289	0.008	2	278	11	11	1	0.516
1	290	0.008	2	433	11	11	1	0.420
1	291	0.008	2	422	11	11	1	0.363
1	292	0.009	2	544	11	11	1	0.499
1	293	0.009	2	94	11	11	1	0.515
1	294	0.009	2	232	11	11	1	0.459
1	295	0.009	2	367	11	11	1	0.523
1	296	0.009	2	524	11	11	1	0.538
1	297	0.010	2	332	11	11	1	0.563
1	298	0.010	2	345	11	11	1	0.450
1	299	0.010	2	240	11	11	1	0.394
1	300	0.010	2	447	11	11	1	0.530
1	301	0.010	2	206	11	11	1	0.482
1	302	0.010	2	347	11	11	1	0.314
1	303	0.011	2	187	11	11	1	0.497
1	304	0.011	2	338	11	11	1	0.441
1	305	0.011	2	114	11	11	1	0.441
1	306	0.012	2	505	11	11	1	0.401
1	307	0.011	2	354	11	11	1	0.416
1	308	0.012	2	202	11	11	1	0.432
1	309	0.012	2	513	11	11	1	0.336
1	310	-0.001	2	143	11	11	1	0.445
1	311	-0.001	2	461	11	11	1	0.333
1	312	-0.001	2	293	11	11	1	0.309
1	313	-0.000	2	390	11	11	1	0.436
1	314	-0.000	2	445	11	11	1	0.524
1	315	0.000	2	399	11	11	1	0.404
1	316	0.000	2	220	11	11	1	0.331
1	317	0.000	2	382	11	11	1	0.276
1	318	0.000	1	31	13	11	0	0.300
1	319	0.000	2	84	11	11	1	0.348
1	320	0.000	2	409	11	11	1	0.340
1	321	0.001	2	159	11	11	1	0.331
1	322	0.001	2	30	11	11	1	0.346
1	323	0.002	2	281	11	11	1	0.587
1	324	0.001	2	420	11	11	1	0.451
1	325	0.002	2	41	11	11	1	0.458
1	326	0.002	2	265	11	11	1	0.410
1	327	0.002	2	110	11	11	1	0.442
1	328	0.002	2	501	11	11	1	0.450
1	329	0.002	2	457	11	11	1	0.409
1	330	0.003	2	403	11	11	1	0.713
1	331	0.003	2	500	11	11	1	0.473
1	332	0.003	2	269	11	11	1	0.537
1	333	0.003	2	109	11	11	1	0.545
1	334	0.003	2	276	11	11	1	0.465
1	335	0.004	2	539	11	11	1	0.392
1	336	0.004	2	412	11	11	1	0.425
1	337	0.004	2	438	11	11	1	0.368
1	338	0.004	2	330	11	11	1	0.416
1	339	0.004	2	492	11	11	1	0.327
1	340	0.005	2	72	11	11	1	0.359
1	341	0.004	2	208	11	11	1	0.311
1	342	0.005	2	211	11	11	1	0.551
1	343	0.005	2	264	11	11	1	0.359
1	344	0.005	2	550	11	11	1	0.430
1	345	0.006	2	29	11	11	1	0.454
1	346	0.006	2	16	11	11	1	0.381
1	347	0.006	2	222	11	11	1	0.406
1	348	0.006	2	184	11	11	1	0.398
1	349	0.006	2	259	11	11	1	0.381
1	350	0.006	2	90	11	11	1	0.349
1	351	0.007	2	161	11	11	1	0.293
1	352	0.007	2	254	11	11	1	0.333
1	353	0.007	2	350	11	11	1	0.309
1	354	0.007	1	340	13	13	1	0.685
1	355	0.007	2	385	11	11	1	0.404
1	356	0.008	2	302	11	11	1	0.468
1	357	0.008	2	419	11	11	1	0.460
1	358	0.008	2	320	11	11	1	0.556
1	359	0.008	2	449	11	11	1	0.435
1	360	0.008	2	431	11	11	1	0.668
1	361	0.008	2	361	11	11	1	0.476
1	362	0.009	2	323	11	11	1	0.411
1	363	0.009	2	181	11	11	1	0.475
1	364	0.009	2	260	11	11	1	0.474
1	365	0.009	2	273	11	11	1	0.418
1	366	0.010	2	283	11	11	1	0.426
1	367	0.010	2	75	11	11	1	0.522
1	368	0.010	2	436	11	11	1	0.466
1	369	0.010	2	117	11	11	1	0.450
1	370	0.010	2	68	11	11	1	0.394
1	371	0.010	2	108	11	11	1	0.457
1	372	0.011	2	352	11	11	1	0.425
1	373	0.011	2	241	11	11	1	0.441
1	374	0.011	2	342	11	11	1	0.568
1	375	0.011	2	165	11	11	1	0.640
1	376	0.012	2	355	11	11	1	0.544
1	377	0.012	1	410	13	13	1	0.848
1	378	0.012	2	474	11	11	1	0.536
1	379	-0.001	2	146	11	11	1	0.468
1	380	-0.001	2	80	11	11	1	0.533
1	381	-0.001	2	339	11	11	1	0.581
1	382	-0.000	2	113	11	11	1	0.612
1	383	-0.000	1	469	13	13	1	0.516
1	384	0.000	2	395	11	11	1	0.484
1	385	0.000	2	425	11	11	1	0.411
1	386	0.000	2	538	11	11	1	0.483
1	387	0.000	2	115	11	11	1	0.612
1	388	0.000	2	486	11	11	1	0.604
1	389	0.000	2	353	11	11	1	0.443
1	390	0.001	2	512	11	11	1	0.443
1	391	0.001	2	95	11	11	1	0.427
1	392	0.001	2	71	11	11	1	0.499
1	393	0.001	2	13	11	11	1	0.450
1	394	0.002	2	234	11	11	1	0.306
1	395	0.002	2	525	11	11	1	0.322
1	396	0.002	2	299	11	11	1	0.306
1	397	0.002	1	550	13	11	0	0.161
1	398	0.002	2	32	11	11	1	0.450
1	399	0.003	2	413	11	11	1	0.545
1	400	0.003	2	365	11	11	1	0.481
1	401	0.003	2	295	11	11	1	0.641
1	402	0.003	2	81	11	11	1	0.609
1	403	0.003	1	293	13	13	1	0.465
1	404	0.004	2	156	11	11	1	0.481
1	405	0.004	2	408	11	11	1	0.440
1	406	0.004	2	517	11	11	1	0.439
1	407	0.004	2	88	11	11	1	0.800
1	408	0.004	2	145	11	11	1	0.855
1	409	0.005	1	128	13	13	1	0.711
1	410	0.005	2	33	11	11	1	0.567
1	411	0.005	2	251	11	11	1	0.471
1	412	0.005	2	119	11	11	1	0.470
1	413	0.005	2	460	11	11	1	0.574
1	414	0.006	2	491	11	11	1	0.439
1	415	0.006	2	221	11	11	1	0.430
1	416	0.006	2	549	11	11	1	0.454
1	417	0.006	2	424	11	11	1	0.390
1	418	0.006	2	386	11	11	1	0.470
1	419	0.007	2	194	11	11	1	0.406
1	420	0.007	2	316	11	11	1	0.413
1	421	0.007	2	467	11	11	1	0.613
1	422	0.007	2	98	11	11	1	0.429
1	423	0.007	2	478	11	11	1	0.349
1	424	0.007	2	389	11	11	1	0.260
1	425	0.008	2	53	11	11	1	0.397
1	426	0.008	2	296	11	11	1	0.380
1	427	0.008	2	360	11	11	1	0.332
1	428	0.008	2	149	11	11	1	0.395
1	429	0.008	2	351	11	11	1	0.396
1	430	0.009	2	357	11	11	1	0.363
1	431	0.009	2	242	11	11	1	0.299
1	432	0.009	2	267	11	11	1	0.467
1	433	0.009	2	469	11	11	1	0.339
1	434	0.009	2	157	11	11	1	0.274
1	435	0.010	2	448	11	11	1	0.274
1	436	0.010	1	352	13	11	0	0.314
1	437	0.010	2	325	11	11	1	0.338
1	438	0.010	2	257	11	11	1	0.290
1	439	0.010	2	336	11	11	1	0.354
1	440	0.011	2	76	11	11	1	0.313
1	441	0.010	2	388	11	11	1	0.314
1	442	0.011	2	537	11	11	1	0.433
1	443	0.011	2	107	11	11	1	0.384
1	444	0.011	2	285	11	11	1	0.297
1	445	0.011	2	533	11	11	1	0.392
1	446	0.012	2	489	11	11	1	0.359
1	447	0.012	2	5	11	11	1	0.472
1	448	0.012	2	527	11	11	1	0.464
1	449	-0.001	2	282	11	11	1	0.484
1	450	-0.001	2	180	11	11	1	0.477
1	451	-0.000	2	421	11	11	1	0.452
1	452	-0.000	2	288	11	11	1	0.700
1	453	0.000	2	31	11	11	1	0.492
1	454	0.000	2	188	11	11	1	0.476
1	455	0.000	2	103	11	11	1	0.444
1	456	0.000	2	268	11	11	1	0.492
1	457	0.000	2	483	11	11	1	0.516
1	458	0.000	2	364	11	11	1	0.475
1	459	0.001	2	189	11	11	1	0.522
1	460	0.014	2	205	11	11	1	0.453
1	461	0.001	2	164	11	11	1	0.419
1	462	0.001	2	266	11	11	1	0.402
1	463	0.002	2	368	11	11	1	0.346
1	464	0.002	1	262	13	11	0	0.298
1	465	0.002	2	405	11	11	1	0.458
1	466	0.002	2	4	11	11	1	0.393
1	467	0.002	2	309	11	11	1	0.457
1	468	0.003	2	7	11	11	1	0.489
1	469	0.003	1	109	13	NaN	0	NaN
1	470	0.003	2	526	11	NaN	0	NaN
1	471	0.003	2	495	11	11	1	0.777
1	472	0.003	2	286	11	11	1	0.745
1	473	0.004	2	274	11	11	1	0.761
1	474	0.004	2	340	11	11	1	0.584
1	475	0.004	2	378	11	11	1	0.456
1	476	0.004	2	443	11	11	1	0.384
1	477	0.004	2	64	11	11	1	0.416
1	478	0.005	2	270	11	11	1	0.367
1	479	0.005	2	186	11	11	1	0.319
1	480	0.005	2	83	11	11	1	0.350
1	481	0.005	2	377	11	11	1	0.335
1	482	0.005	1	328	13	11	0	0.327
1	483	0.006	2	140	11	11	1	0.350
1	484	0.006	2	15	11	11	1	0.310
1	485	0.006	2	407	11	11	1	0.270
1	486	0.006	2	523	11	11	1	0.246
1	487	0.006	2	11	11	11	1	0.445
1	488	0.007	2	482	11	11	1	0.278
1	489	0.006	2	453	11	11	1	0.293
1	490	0.007	1	136	13	11	0	0.237
1	491	0.007	2	490	11	11	1	0.269
1	492	0.007	2	233	11	11	1	0.237
1	493	0.008	2	170	11	11	1	0.372
1	494	0.008	2	464	11	11	1	0.316
1	495	0.008	2	496	11	11	1	0.524
1	496	0.008	2	203	11	11	1	0.587
1	497	0.008	2	289	11	11	1	0.852
1	498	0.008	2	292	11	11	1	0.580
1	499	0.009	2	40	11	11	1	0.371
1	500	0.009	2	301	11	11	1	0.235

*********************************************
* Sustained Attention and Recognition Memory Experiment - Memory Test v.1.0
* Date/Time: 17-Nov-2015 13:43:21
* Seed: 213466.0715
* Subject Number: 24
* Subject Name: WB
* Run Number: 1
* debug: 0
*********************************************

1	1	2	3	547	30	1	5.651
1	2	2	3	324	30	1	1.858
1	3	1	4	235	31	1	3.209
1	4	2	3	418	32	0	2.864
1	5	2	1	485	32	1	2.880
1	6	2	1	84	31	0	1.721
1	7	2	3	434	31	1	2.184
1	8	2	1	39	30	0	2.070
1	9	1	2	550	33	1	2.019
1	10	1	4	476	31	1	1.764
1	11	1	2	399	33	1	1.473
1	12	2	3	374	31	1	6.291
1	13	2	1	49	31	0	6.359
1	14	1	4	245	30	1	10.805
1	15	2	1	56	31	0	2.023
1	16	1	4	110	30	1	3.864
1	17	1	4	38	32	0	2.211
1	18	2	3	514	31	1	2.566
1	19	1	4	108	33	0	2.347
1	20	1	2	182	33	1	1.837
1	21	1	2	380	33	1	1.191
1	22	2	1	413	32	1	1.676
1	23	1	2	396	32	1	1.856
1	24	2	1	97	30	0	3.227
1	25	1	2	313	31	0	2.450
1	26	2	3	398	31	1	4.300
1	27	2	1	125	32	1	1.863
1	28	2	1	157	33	1	1.731
1	29	2	1	543	31	0	2.306
1	30	1	2	498	33	1	17.398
1	31	2	1	289	30	0	2.356
1	32	1	2	293	33	1	1.818
1	33	1	2	410	31	0	2.345
1	34	1	4	527	31	1	1.395
1	35	2	3	20	30	1	4.166
1	36	2	3	14	31	1	1.310
1	37	1	4	475	30	1	1.653
1	38	2	1	166	33	1	1.444
1	39	1	2	252	31	0	2.651
1	40	2	3	423	31	1	0.979
1	41	2	3	410	33	0	3.063
1	42	2	3	238	33	0	1.844
1	43	2	3	404	32	0	4.145
1	44	1	4	349	30	1	2.262
1	45	1	4	69	30	1	1.676
1	46	2	3	516	32	0	1.996
1	47	2	1	336	32	1	1.517
1	48	2	1	143	32	1	1.693
1	49	2	3	261	31	1	2.458
1	50	2	1	408	31	0	2.316
1	51	2	1	303	30	0	3.094
1	52	2	3	540	31	1	3.085
1	53	1	2	241	30	0	7.133
1	54	1	2	350	32	1	2.275
1	55	1	4	197	31	1	1.548
1	56	2	3	25	31	1	3.087
1	57	2	3	263	31	1	1.859
1	58	2	3	328	30	1	4.299
1	59	1	4	300	30	1	1.623
1	60	1	2	31	32	1	2.703
1	61	2	1	195	31	0	6.704
1	62	1	2	109	30	0	13.599
1	63	2	3	535	31	1	1.516
1	64	1	2	352	30	0	1.145
1	65	1	4	467	30	1	0.907
1	66	1	2	262	30	0	0.878
1	67	2	1	31	31	0	2.098
1	68	2	3	139	31	1	3.420
1	69	2	1	265	32	1	1.574
1	70	2	3	451	31	1	0.978
1	71	1	2	306	30	0	2.320
1	72	1	4	103	31	1	17.762
1	73	2	3	481	32	0	1.024
1	74	1	4	421	30	1	2.149
1	75	2	3	444	32	0	2.778
1	76	2	1	226	32	1	4.095
1	77	2	3	79	32	0	3.309
1	78	1	4	305	31	1	1.482
1	79	2	3	439	32	0	1.794
1	80	1	2	328	30	0	1.983
1	81	2	1	91	30	0	18.027
1	82	2	3	394	31	1	3.755
1	83	1	2	121	32	1	1.690
1	84	2	1	392	33	1	1.041
1	85	2	1	41	33	1	0.942
1	86	2	1	436	30	0	1.746
1	87	2	1	369	33	1	1.501
1	88	1	4	107	30	1	2.351
1	89	1	4	61	31	1	17.672
1	90	2	1	476	32	1	3.071
1	91	2	1	384	32	1	3.474
1	92	2	1	315	33	1	1.379
1	93	2	1	474	30	0	7.302
1	94	1	4	485	30	1	1.451
1	95	2	1	524	31	0	3.833
1	96	2	1	318	32	1	12.206
1	97	1	4	212	31	1	3.482
1	98	2	3	45	30	1	5.844
1	99	1	2	299	33	1	1.717
1	100	1	2	136	33	1	1.248
1	101	2	3	465	31	1	3.133
1	102	2	3	459	31	1	1.356
1	103	2	1	512	30	0	2.774
1	104	1	4	500	30	1	1.370
1	105	1	2	511	30	0	1.764
1	106	2	1	382	32	1	2.972
1	107	2	1	297	31	0	4.717
1	108	2	1	520	31	0	0.933
1	109	2	3	529	31	1	2.429
1	110	2	3	380	31	1	2.631
1	111	1	2	70	30	0	2.709
1	112	1	4	280	30	1	2.416
1	113	2	1	88	31	0	1.767
1	114	2	1	85	31	0	1.044
1	115	2	3	310	32	0	1.062
1	116	2	1	348	32	1	1.163
1	117	2	1	207	32	1	0.779
1	118	1	2	75	31	0	2.468
1	119	2	1	422	30	0	6.790
1	120	2	1	450	30	0	1.675
1	121	1	2	286	32	1	1.642
1	122	2	1	211	30	0	1.806
1	123	2	1	415	30	0	6.327
1	124	1	2	469	33	1	3.725
1	125	1	4	341	30	1	4.599
1	126	2	1	296	31	0	3.097
1	127	1	4	288	31	1	3.415
1	128	2	1	190	30	0	1.692
1	129	1	4	531	30	1	1.214
1	130	1	2	2	32	1	14.275
1	131	1	4	344	30	1	2.387
1	132	2	1	81	32	1	2.383
1	133	2	1	196	32	1	2.275
1	134	2	3	93	33	0	1.859
1	135	2	1	495	31	0	1.363
1	136	1	4	426	30	1	2.519
1	137	2	3	322	30	1	2.892
1	138	2	3	534	32	0	2.040
1	139	2	3	217	31	1	1.589
1	140	1	4	106	31	1	1.458
1	141	2	1	257	32	1	1.276
1	142	2	3	192	30	1	8.547
1	143	1	2	486	33	1	1.847
1	144	1	4	520	31	1	1.561
1	145	2	3	120	32	0	1.875
1	146	2	3	160	31	1	2.210
1	147	2	1	245	30	0	9.890
1	148	1	4	233	30	1	1.394
1	149	2	3	152	31	1	1.220
1	150	2	3	258	31	1	1.026
1	151	2	3	463	31	1	0.777
1	152	2	3	329	31	1	0.758
1	153	2	3	82	34	0	5.427
1	154	2	3	55	33	0	1.286
1	155	2	3	271	31	1	5.926
1	156	1	2	205	30	0	1.615
1	157	2	3	356	30	1	7.392
1	158	1	2	340	30	0	0.809
1	159	2	3	214	31	1	1.109
1	160	1	4	371	32	0	1.338
1	161	1	4	17	31	1	1.086
1	162	1	2	128	32	1	1.174
1	163	2	3	1	30	1	1.694
1	164	1	2	122	33	1	2.310
