
*********************************************
* Sustained Attention and Recognition Memory Experiment - Sustained Attention Task v.1.0
* Date/Time: 03-Feb-2015 14:01:15
* Seed: 205789.5
* Subject Number: 66
* Subject Name: MW
* Run Number: 1
* debug: 0
*********************************************

run	trl	tdf	sct	simg	crsp	rsp	acc	rt
1	1	0.010	2	45	72	72	1	0.649
1	2	0.010	2	510	72	72	1	0.569
1	3	0.009	2	382	72	72	1	0.594
1	4	0.009	2	126	72	72	1	0.628
1	5	0.009	2	196	72	72	1	0.680
1	6	0.008	1	133	74	74	1	0.759
1	7	0.008	2	546	72	72	1	0.715
1	8	0.008	2	529	72	72	1	0.690
1	9	0.007	2	415	72	72	1	0.680
1	10	0.007	2	19	72	72	1	0.741
1	11	0.007	1	24	74	74	1	0.671
1	12	0.006	2	268	72	72	1	0.893
1	13	0.006	2	391	72	72	1	0.693
1	14	0.006	2	419	72	72	1	0.632
1	15	0.005	2	173	72	72	1	0.614
1	16	0.005	2	120	72	72	1	0.613
1	17	0.005	2	46	72	72	1	0.604
1	18	0.004	2	305	72	72	1	0.714
1	19	0.004	2	549	72	72	1	0.671
1	20	0.003	2	424	72	72	1	0.776
1	21	0.003	2	508	72	72	1	0.768
1	22	0.016	1	494	74	74	1	0.682
1	23	0.002	2	318	72	72	1	0.857
1	24	0.002	1	401	74	74	1	0.756
1	25	0.002	2	272	72	72	1	0.681
1	26	0.001	2	206	72	72	1	0.647
1	27	0.001	2	389	72	72	1	0.618
1	28	0.001	2	193	72	72	1	0.608
1	29	0.014	2	494	72	72	1	0.545
1	30	0.013	1	284	74	72	0	0.536
1	31	0.013	2	155	72	72	1	0.750
1	32	0.013	2	432	72	72	1	0.742
1	33	0.012	2	459	72	72	1	0.847
1	34	0.012	2	259	72	NaN	0	NaN
1	35	0.012	1	365	74	74	1	0.688
1	36	0.011	2	16	72	72	1	0.640
1	37	0.011	2	115	72	74	0	0.600
1	38	0.011	1	229	74	74	1	0.800
1	39	0.010	2	83	72	72	1	0.840
1	40	0.010	2	162	72	72	1	0.835
1	41	0.010	2	358	72	NaN	0	NaN
1	42	0.009	2	18	72	72	1	0.151
1	43	0.009	1	143	74	72	0	0.330
1	44	0.009	2	386	72	72	1	0.612
1	45	0.008	2	154	72	74	0	0.843
1	46	0.008	2	461	72	72	1	0.663
1	47	0.008	2	371	72	72	1	0.613
1	48	0.007	2	149	72	72	1	0.591
1	49	0.007	2	32	72	72	1	0.562
1	50	0.007	1	292	74	74	1	0.605
1	51	0.006	1	314	74	74	1	0.549
1	52	0.006	2	320	72	72	1	0.565
1	53	0.005	2	539	72	NaN	0	NaN
1	54	0.005	2	237	72	72	1	0.638
1	55	0.005	2	1	72	72	1	0.556
1	56	0.005	2	244	72	72	1	0.587
1	57	0.004	1	204	74	74	1	0.703
1	58	0.004	2	501	72	72	1	0.688
1	59	0.003	2	535	72	72	1	0.698
1	60	0.003	2	458	72	72	1	0.640
1	61	0.003	2	523	72	74	0	0.629
1	62	0.002	2	90	72	NaN	0	NaN
1	63	0.002	2	506	72	72	1	0.529
1	64	0.002	2	252	72	72	1	0.481
1	65	0.001	2	448	72	72	1	0.450
1	66	0.001	2	354	72	72	1	0.538
1	67	0.001	2	435	72	72	1	0.603
1	68	0.014	2	532	72	72	1	0.509
1	69	0.013	2	503	72	72	1	0.710
1	70	0.013	2	249	72	72	1	0.710
1	71	0.013	1	213	74	74	1	0.576
1	72	0.012	2	245	72	72	1	0.610
1	73	0.012	2	412	72	72	1	0.591
1	74	0.012	2	157	72	72	1	0.581
1	75	0.011	2	374	72	72	1	0.576
1	76	0.011	2	164	72	72	1	0.692
1	77	0.011	2	468	72	72	1	0.792
1	78	0.010	2	439	72	72	1	0.782
1	79	0.010	2	73	72	NaN	0	NaN
1	80	0.010	2	161	72	72	1	0.613
1	81	0.009	1	161	74	74	1	0.634
1	82	0.009	1	226	74	72	0	0.604
1	83	0.009	2	146	72	72	1	0.684
1	84	0.008	1	306	74	74	1	0.605
1	85	0.008	2	360	72	72	1	0.615
1	86	0.008	2	218	72	72	1	0.726
1	87	0.007	2	502	72	72	1	0.732
1	88	0.007	2	367	72	72	1	0.716
1	89	0.006	2	276	72	72	1	0.828
1	90	0.006	2	543	72	72	1	0.829
1	91	0.006	2	12	72	72	1	0.814
1	92	0.005	2	177	72	NaN	0	NaN
1	93	0.005	2	317	72	72	1	0.568
1	94	0.005	2	209	72	72	1	0.419
1	95	0.004	2	303	72	72	1	0.569
1	96	0.004	2	452	72	72	1	0.599
1	97	0.004	2	91	72	72	1	0.570
1	98	0.004	2	205	72	72	1	0.590
1	99	0.003	2	398	72	72	1	0.731
1	100	0.003	2	271	72	72	1	0.661
1	101	0.002	2	401	72	72	1	0.634
1	102	0.002	2	359	72	72	1	0.713
1	103	0.002	2	229	72	72	1	0.732
1	104	0.001	2	356	72	72	1	0.523
1	105	0.001	2	426	72	72	1	0.482
1	106	0.001	2	265	72	72	1	0.476
1	107	0.014	2	141	72	72	1	0.530
1	108	0.013	2	473	72	72	1	0.511
1	109	0.013	2	114	72	72	1	0.561
1	110	0.013	2	273	72	72	1	0.583
1	111	0.012	2	232	72	72	1	0.623
1	112	0.012	2	400	72	72	1	0.623
1	113	0.012	2	454	72	72	1	0.673
1	114	0.011	2	231	72	72	1	0.808
1	115	0.011	2	366	72	72	1	0.824
1	116	0.011	2	436	72	72	1	0.884
1	117	0.010	2	346	72	NaN	0	NaN
1	118	0.010	2	369	72	72	1	0.785
1	119	0.010	2	321	72	72	1	0.766
1	120	0.009	2	89	72	72	1	0.696
1	121	0.009	2	362	72	72	1	0.716
1	122	0.008	2	7	72	72	1	0.739
1	123	0.008	2	282	72	72	1	0.867
1	124	0.008	1	462	74	74	1	0.579
1	125	0.007	2	21	72	72	1	0.548
1	126	0.007	2	55	72	72	1	0.509
1	127	0.007	2	63	72	72	1	0.489
1	128	0.006	2	446	72	72	1	0.459
1	129	0.006	2	496	72	72	1	0.459
1	130	0.006	2	495	72	72	1	0.530
1	131	0.005	2	373	72	72	1	0.542
1	132	0.005	2	148	72	72	1	0.641
1	133	0.005	2	102	72	72	1	0.791
1	134	0.004	1	290	74	74	1	0.812
1	135	0.004	2	530	72	72	1	0.612
1	136	0.004	2	534	72	72	1	0.543
1	137	0.003	2	169	72	72	1	0.536
1	138	0.003	2	479	72	72	1	0.553
1	139	0.003	2	279	72	72	1	0.625
1	140	0.002	2	449	72	72	1	0.690
1	141	0.002	2	263	72	72	1	0.664
1	142	0.002	2	70	72	72	1	0.705
1	143	0.001	2	409	72	72	1	0.765
1	144	0.001	2	342	72	72	1	0.825
1	145	0.001	2	128	72	72	1	0.806
1	146	0.014	2	64	72	72	1	0.635
1	147	0.013	2	158	72	72	1	0.638
1	148	0.013	2	319	72	72	1	0.584
1	149	0.013	2	22	72	72	1	0.514
1	150	0.012	2	236	72	72	1	0.559
1	151	0.012	2	20	72	74	0	0.555
1	152	0.011	1	374	74	74	1	0.536
1	153	0.011	2	289	72	72	1	0.530
1	154	0.011	2	87	72	72	1	0.526
1	155	0.010	2	137	72	72	1	0.467
1	156	0.010	2	466	72	72	1	0.473
1	157	0.010	2	96	72	72	1	0.435
1	158	0.009	2	119	72	72	1	0.370
1	159	0.009	2	480	72	72	1	0.410
1	160	0.009	2	174	72	72	1	0.498
1	161	0.008	2	167	72	72	1	0.419
1	162	0.008	2	453	72	72	1	0.379
1	163	0.008	1	93	74	74	1	0.539
1	164	0.007	2	241	72	72	1	0.452
1	165	0.007	2	195	72	72	1	0.423
1	166	0.007	2	500	72	72	1	0.335
1	167	0.006	2	125	72	72	1	0.371
1	168	0.006	2	180	72	72	1	0.390
1	169	0.006	2	397	72	72	1	0.453
1	170	0.005	2	112	72	72	1	0.462
1	171	0.005	2	51	72	72	1	0.534
1	172	0.005	2	28	72	72	1	0.490
1	173	0.004	2	504	72	72	1	0.474
1	174	0.004	2	403	72	72	1	0.414
1	175	0.004	2	471	72	72	1	0.345
1	176	0.003	2	54	72	72	1	0.448
1	177	0.003	2	25	72	72	1	0.416
1	178	0.003	2	491	72	72	1	0.476
1	179	0.002	2	160	72	72	1	0.489
1	180	0.002	1	357	74	72	0	0.427
1	181	0.002	2	202	72	72	1	0.378
1	182	0.001	2	434	72	72	1	0.418
1	183	0.001	2	166	72	72	1	0.438
1	184	0.000	1	451	74	72	0	0.408
1	185	0.014	1	265	74	72	0	0.445
1	186	0.013	2	531	72	72	1	0.736
1	187	0.013	2	44	72	72	1	0.596
1	188	0.013	2	107	72	72	1	0.535
1	189	0.012	2	444	72	72	1	0.488
1	190	0.012	2	233	72	72	1	0.447
1	191	0.011	2	11	72	72	1	0.536
1	192	0.011	2	186	72	72	1	0.700
1	193	0.011	2	49	72	72	1	0.744
1	194	0.010	2	239	72	72	1	0.761
1	195	0.010	2	191	72	72	1	0.681
1	196	0.010	1	440	74	74	1	0.481
1	197	0.009	2	76	72	72	1	0.548
1	198	0.009	2	109	72	72	1	0.554
1	199	0.009	2	156	72	72	1	0.692
1	200	0.008	1	355	74	74	1	0.571
1	201	0.008	2	418	72	72	1	0.596
1	202	0.008	2	509	72	72	1	0.563
1	203	0.007	2	522	72	72	1	0.719
1	204	0.007	2	406	72	72	1	0.813
1	205	0.007	2	361	72	72	1	0.821
1	206	0.006	2	536	72	72	1	0.685
1	207	0.006	2	139	72	72	1	0.671
1	208	0.006	2	163	72	72	1	0.607
1	209	0.005	1	94	74	74	1	0.585
1	210	0.005	2	314	72	72	1	0.545
1	211	0.005	2	498	72	72	1	0.567
1	212	0.004	2	31	72	72	1	0.487
1	213	0.004	2	121	72	72	1	0.527
1	214	0.004	2	37	72	72	1	0.544
1	215	0.003	2	505	72	74	0	0.767
1	216	0.003	2	352	72	72	1	0.589
1	217	0.002	2	334	72	72	1	0.606
1	218	0.002	2	187	72	72	1	0.635
1	219	0.002	2	451	72	72	1	0.665
1	220	0.001	2	455	72	72	1	0.611
1	221	0.001	2	488	72	72	1	0.626
1	222	0.001	2	290	72	72	1	0.588
1	223	0.000	2	208	72	72	1	0.671
1	224	0.013	2	200	72	72	1	0.542
1	225	0.013	2	5	72	72	1	0.616
1	226	0.013	2	47	72	72	1	0.548
1	227	0.012	2	526	72	72	1	0.649
1	228	0.012	2	394	72	72	1	0.511
1	229	0.012	2	288	72	72	1	0.516
1	230	0.011	2	378	72	72	1	0.620
1	231	0.011	2	95	72	72	1	0.472
1	232	0.011	2	204	72	72	1	0.530
1	233	0.010	2	464	72	72	1	0.473
1	234	0.010	2	116	72	72	1	0.541
1	235	0.010	2	470	72	72	1	0.602
1	236	0.009	2	525	72	72	1	0.554
1	237	0.009	2	65	72	72	1	0.554
1	238	0.009	1	330	74	74	1	0.595
1	239	0.009	2	396	72	72	1	0.513
1	240	0.008	2	336	72	72	1	0.467
1	241	0.008	2	410	72	72	1	0.420
1	242	0.007	1	407	74	74	1	0.585
1	243	0.007	2	379	72	72	1	0.665
1	244	0.007	2	15	72	72	1	0.626
1	245	0.006	2	513	72	72	1	0.606
1	246	0.006	2	294	72	72	1	0.557
1	247	0.006	2	72	72	72	1	0.493
1	248	0.005	2	199	72	72	1	0.486
1	249	0.005	2	183	72	72	1	0.428
1	250	0.004	2	213	72	72	1	0.510
1	251	0.004	2	324	72	72	1	0.465
1	252	0.004	2	355	72	72	1	0.391
1	253	0.003	2	246	72	72	1	0.411
1	254	0.003	2	81	72	72	1	0.359
1	255	0.003	1	198	74	72	0	0.368
1	256	0.002	2	465	72	72	1	0.505
1	257	0.002	2	518	72	72	1	0.491
1	258	0.002	2	384	72	72	1	0.521
1	259	0.001	2	67	72	72	1	0.572
1	260	0.014	2	485	72	72	1	0.541
1	261	0.001	2	521	72	72	1	0.622
1	262	0.014	2	165	72	72	1	0.669
1	263	0.013	2	41	72	72	1	0.710
1	264	0.013	2	350	72	72	1	0.790
1	265	0.013	2	60	72	72	1	0.855
1	266	0.012	2	101	72	72	1	0.743
1	267	0.012	2	493	72	72	1	0.811
1	268	0.012	2	29	72	72	1	0.762
1	269	0.011	2	383	72	72	1	0.812
1	270	0.011	2	380	72	72	1	0.824
1	271	0.011	2	443	72	NaN	0	NaN
1	272	0.010	2	433	72	NaN	0	NaN
1	273	0.010	2	4	72	72	1	0.017
1	274	0.010	1	42	74	72	0	0.144
1	275	0.009	2	388	72	72	1	0.442
1	276	0.009	2	185	72	72	1	0.506
1	277	0.009	2	58	72	72	1	0.545
1	278	0.008	1	110	74	74	1	0.467
1	279	0.008	2	197	72	72	1	0.546
1	280	0.008	2	489	72	72	1	0.537
1	281	0.007	2	212	72	72	1	0.587
1	282	0.007	2	138	72	72	1	0.616
1	283	0.007	2	136	72	72	1	0.685
1	284	0.006	1	488	74	72	0	0.717
1	285	0.006	1	383	74	74	1	0.698
1	286	0.005	2	399	72	72	1	0.709
1	287	0.005	2	425	72	72	1	0.782
1	288	0.005	2	440	72	72	1	0.590
1	289	0.004	2	104	72	72	1	0.478
1	290	0.004	2	395	72	72	1	0.551
1	291	0.004	2	226	72	72	1	0.561
1	292	0.003	2	487	72	72	1	0.577
1	293	0.003	1	253	74	74	1	0.592
1	294	0.003	1	387	74	74	1	0.544
1	295	0.002	2	349	72	72	1	0.577
1	296	0.002	2	307	72	72	1	0.577
1	297	0.002	2	472	72	72	1	0.482
1	298	0.001	2	228	72	72	1	0.506
1	299	0.001	2	441	72	72	1	0.482
1	300	0.001	2	210	72	72	1	0.725
1	301	0.014	2	88	72	72	1	0.612
1	302	0.013	2	457	72	72	1	0.534
1	303	0.013	2	74	72	72	1	0.703
1	304	0.013	2	542	72	72	1	0.643
1	305	0.012	1	545	74	74	1	0.655
1	306	0.012	2	330	72	72	1	0.575
1	307	0.012	2	267	72	72	1	0.523
1	308	0.011	2	478	72	72	1	0.472
1	309	0.011	2	152	72	72	1	0.435
1	310	0.011	2	477	72	72	1	0.396
1	311	0.010	2	217	72	72	1	0.546
1	312	0.010	2	247	72	72	1	0.434
1	313	0.010	2	105	72	72	1	0.282
1	314	0.009	2	507	72	72	1	0.287
1	315	0.009	2	189	72	72	1	0.274
1	316	0.008	2	129	72	72	1	0.458
1	317	0.008	2	94	72	72	1	0.428
1	318	0.008	2	345	72	72	1	0.389
1	319	0.007	2	528	72	72	1	0.589
1	320	0.007	2	474	72	72	1	0.484
1	321	0.007	2	203	72	72	1	0.477
1	322	0.006	2	14	72	72	1	0.470
1	323	0.006	1	66	74	74	1	0.490
1	324	0.006	2	545	72	72	1	0.527
1	325	0.005	2	266	72	72	1	0.527
1	326	0.005	2	447	72	NaN	0	NaN
1	327	0.005	2	216	72	72	1	0.495
1	328	0.004	2	71	72	72	1	0.433
1	329	0.004	2	75	72	72	1	0.433
1	330	0.004	2	38	72	72	1	0.483
1	331	0.003	2	278	72	72	1	0.474
1	332	0.003	2	222	72	72	1	0.416
1	333	0.003	2	2	72	72	1	0.355
1	334	0.002	2	256	72	72	1	0.417
1	335	0.002	2	333	72	72	1	0.367
1	336	0.002	2	381	72	72	1	0.386
1	337	0.001	2	238	72	72	1	0.498
1	338	0.001	2	140	72	72	1	0.487
1	339	0.001	2	437	72	72	1	0.487
1	340	0.014	2	363	72	72	1	0.446
1	341	0.013	1	71	74	74	1	0.534
1	342	0.013	2	322	72	72	1	0.454
1	343	0.013	1	359	74	72	0	0.455
1	344	0.012	2	450	72	72	1	0.647
1	345	0.012	2	135	72	72	1	0.518
1	346	0.011	2	370	72	72	1	0.566
1	347	0.011	2	111	72	72	1	0.787
1	348	0.011	2	280	72	72	1	0.504
1	349	0.010	2	30	72	72	1	0.448
1	350	0.010	2	423	72	72	1	0.409
1	351	0.010	2	315	72	72	1	0.498
1	352	0.009	2	99	72	72	1	0.457
1	353	0.009	2	6	72	72	1	0.429
1	354	0.009	2	68	72	72	1	0.438
1	355	0.008	2	24	72	72	1	0.459
1	356	0.008	2	35	72	72	1	0.443
1	357	0.008	2	353	72	72	1	0.412
1	358	0.007	2	430	72	72	1	0.476
1	359	0.007	2	340	72	72	1	0.470
1	360	0.007	2	274	72	72	1	0.509
1	361	0.007	2	188	72	72	1	0.492
1	362	0.006	1	442	74	74	1	0.663
1	363	0.006	2	26	72	72	1	0.603
1	364	0.005	2	347	72	72	1	0.486
1	365	0.005	2	214	72	72	1	0.416
1	366	0.005	2	194	72	72	1	0.335
1	367	0.005	2	390	72	72	1	0.354
1	368	0.004	2	82	72	72	1	0.305
1	369	0.004	2	463	72	72	1	0.311
1	370	0.003	2	341	72	72	1	0.305
1	371	0.003	2	310	72	72	1	0.280
1	372	0.003	2	377	72	72	1	0.277
1	373	0.002	2	344	72	72	1	0.209
1	374	0.002	1	218	74	72	0	0.280
1	375	0.002	2	429	72	72	1	0.418
1	376	0.001	2	207	72	72	1	0.410
1	377	0.001	2	385	72	72	1	0.490
1	378	0.000	2	544	72	72	1	0.444
1	379	0.013	2	13	72	72	1	0.478
1	380	0.013	2	293	72	72	1	0.390
1	381	0.013	2	540	72	72	1	0.527
1	382	0.012	2	537	72	72	1	0.498
1	383	0.012	2	57	72	72	1	0.488
1	384	0.012	2	476	72	72	1	0.367
1	385	0.011	2	467	72	72	1	0.433
1	386	0.011	2	284	72	72	1	0.400
1	387	0.011	2	258	72	72	1	0.378
1	388	0.011	2	144	72	72	1	0.409
1	389	0.010	2	308	72	72	1	0.410
1	390	0.010	2	368	72	72	1	0.397
1	391	0.009	2	285	72	72	1	0.351
1	392	0.009	2	300	72	72	1	0.330
1	393	0.009	2	348	72	72	1	0.283
1	394	0.008	2	192	72	72	1	0.162
1	395	0.008	2	533	72	72	1	0.123
1	396	0.008	2	178	72	72	1	0.364
1	397	0.008	2	220	72	72	1	0.283
1	398	0.007	2	242	72	72	1	0.434
1	399	0.007	2	492	72	72	1	0.477
1	400	0.006	2	179	72	72	1	0.485
1	401	0.006	2	211	72	72	1	0.453
1	402	0.006	1	70	74	72	0	0.574
1	403	0.005	2	3	72	72	1	0.576
1	404	0.005	1	430	74	74	1	0.697
1	405	0.005	2	438	72	72	1	0.532
1	406	0.004	2	117	72	72	1	0.487
1	407	0.004	2	69	72	72	1	0.503
1	408	0.004	2	223	72	72	1	0.488
1	409	0.003	2	550	72	72	1	0.472
1	410	0.003	2	23	72	72	1	0.400
1	411	0.002	2	325	72	72	1	0.319
1	412	0.002	1	201	74	74	1	0.500
1	413	0.002	2	79	72	72	1	0.386
1	414	0.001	2	497	72	72	1	0.470
1	415	0.001	2	184	72	72	1	0.479
1	416	0.001	2	110	72	72	1	0.442
1	417	0.014	2	257	72	72	1	0.350
1	418	0.013	2	181	72	72	1	0.458
1	419	0.013	2	404	72	72	1	0.518
1	420	0.013	2	402	72	72	1	0.500
1	421	0.012	2	221	72	72	1	0.431
1	422	0.012	2	283	72	72	1	0.380
1	423	0.012	2	118	72	72	1	0.415
1	424	0.012	2	240	72	72	1	0.392
1	425	0.011	2	483	72	72	1	0.416
1	426	0.011	2	420	72	72	1	0.344
1	427	0.010	2	85	72	72	1	0.385
1	428	0.010	2	190	72	72	1	0.345
1	429	0.010	2	548	72	72	1	0.334
1	430	0.009	2	123	72	72	1	0.334
1	431	0.009	1	18	74	72	0	0.346
1	432	0.009	2	168	72	72	1	0.458
1	433	0.008	2	103	72	72	1	0.486
1	434	0.008	2	113	72	72	1	0.427
1	435	0.008	2	230	72	72	1	0.416
1	436	0.007	2	516	72	72	1	0.380
1	437	0.007	2	421	72	72	1	0.467
1	438	0.006	2	292	72	72	1	0.549
1	439	0.006	2	297	72	72	1	0.448
1	440	0.006	2	150	72	72	1	0.509
1	441	0.005	2	10	72	72	1	0.509
1	442	0.005	2	417	72	72	1	0.438
1	443	0.005	2	460	72	72	1	0.470
1	444	0.004	2	337	72	72	1	0.423
1	445	0.004	2	175	72	72	1	0.367
1	446	0.004	2	234	72	72	1	0.423
1	447	0.003	2	264	72	72	1	0.432
1	448	0.003	2	469	72	72	1	0.462
1	449	0.003	2	327	72	72	1	0.414
1	450	0.002	2	431	72	72	1	0.361
1	451	0.002	2	130	72	72	1	0.369
1	452	0.002	2	405	72	72	1	0.453
1	453	0.001	2	482	72	72	1	0.530
1	454	0.001	2	9	72	72	1	0.414
1	455	0.001	2	153	72	72	1	0.435
1	456	0.014	2	61	72	72	1	0.399
1	457	0.013	2	86	72	72	1	0.422
1	458	0.013	2	375	72	72	1	0.424
1	459	0.013	2	302	72	72	1	0.369
1	460	0.012	2	42	72	72	1	0.503
1	461	0.012	1	467	74	74	1	0.553
1	462	0.012	2	225	72	72	1	0.514
1	463	0.011	2	372	72	72	1	0.456
1	464	0.011	1	165	74	74	1	0.595
1	465	0.011	2	97	72	72	1	0.476
1	466	0.010	2	270	72	72	1	0.426
1	467	0.010	2	311	72	72	1	0.377
1	468	0.010	2	27	72	72	1	0.376
1	469	0.010	2	323	72	72	1	0.330
1	470	0.009	2	312	72	72	1	0.290
1	471	0.009	1	288	74	72	0	0.235
1	472	0.008	2	182	72	72	1	0.338
1	473	0.008	2	143	72	72	1	0.368
1	474	0.007	2	124	72	72	1	0.380
1	475	0.007	1	372	74	72	0	0.519
1	476	0.007	2	296	72	72	1	0.452
1	477	0.006	2	481	72	72	1	0.460
1	478	0.006	2	269	72	72	1	0.412
1	479	0.006	2	56	72	72	1	0.477
1	480	0.006	2	519	72	72	1	0.551
1	481	0.005	2	295	72	72	1	0.522
1	482	0.005	2	364	72	72	1	0.692
1	483	0.005	2	286	72	72	1	0.522
1	484	0.004	2	499	72	72	1	0.463
1	485	0.004	2	427	72	72	1	0.393
1	486	0.003	2	416	72	72	1	0.344
1	487	0.003	1	8	74	72	0	0.334
1	488	0.003	2	393	72	72	1	0.385
1	489	0.002	2	132	72	72	1	0.425
1	490	0.002	2	248	72	72	1	0.735
1	491	0.002	2	313	72	72	1	0.586
1	492	0.001	2	275	72	72	1	0.806
1	493	0.001	2	254	72	72	1	0.497
1	494	0.001	2	291	72	72	1	0.394
1	495	0.014	2	387	72	72	1	0.445
1	496	0.013	2	84	72	72	1	0.342
1	497	0.013	2	17	72	72	1	0.506
1	498	0.013	2	335	72	72	1	0.391
1	499	0.012	2	80	72	72	1	0.543
1	500	0.012	1	504	74	74	1	0.617

*********************************************
* Sustained Attention and Recognition Memory Experiment - Memory Test v.1.0
* Date/Time: 03-Feb-2015 14:18:34
* Seed: 208671.3
* Subject Number: 66
* Subject Name: MW
* Run Number: 1
* debug: 0
*********************************************

1	1	1	4	456	50	1	4.454
1	2	2	3	215	51	0	4.234
1	3	1	2	401	52	1	5.353
1	4	1	4	78	49	1	5.382
1	5	1	4	47	50	1	2.899
1	6	2	3	127	51	0	3.386
1	7	2	1	481	51	1	3.177
1	8	1	4	137	49	1	2.679
1	9	2	3	33	50	1	2.331
1	10	2	3	304	51	0	5.717
1	11	2	3	48	50	1	2.849
1	12	2	1	386	50	0	2.982
1	13	1	4	221	50	1	5.130
1	14	2	3	376	52	0	3.753
1	15	1	2	204	51	1	3.670
1	16	1	4	546	50	1	3.820
1	17	2	3	227	50	1	4.560
1	18	2	3	59	51	0	3.136
1	19	1	2	218	52	1	3.481
1	20	1	2	407	52	1	2.129
1	21	2	3	332	50	1	4.546
1	22	2	1	449	52	1	3.684
1	23	2	3	250	50	1	3.268
1	24	2	1	455	52	1	3.071
1	25	2	1	312	52	1	2.635
1	26	1	2	201	52	1	2.266
1	27	1	2	290	51	1	3.677
1	28	2	3	172	51	0	3.391
1	29	2	3	201	49	1	3.305
1	30	1	4	333	50	1	2.586
1	31	2	3	53	50	1	3.473
1	32	1	2	93	52	1	2.643
1	33	1	2	71	52	1	2.068
1	34	1	2	365	52	1	2.413
1	35	2	3	224	50	1	3.294
1	36	2	1	3	51	1	2.813
1	37	2	1	393	51	1	2.857
1	38	1	4	125	50	1	3.480
1	39	1	4	274	49	1	2.145
1	40	2	1	437	50	0	2.909
1	41	1	4	278	50	1	3.289
1	42	2	1	44	49	0	4.672
1	43	1	2	314	52	1	2.320
1	44	2	3	326	52	0	2.267
1	45	1	2	430	52	1	1.858
1	46	1	4	377	51	0	3.011
1	47	1	2	226	51	1	2.986
1	48	2	1	438	52	1	2.315
1	49	1	4	510	50	1	2.311
1	50	2	1	545	52	1	2.198
1	51	1	4	339	49	1	2.769
1	52	2	3	262	52	0	2.656
1	53	2	3	34	52	0	2.065
1	54	1	2	306	52	1	2.760
1	55	1	2	374	50	0	2.815
1	56	1	4	177	50	1	2.565
1	57	2	3	235	51	0	2.457
1	58	1	4	241	50	1	3.341
1	59	2	1	232	51	1	2.665
1	60	2	3	442	50	1	1.987
1	61	2	3	171	50	1	2.492
1	62	2	1	493	50	0	3.029
1	63	2	1	206	52	1	3.678
1	64	1	2	488	50	0	2.192
1	65	2	1	210	52	1	1.799
1	66	2	1	330	51	1	2.408
1	67	1	4	302	50	1	2.665
1	68	1	4	157	49	1	3.530
1	69	2	1	530	50	0	2.201
1	70	2	3	527	50	1	2.914
1	71	2	1	177	51	1	2.814
1	72	1	4	295	50	1	2.154
1	73	2	3	108	50	1	2.430
1	74	1	4	324	50	1	2.087
1	75	2	1	51	50	0	3.150
1	76	1	2	265	52	1	3.338
1	77	2	1	471	52	1	1.830
1	78	2	3	106	50	1	2.157
1	79	1	4	236	49	1	2.163
1	80	1	4	515	49	1	1.983
1	81	1	2	229	50	0	3.717
1	82	2	1	105	50	0	2.460
1	83	2	1	459	50	0	2.950
1	84	2	1	290	52	1	2.439
1	85	2	3	357	50	1	2.301
1	86	1	4	425	50	1	2.303
1	87	1	4	368	50	1	3.115
1	88	2	3	486	51	0	3.007
1	89	1	2	504	50	0	4.134
1	90	2	1	26	52	1	2.141
1	91	1	4	75	49	1	1.896
1	92	1	2	494	52	1	2.026
1	93	1	2	165	52	1	1.486
1	94	2	3	351	51	0	3.529
1	95	1	2	442	50	0	4.792
1	96	2	3	512	50	1	2.061
1	97	1	4	348	50	1	2.699
1	98	2	1	10	52	1	2.119
1	99	2	3	411	50	1	2.781
1	100	2	3	93	51	0	2.063
1	101	2	3	299	51	0	1.499
1	102	2	3	328	50	1	1.718
1	103	2	1	489	50	0	1.674
1	104	2	1	107	51	1	1.958
1	105	1	2	42	52	1	2.057
1	106	1	4	142	50	1	2.230
1	107	2	3	329	52	0	1.470
1	108	1	2	292	49	0	2.503
1	109	2	3	159	51	0	3.264
1	110	1	2	288	52	1	2.351
1	111	1	4	317	50	1	2.523
1	112	2	3	511	50	1	2.338
1	113	1	4	79	49	1	2.072
1	114	2	1	403	50	0	2.324
1	115	2	3	62	50	1	3.296
1	116	1	2	330	51	1	5.330
1	117	1	2	284	51	1	4.713
1	118	2	3	414	49	1	2.718
1	119	1	2	24	52	1	2.837
1	120	2	1	283	50	0	6.681
1	121	2	1	162	50	0	1.889
1	122	1	2	94	52	1	1.703
1	123	2	3	490	50	1	3.062
1	124	2	3	392	49	1	3.522
1	125	2	3	520	50	1	3.281
1	126	2	1	361	52	1	1.928
1	127	1	4	277	50	1	2.632
1	128	2	1	37	51	1	2.778
1	129	1	4	454	51	0	2.225
1	130	2	1	310	50	0	2.618
1	131	2	1	110	50	0	2.038
1	132	1	4	449	49	1	2.204
1	133	1	4	21	50	1	3.352
1	134	1	2	8	50	0	3.119
1	135	1	4	41	51	0	2.563
1	136	1	2	18	50	0	2.463
1	137	2	3	541	51	0	2.896
1	138	1	4	117	50	1	1.855
1	139	2	1	415	51	1	3.189
1	140	1	2	383	50	0	2.570
1	141	1	2	161	50	0	2.342
1	142	1	4	318	52	0	3.033
1	143	2	3	92	51	0	3.214
1	144	1	4	56	50	1	2.011
1	145	1	2	133	49	0	2.264
1	146	1	4	57	49	1	2.306
1	147	1	4	427	49	1	1.469
1	148	1	2	387	50	0	2.297
1	149	2	1	324	51	1	2.559
1	150	1	2	451	51	1	4.537
1	151	2	1	308	52	1	3.664
1	152	2	3	243	50	1	1.855
1	153	2	1	305	50	0	2.197
1	154	2	1	64	50	0	1.908
1	155	1	4	311	49	1	2.418
1	156	1	4	413	50	1	3.273
1	157	2	1	507	50	0	1.795
1	158	2	1	508	52	1	1.931
1	159	1	4	215	50	1	1.745
1	160	1	2	440	52	1	2.854
1	161	1	2	66	52	1	3.586
1	162	1	2	357	50	0	2.529
1	163	1	2	467	52	1	2.082
1	164	1	4	472	49	1	3.435
1	165	2	1	245	51	1	1.986
1	166	1	4	542	50	1	1.891
1	167	2	3	514	51	0	2.564
1	168	1	4	496	52	0	2.629
1	169	1	4	541	49	1	1.842
1	170	1	2	253	51	1	2.088
1	171	1	2	198	52	1	4.270
1	172	2	3	524	51	0	1.773
1	173	2	3	170	50	1	2.095
1	174	1	2	110	52	1	2.815
1	175	2	1	496	50	0	1.719
1	176	1	4	315	49	1	2.253
1	177	1	4	364	49	1	1.513
1	178	2	1	228	49	0	1.540
1	179	2	1	483	51	1	1.773
1	180	1	2	545	50	0	1.470
1	181	1	2	462	50	0	1.274
1	182	2	3	261	50	1	0.958
1	183	1	2	372	50	0	1.363
1	184	1	4	408	50	1	1.983
1	185	1	2	143	51	1	2.336
1	186	1	2	213	51	1	2.876
1	187	1	2	359	50	0	2.261
1	188	2	1	212	51	1	2.185
1	189	2	1	225	50	0	1.711
1	190	2	3	133	50	1	1.707
1	191	2	3	281	50	1	1.287
1	192	1	4	310	49	1	1.445
1	193	1	2	355	50	0	2.470
1	194	2	3	142	51	0	2.210
1	195	1	2	70	50	0	1.486
1	196	1	4	5	50	1	1.164
1	197	2	1	207	50	0	1.221
1	198	2	1	368	51	1	1.059
1	199	2	3	365	51	0	1.358
1	200	2	1	244	52	1	2.609
