
*********************************************
* Sustained Attention and Recognition Memory Experiment - Sustained Attention Task v.1.0
* Date/Time: 06-Nov-2015 11:56:16
* Seed: 209912.5817
* Subject Number: 18
* Subject Name: SL
* Run Number: 1
* debug: 0
*********************************************

run	trl	tdf	sct	simg	crsp	rsp	acc	rt
1	1	0.013	2	11	11	NaN	0	NaN
1	2	0.013	2	136	11	11	1	0.028
1	3	0.013	2	190	11	11	1	0.596
1	4	0.013	2	148	11	11	1	0.524
1	5	0.013	2	462	11	11	1	0.515
1	6	0.013	2	514	11	11	1	0.508
1	7	0.014	2	33	11	11	1	0.475
1	8	0.014	2	147	11	11	1	0.403
1	9	0.014	2	35	11	11	1	0.411
1	10	0.014	2	280	11	11	1	0.427
1	11	0.001	2	19	11	11	1	0.639
1	12	0.001	2	430	11	11	1	0.496
1	13	0.001	2	201	11	11	1	0.608
1	14	0.002	2	308	11	11	1	0.583
1	15	0.002	2	296	11	11	1	0.591
1	16	0.002	1	542	13	11	0	0.471
1	17	0.002	2	474	11	NaN	0	NaN
1	18	0.002	2	400	11	11	1	0.855
1	19	0.003	2	342	11	11	1	0.414
1	20	0.003	1	405	13	13	1	0.573
1	21	0.003	1	242	13	13	1	0.494
1	22	0.003	2	303	11	11	1	0.709
1	23	0.003	2	339	11	11	1	0.822
1	24	0.004	1	74	13	13	1	0.773
1	25	0.004	2	307	11	11	1	0.509
1	26	0.004	2	373	11	11	1	0.541
1	27	0.004	2	260	11	11	1	0.813
1	28	0.004	2	510	11	NaN	0	NaN
1	29	0.005	2	338	11	11	1	0.804
1	30	0.005	2	347	11	11	1	0.524
1	31	0.005	2	332	11	11	1	0.420
1	32	0.005	2	87	11	11	1	0.468
1	33	0.005	2	216	11	11	1	0.411
1	34	0.005	2	498	11	11	1	0.539
1	35	0.006	2	536	11	11	1	0.555
1	36	0.006	2	521	11	11	1	0.731
1	37	0.006	2	59	11	11	1	0.515
1	38	0.006	2	112	11	11	1	0.403
1	39	0.006	2	425	11	11	1	0.555
1	40	0.007	2	226	11	11	1	0.594
1	41	0.007	2	114	11	11	1	0.402
1	42	0.007	2	171	11	11	1	0.529
1	43	0.007	2	444	11	11	1	0.690
1	44	0.007	2	30	11	11	1	0.497
1	45	0.008	2	34	11	11	1	0.425
1	46	0.008	2	223	11	11	1	0.433
1	47	0.008	2	439	11	11	1	0.432
1	48	0.008	1	544	13	11	0	0.488
1	49	0.008	2	482	11	11	1	0.680
1	50	0.009	2	167	11	11	1	0.641
1	51	0.009	2	381	11	11	1	0.424
1	52	0.009	2	197	11	11	1	0.487
1	53	0.009	2	40	11	11	1	0.640
1	54	0.009	2	465	11	11	1	0.487
1	55	0.010	2	138	11	11	1	0.679
1	56	0.010	2	134	11	11	1	0.551
1	57	0.010	2	473	11	11	1	0.486
1	58	0.010	2	327	11	11	1	0.431
1	59	0.010	2	323	11	11	1	0.406
1	60	0.011	2	82	11	11	1	0.503
1	61	0.011	2	404	11	11	1	0.774
1	62	0.011	2	423	11	11	1	0.685
1	63	0.011	2	315	11	11	1	0.558
1	64	0.011	2	21	11	11	1	0.501
1	65	0.012	2	121	11	11	1	0.405
1	66	0.012	2	97	11	11	1	0.357
1	67	0.012	2	191	11	11	1	0.637
1	68	0.012	2	96	11	11	1	0.389
1	69	0.012	2	364	11	11	1	0.421
1	70	0.012	2	67	11	11	1	0.501
1	71	0.013	2	341	11	11	1	0.388
1	72	0.013	2	268	11	11	1	0.396
1	73	0.013	2	84	11	11	1	0.532
1	74	0.013	2	22	11	11	1	0.340
1	75	0.013	2	86	11	11	1	0.507
1	76	0.014	2	411	11	11	1	0.732
1	77	0.014	2	186	11	11	1	0.483
1	78	0.014	2	515	11	11	1	0.371
1	79	0.001	2	70	11	11	1	0.520
1	80	0.001	2	545	11	11	1	0.384
1	81	0.001	2	370	11	11	1	0.471
1	82	0.001	2	383	11	11	1	0.455
1	83	0.002	2	29	11	11	1	0.424
1	84	0.002	2	242	11	11	1	0.439
1	85	0.002	2	517	11	11	1	0.639
1	86	0.002	2	417	11	11	1	0.519
1	87	0.002	2	331	11	NaN	0	NaN
1	88	0.003	2	293	11	11	1	0.158
1	89	0.003	1	192	13	13	1	0.710
1	90	0.003	2	287	11	11	1	0.518
1	91	0.003	2	205	11	11	1	0.405
1	92	0.003	2	436	11	11	1	0.366
1	93	0.004	2	375	11	11	1	0.405
1	94	0.004	2	294	11	11	1	0.477
1	95	0.004	2	168	11	11	1	0.453
1	96	0.004	2	3	11	11	1	0.348
1	97	0.004	2	407	11	11	1	0.437
1	98	0.005	2	489	11	11	1	0.524
1	99	0.005	2	228	11	11	1	0.572
1	100	0.005	2	222	11	11	1	0.404
1	101	0.005	2	390	11	11	1	0.427
1	102	0.005	2	264	11	11	1	0.411
1	103	0.006	2	399	11	11	1	0.539
1	104	0.006	2	10	11	11	1	0.387
1	105	0.006	2	450	11	11	1	0.410
1	106	0.006	2	291	11	11	1	0.427
1	107	0.006	2	535	11	11	1	0.322
1	108	0.006	2	412	11	11	1	0.354
1	109	0.007	2	509	11	11	1	0.418
1	110	0.007	2	277	11	11	1	0.618
1	111	0.007	2	14	11	11	1	0.610
1	112	0.007	2	73	11	11	1	0.585
1	113	0.008	1	338	13	13	1	0.489
1	114	0.008	2	194	11	11	1	0.497
1	115	0.008	2	397	11	11	1	0.457
1	116	0.008	2	539	11	11	1	0.480
1	117	0.008	2	245	11	11	1	0.521
1	118	0.008	2	249	11	11	1	0.440
1	119	0.009	2	497	11	11	1	0.408
1	120	0.009	2	548	11	NaN	0	NaN
1	121	0.009	2	6	11	11	1	0.688
1	122	0.009	2	506	11	11	1	0.624
1	123	0.009	1	265	13	13	1	0.640
1	124	0.010	2	409	11	11	1	0.423
1	125	0.010	2	518	11	11	1	0.423
1	126	0.010	2	298	11	11	1	0.559
1	127	0.010	2	131	11	NaN	0	NaN
1	128	0.010	2	151	11	11	1	0.703
1	129	0.011	1	452	13	13	1	0.734
1	130	0.011	2	80	11	11	1	0.438
1	131	0.011	2	292	11	11	1	0.446
1	132	0.011	2	480	11	11	1	0.349
1	133	0.011	2	334	11	11	1	0.469
1	134	0.011	2	64	11	11	1	0.437
1	135	0.012	2	187	11	11	1	0.509
1	136	0.012	2	477	11	11	1	0.477
1	137	0.012	2	522	11	11	1	0.437
1	138	0.012	2	85	11	11	1	0.420
1	139	0.012	2	491	11	11	1	0.628
1	140	0.013	2	385	11	11	1	0.516
1	141	0.013	2	432	11	11	1	0.468
1	142	0.013	2	53	11	11	1	0.404
1	143	0.013	2	453	11	11	1	0.324
1	144	0.013	2	158	11	11	1	0.347
1	145	0.014	2	49	11	11	1	0.347
1	146	0.014	2	139	11	11	1	0.371
1	147	0.014	2	120	11	11	1	0.347
1	148	0.001	2	288	11	11	1	0.384
1	149	0.001	2	512	11	11	1	0.424
1	150	0.001	2	237	11	11	1	0.352
1	151	0.002	2	311	11	11	1	0.367
1	152	0.002	2	262	11	11	1	0.263
1	153	0.002	2	52	11	11	1	0.414
1	154	0.002	2	68	11	11	1	0.383
1	155	0.002	2	391	11	11	1	0.462
1	156	0.002	2	475	11	11	1	0.375
1	157	0.003	2	393	11	11	1	0.342
1	158	0.003	2	300	11	11	1	0.406
1	159	0.003	2	377	11	11	1	0.429
1	160	0.003	2	349	11	11	1	0.613
1	161	0.003	2	132	11	11	1	0.565
1	162	0.004	2	499	11	11	1	0.446
1	163	0.004	2	71	11	11	1	0.301
1	164	0.004	2	256	11	11	1	0.493
1	165	0.004	2	127	11	11	1	0.661
1	166	0.004	2	433	11	11	1	0.380
1	167	0.005	2	374	11	11	1	0.452
1	168	0.005	2	180	11	11	1	0.428
1	169	0.005	2	207	11	11	1	0.564
1	170	0.005	2	369	11	11	1	0.411
1	171	0.005	2	8	11	11	1	0.467
1	172	0.005	2	533	11	11	1	0.379
1	173	0.006	2	523	11	11	1	0.403
1	174	0.006	2	88	11	11	1	0.499
1	175	0.006	2	495	11	11	1	0.498
1	176	0.006	2	276	11	11	1	0.386
1	177	0.006	2	367	11	11	1	0.371
1	178	0.007	2	5	11	11	1	0.490
1	179	0.007	2	524	11	11	1	0.522
1	180	0.007	2	528	11	11	1	0.426
1	181	0.007	2	60	11	11	1	0.474
1	182	0.008	2	93	11	11	1	0.417
1	183	0.008	2	26	11	11	1	0.577
1	184	0.008	2	133	11	11	1	0.481
1	185	0.008	2	212	11	11	1	0.545
1	186	0.008	2	28	11	11	1	0.544
1	187	0.008	2	255	11	11	1	0.472
1	188	0.009	2	281	11	11	1	0.544
1	189	0.009	2	118	11	11	1	0.360
1	190	0.009	2	455	11	11	1	0.319
1	191	0.009	2	233	11	11	1	0.359
1	192	0.009	2	252	11	11	1	0.407
1	193	0.010	2	547	11	11	1	0.479
1	194	0.010	2	451	11	11	1	0.527
1	195	0.010	2	153	11	11	1	0.590
1	196	0.010	2	36	11	11	1	0.535
1	197	0.010	1	206	13	13	1	0.790
1	198	0.011	2	241	11	11	1	0.494
1	199	0.011	2	91	11	11	1	0.358
1	200	0.011	2	366	11	11	1	0.366
1	201	0.011	2	313	11	11	1	0.470
1	202	0.011	2	56	11	11	1	0.453
1	203	0.012	2	505	11	11	1	0.445
1	204	0.012	2	333	11	11	1	0.461
1	205	0.012	2	378	11	11	1	0.445
1	206	0.012	2	376	11	11	1	0.444
1	207	0.012	2	144	11	11	1	0.580
1	208	0.012	2	54	11	11	1	0.461
1	209	0.013	2	478	11	11	1	0.564
1	210	0.013	2	208	11	11	1	0.564
1	211	0.013	2	221	11	11	1	0.500
1	212	0.013	2	189	11	11	1	0.484
1	213	0.013	2	95	11	11	1	0.371
1	214	0.014	2	143	11	11	1	0.539
1	215	0.014	2	490	11	11	1	0.659
1	216	0.014	2	111	11	11	1	0.579
1	217	0.001	1	443	13	11	0	0.352
1	218	0.001	2	415	11	11	1	0.647
1	219	0.001	2	155	11	11	1	0.392
1	220	0.002	2	238	11	11	1	0.415
1	221	0.002	2	185	11	11	1	0.567
1	222	0.002	2	361	11	11	1	0.295
1	223	0.002	2	37	11	11	1	0.311
1	224	0.002	2	466	11	11	1	0.439
1	225	0.002	2	175	11	11	1	0.526
1	226	0.003	2	310	11	11	1	0.366
1	227	0.003	2	325	11	11	1	0.397
1	228	0.003	2	464	11	11	1	0.334
1	229	0.003	2	403	11	11	1	0.438
1	230	0.003	2	549	11	11	1	0.469
1	231	0.004	2	467	11	11	1	0.429
1	232	0.004	2	422	11	11	1	0.437
1	233	0.004	2	193	11	11	1	0.357
1	234	0.004	2	461	11	11	1	0.517
1	235	0.004	2	105	11	11	1	0.892
1	236	0.005	1	292	13	13	1	0.684
1	237	0.005	2	83	11	11	1	0.444
1	238	0.005	2	314	11	11	1	0.419
1	239	0.005	2	492	11	11	1	0.324
1	240	0.005	2	46	11	11	1	0.371
1	241	0.006	2	329	11	11	1	0.363
1	242	0.006	2	368	11	11	1	0.571
1	243	0.006	2	273	11	11	1	0.539
1	244	0.006	2	98	11	11	1	0.346
1	245	0.006	2	32	11	11	1	0.371
1	246	0.007	2	351	11	11	1	0.378
1	247	0.007	2	319	11	11	1	0.474
1	248	0.007	2	519	11	11	1	0.570
1	249	0.007	2	157	11	11	1	0.569
1	250	0.007	2	500	11	11	1	0.521
1	251	0.008	2	544	11	11	1	0.521
1	252	0.008	2	454	11	11	1	0.369
1	253	0.008	2	163	11	11	1	0.584
1	254	0.008	2	15	11	11	1	0.512
1	255	0.008	2	51	11	11	1	0.544
1	256	0.009	2	130	11	11	1	0.640
1	257	0.009	2	200	11	11	1	0.496
1	258	0.009	2	89	11	11	1	0.496
1	259	0.009	2	542	11	11	1	0.391
1	260	0.009	2	230	11	11	1	0.432
1	261	0.009	2	324	11	11	1	0.455
1	262	0.010	2	165	11	11	1	0.447
1	263	0.010	2	16	11	11	1	0.431
1	264	0.010	2	24	11	11	1	0.383
1	265	0.010	2	1	11	11	1	0.350
1	266	0.010	2	217	11	11	1	0.447
1	267	0.011	2	126	11	11	1	0.503
1	268	0.011	2	538	11	11	1	0.478
1	269	0.011	2	108	11	11	1	0.710
1	270	0.011	2	335	11	11	1	0.694
1	271	0.011	1	119	13	13	1	0.654
1	272	0.012	2	541	11	11	1	0.477
1	273	0.012	2	526	11	11	1	0.597
1	274	0.012	2	215	11	11	1	0.493
1	275	0.012	2	520	11	11	1	0.356
1	276	0.012	2	317	11	11	1	0.348
1	277	0.013	2	419	11	11	1	0.348
1	278	0.013	2	322	11	11	1	0.444
1	279	0.013	2	74	11	11	1	0.308
1	280	0.013	2	346	11	11	1	0.588
1	281	0.013	2	352	11	11	1	0.388
1	282	0.013	2	140	11	11	1	0.339
1	283	0.014	2	445	11	11	1	0.443
1	284	0.014	2	177	11	11	1	0.371
1	285	0.014	2	426	11	11	1	0.403
1	286	0.001	2	481	11	11	1	0.481
1	287	0.001	2	484	11	11	1	0.568
1	288	0.001	2	119	11	11	1	0.512
1	289	0.002	2	437	11	11	1	0.511
1	290	0.002	2	47	11	11	1	0.639
1	291	0.002	2	263	11	11	1	0.663
1	292	0.002	1	343	13	11	0	0.791
1	293	0.002	2	243	11	11	1	0.686
1	294	0.002	2	116	11	11	1	0.535
1	295	0.003	2	476	11	11	1	0.478
1	296	0.003	2	286	11	11	1	0.509
1	297	0.003	2	459	11	11	1	0.422
1	298	0.003	2	302	11	11	1	0.461
1	299	0.003	2	210	11	11	1	0.477
1	300	0.004	2	427	11	11	1	0.566
1	301	0.004	2	275	11	11	1	0.380
1	302	0.004	2	469	11	11	1	0.397
1	303	0.004	2	79	11	11	1	0.396
1	304	0.004	2	283	11	11	1	0.340
1	305	0.005	2	488	11	11	1	0.620
1	306	0.005	2	360	11	11	1	0.444
1	307	0.005	2	9	11	11	1	0.476
1	308	0.005	2	316	11	11	1	0.396
1	309	0.005	2	384	11	11	1	0.363
1	310	0.006	2	358	11	11	1	0.691
1	311	0.006	2	501	11	11	1	0.475
1	312	0.006	2	81	11	11	1	0.546
1	313	0.006	2	470	11	11	1	0.466
1	314	0.006	2	318	11	11	1	0.427
1	315	0.007	2	117	11	11	1	0.354
1	316	0.007	2	266	11	11	1	0.394
1	317	0.007	2	218	11	11	1	0.545
1	318	0.007	2	392	11	11	1	0.570
1	319	0.007	2	295	11	11	1	0.570
1	320	0.008	2	99	11	11	1	0.521
1	321	0.008	2	350	11	11	1	0.417
1	322	0.008	2	20	11	11	1	0.393
1	323	0.008	2	90	11	11	1	0.577
1	324	0.008	2	472	11	11	1	0.432
1	325	0.008	2	534	11	11	1	0.496
1	326	0.009	2	485	11	11	1	0.441
1	327	0.009	2	236	11	11	1	0.544
1	328	0.009	2	305	11	11	1	0.424
1	329	0.009	2	41	11	11	1	0.384
1	330	0.009	2	359	11	11	1	0.375
1	331	0.010	2	463	11	11	1	0.383
1	332	0.010	2	413	11	11	1	0.375
1	333	0.010	2	271	11	11	1	0.327
1	334	0.010	2	396	11	11	1	0.359
1	335	0.010	2	301	11	11	1	0.470
1	336	0.010	2	550	11	11	1	0.550
1	337	0.011	2	431	11	11	1	0.430
1	338	0.011	2	516	11	11	1	0.493
1	339	0.011	2	511	11	11	1	0.390
1	340	0.011	2	100	11	11	1	0.381
1	341	0.011	2	109	11	11	1	0.405
1	342	0.012	2	211	11	11	1	0.413
1	343	0.012	2	441	11	11	1	0.445
1	344	0.012	2	405	11	11	1	0.388
1	345	0.012	2	195	11	11	1	0.332
1	346	0.013	2	192	11	11	1	0.501
1	347	0.013	2	219	11	11	1	0.428
1	348	0.013	2	66	11	11	1	0.316
1	349	0.013	2	50	11	11	1	0.388
1	350	0.013	2	162	11	11	1	0.516
1	351	0.013	2	531	11	11	1	0.443
1	352	0.014	2	159	11	11	1	0.515
1	353	0.014	2	253	11	11	1	0.467
1	354	0.014	2	471	11	11	1	0.555
1	355	0.001	2	340	11	11	1	0.432
1	356	0.001	2	202	11	11	1	0.416
1	357	0.001	2	452	11	11	1	0.431
1	358	0.002	2	395	11	11	1	0.480
1	359	0.002	2	449	11	11	1	0.543
1	360	0.002	2	146	11	11	1	0.439
1	361	0.002	2	259	11	11	1	0.374
1	362	0.002	2	12	11	11	1	0.590
1	363	0.002	2	164	11	11	1	0.479
1	364	0.003	2	173	11	11	1	0.342
1	365	0.003	2	372	11	11	1	0.406
1	366	0.003	2	234	11	11	1	0.342
1	367	0.003	2	141	11	11	1	0.542
1	368	0.003	2	149	11	11	1	0.437
1	369	0.004	2	543	11	11	1	0.333
1	370	0.004	2	428	11	11	1	0.269
1	371	0.004	2	388	11	11	1	0.093
1	372	0.004	1	500	13	11	0	0.397
1	373	0.004	2	438	11	11	1	0.356
1	374	0.005	2	43	11	11	1	0.140
1	375	0.005	2	225	11	11	1	0.044
1	376	0.005	1	482	13	11	0	0.315
1	377	0.005	2	94	11	11	1	0.460
1	378	0.005	2	248	11	NaN	0	NaN
1	379	0.006	2	76	11	11	1	0.716
1	380	0.006	1	62	13	11	0	0.387
1	381	0.006	2	137	11	11	1	0.387
1	382	0.006	2	356	11	11	1	0.523
1	383	0.006	2	344	11	11	1	0.602
1	384	0.007	2	502	11	11	1	0.482
1	385	0.007	2	414	11	11	1	0.450
1	386	0.007	2	418	11	11	1	0.498
1	387	0.007	2	363	11	11	1	0.841
1	388	0.007	1	360	13	13	1	0.586
1	389	0.008	2	261	11	11	1	0.697
1	390	0.008	2	320	11	11	1	0.777
1	391	0.008	2	429	11	11	1	0.545
1	392	0.008	1	90	13	13	1	0.577
1	393	0.008	2	145	11	11	1	0.568
1	394	0.008	2	402	11	11	1	0.649
1	395	0.009	2	124	11	11	1	0.480
1	396	0.009	2	460	11	11	1	0.560
1	397	0.009	2	468	11	11	1	0.544
1	398	0.009	2	530	11	11	1	0.639
1	399	0.009	1	491	13	13	1	0.496
1	400	0.010	2	13	11	11	1	0.543
1	401	0.010	2	170	11	11	1	0.463
1	402	0.010	2	330	11	11	1	0.671
1	403	0.010	2	479	11	11	1	0.766
1	404	0.010	1	81	13	13	1	0.631
1	405	0.010	2	270	11	11	1	0.478
1	406	0.011	2	458	11	11	1	0.462
1	407	0.011	2	206	11	NaN	0	NaN
1	408	0.011	2	421	11	11	1	0.629
1	409	0.011	2	110	11	11	1	0.557
1	410	0.011	1	88	13	13	1	0.525
1	411	0.012	2	513	11	11	1	0.413
1	412	0.012	2	178	11	11	1	0.589
1	413	0.012	2	213	11	11	1	0.485
1	414	0.012	2	169	11	11	1	0.532
1	415	0.012	2	504	11	11	1	0.452
1	416	0.013	2	503	11	11	1	0.388
1	417	0.013	2	258	11	11	1	0.475
1	418	0.013	2	39	11	11	1	0.564
1	419	0.013	2	92	11	11	1	0.651
1	420	0.013	2	38	11	11	1	0.420
1	421	0.014	2	42	11	11	1	0.627
1	422	0.014	2	371	11	11	1	0.459
1	423	0.014	2	166	11	11	1	0.411
1	424	0.001	2	72	11	11	1	0.368
1	425	0.001	2	493	11	11	1	0.375
1	426	0.001	2	251	11	11	1	0.351
1	427	0.002	2	31	11	11	1	0.439
1	428	0.002	2	204	11	11	1	0.375
1	429	0.002	2	183	11	11	1	0.367
1	430	0.002	2	4	11	11	1	0.327
1	431	0.002	2	227	11	11	1	0.183
1	432	0.003	1	104	13	13	1	0.558
1	433	0.003	2	443	11	11	1	0.438
1	434	0.003	2	274	11	11	1	0.390
1	435	0.003	2	220	11	11	1	0.421
1	436	0.003	2	380	11	11	1	0.470
1	437	0.003	2	365	11	11	1	0.358
1	438	0.004	2	209	11	11	1	0.357
1	439	0.004	2	181	11	11	1	0.429
1	440	0.004	2	78	11	11	1	0.373
1	441	0.004	2	387	11	11	1	0.444
1	442	0.004	2	456	11	11	1	0.677
1	443	0.005	2	232	11	11	1	0.484
1	444	0.005	2	540	11	11	1	0.380
1	445	0.005	2	406	11	11	1	0.428
1	446	0.005	2	289	11	11	1	0.596
1	447	0.005	2	362	11	11	1	0.356
1	448	0.006	2	154	11	11	1	0.459
1	449	0.006	2	486	11	11	1	0.707
1	450	0.006	2	354	11	11	1	0.475
1	451	0.006	2	188	11	11	1	0.499
1	452	0.006	2	152	11	11	1	0.402
1	453	0.007	2	278	11	11	1	0.474
1	454	0.007	2	254	11	11	1	0.618
1	455	0.007	2	224	11	11	1	0.506
1	456	0.007	2	398	11	11	1	0.417
1	457	0.007	1	423	13	13	1	0.522
1	458	0.008	2	285	11	11	1	0.457
1	459	0.008	1	476	13	11	0	0.329
1	460	0.008	2	123	11	11	1	0.449
1	461	0.008	1	210	13	13	1	0.521
1	462	0.008	2	348	11	11	1	0.553
1	463	0.009	2	113	11	11	1	0.449
1	464	0.009	2	55	11	11	1	0.424
1	465	0.009	2	161	11	11	1	0.544
1	466	0.009	2	231	11	11	1	0.599
1	467	0.009	2	299	11	11	1	0.503
1	468	0.009	2	103	11	11	1	0.567
1	469	0.010	2	135	11	11	1	0.623
1	470	0.010	2	416	11	11	1	0.496
1	471	0.010	2	508	11	11	1	0.318
1	472	0.010	2	107	11	11	1	0.479
1	473	0.010	2	57	11	11	1	0.431
1	474	0.011	1	299	13	13	1	0.591
1	475	0.011	2	106	11	11	1	0.438
1	476	0.011	1	1	13	13	1	0.630
1	477	0.011	1	447	13	13	1	0.598
1	478	0.011	2	77	11	11	1	0.486
1	479	0.012	1	108	13	13	1	0.589
1	480	0.012	2	250	11	11	1	0.461
1	481	0.012	2	532	11	11	1	0.557
1	482	0.012	2	357	11	11	1	0.461
1	483	0.012	2	61	11	11	1	0.580
1	484	0.013	2	336	11	11	1	0.469
1	485	0.013	2	240	11	11	1	0.500
1	486	0.013	2	62	11	11	1	0.500
1	487	0.013	2	272	11	11	1	0.667
1	488	0.013	2	525	11	11	1	0.452
1	489	0.013	2	244	11	11	1	0.612
1	490	0.014	2	182	11	11	1	0.507
1	491	0.014	2	142	11	11	1	0.523
1	492	0.014	2	394	11	11	1	0.571
1	493	0.001	2	312	11	11	1	0.584
1	494	0.001	2	69	11	11	1	0.544
1	495	0.001	2	267	11	11	1	0.543
1	496	0.002	2	45	11	11	1	0.511
1	497	0.002	2	23	11	11	1	0.471
1	498	0.002	1	26	13	11	0	0.399
1	499	0.002	2	27	11	11	1	0.495
1	500	0.002	2	408	11	11	1	0.311

*********************************************
* Sustained Attention and Recognition Memory Experiment - Memory Test v.1.0
* Date/Time: 06-Nov-2015 12:10:56
* Seed: 210769.5407
* Subject Number: 18
* Subject Name: SL
* Run Number: 1
* debug: 0
*********************************************

1	1	2	3	229	31	1	4.773
1	2	2	1	37	31	0	4.323
1	3	2	3	345	32	0	3.816
1	4	2	3	284	30	1	2.978
1	5	1	2	491	33	1	2.147
1	6	1	2	452	33	1	1.344
1	7	2	1	219	31	0	4.437
1	8	1	2	544	33	1	2.151
1	9	1	2	90	33	1	1.342
1	10	2	3	328	32	0	5.144
1	11	1	2	104	33	1	1.132
1	12	2	1	303	31	0	2.950
1	13	2	3	379	30	1	2.184
1	14	2	1	206	33	1	1.263
1	15	1	2	119	32	1	3.586
1	16	2	1	147	32	1	1.515
1	17	2	1	251	30	0	2.915
1	18	2	1	271	33	1	1.621
1	19	1	4	431	30	1	1.511
1	20	2	1	253	33	1	5.027
1	21	2	1	352	31	0	3.518
1	22	2	1	499	30	0	2.343
1	23	1	2	1	33	1	1.614
1	24	1	4	29	30	1	1.901
1	25	2	3	529	31	1	1.640
1	26	1	4	316	30	1	1.367
1	27	2	1	95	32	1	5.004
1	28	1	2	482	33	1	0.922
1	29	1	2	542	30	0	1.549
1	30	2	3	75	31	1	3.471
1	31	2	3	290	31	1	2.846
1	32	2	1	461	32	1	1.765
1	33	1	2	423	33	1	1.005
1	34	1	2	81	31	0	6.952
1	35	1	4	273	30	1	1.372
1	36	1	4	57	30	1	1.461
1	37	2	1	536	30	0	3.973
1	38	1	2	26	30	0	0.905
1	39	1	4	541	31	1	2.395
1	40	1	2	265	33	1	2.259
1	41	2	1	191	33	1	6.357
1	42	2	1	32	33	1	1.053
1	43	1	2	360	33	1	0.774
1	44	2	3	265	32	0	2.315
1	45	2	1	20	31	0	2.589
1	46	2	1	222	32	1	3.099
1	47	2	3	17	32	0	2.862
1	48	2	1	245	33	1	3.365
1	49	1	2	292	33	1	2.311
1	50	2	3	25	31	1	2.339
1	51	2	1	402	32	1	1.832
1	52	2	3	48	31	1	2.477
1	53	2	1	42	31	0	3.514
1	54	1	2	343	30	0	1.400
1	55	2	1	413	31	0	2.328
1	56	1	4	58	30	1	1.682
1	57	1	2	338	33	1	1.436
1	58	2	3	18	32	0	1.761
1	59	1	4	319	31	1	2.267
1	60	1	2	210	33	1	4.254
1	61	2	3	176	31	1	2.930
1	62	2	3	235	32	0	2.857
1	63	2	3	382	31	1	3.301
1	64	1	2	443	30	0	2.439
1	65	2	3	150	32	0	3.459
1	66	1	4	85	30	1	1.805
1	67	1	4	13	30	1	0.895
1	68	1	2	500	31	0	1.202
1	69	1	4	463	30	1	2.471
1	70	2	1	207	33	1	1.798
1	71	1	2	206	30	0	4.824
1	72	2	3	279	33	0	3.365
1	73	2	1	55	32	1	2.131
1	74	2	1	324	32	1	1.173
1	75	2	3	198	31	1	2.453
1	76	2	1	124	32	1	2.479
1	77	1	4	538	30	1	1.542
1	78	2	3	7	31	1	3.429
1	79	1	2	476	32	1	1.716
1	80	2	3	65	30	1	2.692
1	81	1	2	74	32	1	3.318
1	82	2	3	306	31	1	2.210
1	83	1	2	88	33	1	1.831
1	84	2	3	447	32	0	3.782
1	85	2	3	239	31	1	2.043
1	86	2	3	309	31	1	6.888
1	87	2	3	420	32	0	1.404
1	88	2	1	330	31	0	1.504
1	89	2	1	169	31	0	2.469
1	90	1	4	470	30	1	1.828
1	91	2	3	527	32	0	4.826
1	92	2	1	77	31	0	2.622
1	93	1	4	157	30	1	3.242
1	94	2	1	430	33	1	1.628
1	95	2	3	448	31	1	1.950
1	96	1	4	76	30	1	1.677
1	97	1	2	447	30	0	1.549
1	98	2	1	117	30	0	2.215
1	99	2	1	300	33	1	20.947
1	100	2	3	196	31	1	7.373
1	101	2	1	455	32	1	1.351
1	102	2	3	297	30	1	1.523
1	103	2	1	462	32	1	2.693
1	104	2	1	83	32	1	2.444
1	105	2	3	537	30	1	1.833
1	106	2	3	496	31	1	1.085
1	107	1	4	120	30	1	1.496
1	108	2	3	128	32	0	8.399
1	109	2	3	63	33	0	1.592
1	110	1	2	405	33	1	1.039
1	111	1	4	114	30	1	1.884
1	112	1	4	47	30	1	1.438
1	113	1	4	209	30	1	0.752
1	114	2	3	101	31	1	1.411
1	115	2	3	156	31	1	1.992
1	116	2	1	366	32	1	2.287
1	117	2	3	58	30	1	1.270
1	118	1	4	84	30	1	1.361
1	119	2	3	122	30	1	0.735
1	120	1	4	356	30	1	1.541
1	121	2	1	548	31	0	20.584
1	122	1	4	522	32	0	1.903
1	123	2	3	282	33	0	1.578
1	124	2	1	200	32	1	1.092
1	125	2	1	509	31	0	1.634
1	126	2	3	446	30	1	5.241
1	127	2	1	477	30	0	1.759
1	128	2	1	380	31	0	1.756
1	129	1	4	67	30	1	4.281
1	130	2	1	61	30	0	4.651
1	131	2	3	246	30	1	1.797
1	132	1	2	108	33	1	2.158
1	133	2	1	24	32	1	1.325
1	134	2	3	321	32	0	1.247
1	135	2	1	354	31	0	1.917
1	136	2	1	41	31	0	1.228
1	137	1	4	217	33	0	1.668
1	138	2	1	242	33	1	1.206
1	139	2	3	440	31	1	11.472
1	140	1	4	65	30	1	1.438
1	141	2	3	424	30	1	1.664
1	142	2	1	21	30	0	1.338
1	143	1	4	436	30	1	2.471
1	144	2	3	129	30	1	0.896
1	145	1	2	299	33	1	1.730
1	146	2	1	30	31	0	1.677
1	147	2	1	393	33	1	2.034
1	148	2	1	248	33	1	1.227
1	149	1	4	348	30	1	1.462
1	150	1	2	192	30	0	1.381
1	151	2	3	125	32	0	2.309
1	152	1	4	502	30	1	1.327
1	153	2	3	494	31	1	4.228
1	154	1	2	62	30	0	7.363
1	155	2	3	199	31	1	1.159
1	156	2	3	326	31	1	5.540
1	157	1	4	5	30	1	2.350
1	158	2	3	102	31	1	1.793
1	159	1	2	242	30	0	3.982
1	160	2	1	376	33	1	1.886
1	161	1	4	136	30	1	15.845
1	162	1	4	382	31	1	1.783
