
*********************************************
* Sustained Attention and Recognition Memory Experiment - Sustained Attention Task v.1.0
* Date/Time: 30-Dec-2014 13:58:19
* Seed: 213068.011
* Subject Number: 54
* Subject Name: MS
* Run Number: 1
* debug: 0
*********************************************

run	trl	tdf	sct	simg	crsp	rsp	acc	rt
1	1	0.012	2	472	11	11	1	0.763
1	2	0.012	1	46	13	NaN	0	NaN
1	3	0.012	2	140	11	11	1	0.652
1	4	0.012	2	63	11	NaN	0	NaN
1	5	0.013	2	151	11	13	0	0.587
1	6	0.013	1	111	13	NaN	0	NaN
1	7	0.013	2	186	11	13	0	0.074
1	8	0.013	2	178	11	11	1	0.610
1	9	0.013	2	392	11	11	1	0.762
1	10	0.014	2	118	11	NaN	0	NaN
1	11	0.014	2	391	11	11	1	0.619
1	12	0.014	2	336	11	11	1	0.672
1	13	0.014	2	409	11	11	1	0.633
1	14	0.001	2	127	11	11	1	0.573
1	15	0.001	2	387	11	11	1	0.695
1	16	0.001	2	512	11	11	1	0.669
1	17	0.002	2	204	11	11	1	0.679
1	18	0.002	2	443	11	11	1	0.607
1	19	0.002	1	1	13	13	1	0.455
1	20	0.002	1	520	13	13	1	0.524
1	21	0.002	2	325	11	11	1	0.693
1	22	0.003	2	12	11	11	1	0.748
1	23	0.003	2	367	11	11	1	0.677
1	24	0.003	2	456	11	11	1	0.732
1	25	0.003	2	244	11	11	1	0.659
1	26	0.003	2	492	11	11	1	0.573
1	27	0.004	1	180	13	11	0	0.532
1	28	0.004	2	474	11	11	1	0.844
1	29	0.004	2	238	11	11	1	0.740
1	30	0.004	1	80	13	13	1	0.667
1	31	0.004	2	414	11	11	1	0.723
1	32	0.005	2	528	11	11	1	0.844
1	33	0.005	2	16	11	11	1	0.771
1	34	0.005	1	208	13	13	1	0.650
1	35	0.005	2	55	11	11	1	0.514
1	36	0.005	2	267	11	11	1	0.746
1	37	0.005	1	169	13	13	1	0.625
1	38	0.006	2	111	11	13	0	0.890
1	39	0.006	2	424	11	11	1	0.626
1	40	0.006	2	125	11	11	1	0.713
1	41	0.006	2	460	11	11	1	0.736
1	42	0.006	2	194	11	11	1	0.585
1	43	0.007	2	149	11	11	1	0.672
1	44	0.007	2	508	11	11	1	0.569
1	45	0.007	2	540	11	11	1	0.594
1	46	0.007	2	465	11	11	1	0.570
1	47	0.007	2	360	11	11	1	0.527
1	48	0.008	2	494	11	11	1	0.521
1	49	0.008	2	479	11	11	1	0.542
1	50	0.008	2	78	11	11	1	0.504
1	51	0.008	2	382	11	13	0	0.542
1	52	0.008	2	25	11	11	1	0.793
1	53	0.008	2	280	11	NaN	0	NaN
1	54	0.009	1	202	13	11	0	0.086
1	55	0.009	2	38	11	11	1	0.704
1	56	0.009	1	472	13	13	1	0.566
1	57	0.009	2	15	11	11	1	0.574
1	58	0.010	2	398	11	11	1	0.662
1	59	0.010	2	441	11	11	1	0.735
1	60	0.010	2	142	11	11	1	0.646
1	61	0.010	1	338	13	13	1	0.653
1	62	0.010	1	97	13	13	1	0.581
1	63	0.010	2	31	11	11	1	0.556
1	64	0.011	2	57	11	11	1	0.645
1	65	0.011	2	520	11	11	1	0.590
1	66	0.011	2	207	11	11	1	0.692
1	67	0.011	2	422	11	11	1	0.684
1	68	0.011	2	61	11	11	1	0.724
1	69	0.012	2	65	11	11	1	0.668
1	70	0.012	2	340	11	11	1	0.675
1	71	0.012	2	461	11	11	1	0.668
1	72	0.012	2	506	11	11	1	0.724
1	73	0.012	2	434	11	11	1	0.653
1	74	0.012	2	285	11	11	1	0.626
1	75	0.013	2	242	11	11	1	0.634
1	76	0.013	2	532	11	11	1	0.612
1	77	0.013	2	305	11	11	1	0.587
1	78	0.013	2	448	11	11	1	0.545
1	79	0.014	2	155	11	11	1	0.618
1	80	0.014	2	253	11	11	1	0.610
1	81	0.014	1	204	13	13	1	0.458
1	82	0.001	2	20	11	11	1	0.816
1	83	0.001	2	345	11	11	1	0.663
1	84	0.001	2	526	11	11	1	0.557
1	85	0.001	2	28	11	11	1	0.597
1	86	0.002	2	278	11	11	1	0.799
1	87	0.002	2	80	11	11	1	0.549
1	88	0.002	2	271	11	11	1	0.780
1	89	0.002	2	32	11	11	1	0.517
1	90	0.002	2	123	11	11	1	0.478
1	91	0.003	2	98	11	11	1	0.486
1	92	0.003	2	129	11	11	1	0.542
1	93	0.003	2	471	11	11	1	0.693
1	94	0.003	2	435	11	11	1	0.526
1	95	0.003	2	132	11	11	1	0.597
1	96	0.003	2	326	11	11	1	0.573
1	97	0.004	2	413	11	11	1	0.548
1	98	0.004	1	501	13	13	1	0.556
1	99	0.004	2	432	11	11	1	0.580
1	100	0.004	2	361	11	11	1	0.699
1	101	0.004	2	420	11	11	1	0.610
1	102	0.005	2	415	11	11	1	0.556
1	103	0.005	2	527	11	11	1	0.594
1	104	0.005	2	545	11	11	1	0.602
1	105	0.005	1	453	13	13	1	0.515
1	106	0.005	2	469	11	11	1	0.426
1	107	0.006	2	309	11	11	1	0.482
1	108	0.006	2	478	11	11	1	0.473
1	109	0.006	2	408	11	11	1	0.515
1	110	0.006	2	363	11	11	1	0.536
1	111	0.006	2	11	11	11	1	0.545
1	112	0.007	2	289	11	11	1	0.602
1	113	0.007	2	134	11	11	1	0.592
1	114	0.007	2	342	11	11	1	0.728
1	115	0.007	2	503	11	11	1	0.623
1	116	0.007	2	52	11	11	1	0.552
1	117	0.007	2	466	11	11	1	0.529
1	118	0.008	2	10	11	11	1	0.550
1	119	0.008	2	401	11	11	1	0.606
1	120	0.008	2	144	11	11	1	0.632
1	121	0.008	2	190	11	11	1	0.591
1	122	0.009	2	141	11	11	1	0.519
1	123	0.009	2	168	11	11	1	0.512
1	124	0.009	2	318	11	11	1	0.502
1	125	0.009	2	368	11	11	1	0.510
1	126	0.009	1	150	13	11	0	0.487
1	127	0.010	2	90	11	11	1	0.494
1	128	0.010	2	72	11	11	1	0.517
1	129	0.010	2	24	11	11	1	0.525
1	130	0.010	2	69	11	NaN	0	NaN
1	131	0.010	2	185	11	13	0	0.556
1	132	0.011	2	302	11	11	1	0.563
1	133	0.011	2	103	11	11	1	0.812
1	134	0.011	2	137	11	11	1	0.547
1	135	0.011	2	192	11	11	1	0.587
1	136	0.011	2	216	11	11	1	0.565
1	137	0.011	2	170	11	11	1	0.603
1	138	0.012	2	406	11	11	1	0.613
1	139	0.012	2	402	11	11	1	0.714
1	140	0.012	2	500	11	11	1	0.756
1	141	0.012	2	107	11	11	1	0.652
1	142	0.012	2	174	11	11	1	0.658
1	143	0.013	2	291	11	11	1	0.635
1	144	0.013	2	166	11	11	1	0.818
1	145	0.013	2	234	11	11	1	0.524
1	146	0.013	2	259	11	11	1	0.595
1	147	0.013	2	172	11	11	1	0.729
1	148	0.014	2	5	11	11	1	0.707
1	149	0.014	2	257	11	11	1	0.680
1	150	0.014	2	283	11	11	1	0.768
1	151	0.014	2	455	11	11	1	0.698
1	152	0.001	1	348	13	13	1	0.480
1	153	0.001	2	201	11	11	1	0.647
1	154	0.001	2	359	11	11	1	0.590
1	155	0.002	2	446	11	11	1	0.647
1	156	0.002	2	249	11	11	1	0.607
1	157	0.002	2	81	11	11	1	0.630
1	158	0.002	2	317	11	11	1	0.589
1	159	0.002	2	210	11	11	1	0.692
1	160	0.003	2	152	11	11	1	0.781
1	161	0.003	2	311	11	11	1	0.598
1	162	0.003	2	400	11	11	1	0.590
1	163	0.003	2	48	11	11	1	0.547
1	164	0.003	2	511	11	11	1	0.539
1	165	0.004	2	279	11	11	1	0.515
1	166	0.004	2	88	11	11	1	0.555
1	167	0.004	2	45	11	11	1	0.643
1	168	0.004	1	33	13	13	1	0.491
1	169	0.004	2	126	11	11	1	0.627
1	170	0.005	2	135	11	11	1	0.698
1	171	0.005	2	220	11	11	1	0.579
1	172	0.005	2	378	11	11	1	0.539
1	173	0.005	2	423	11	11	1	0.562
1	174	0.005	1	268	13	13	1	0.683
1	175	0.006	2	376	11	11	1	0.579
1	176	0.006	2	550	11	11	1	0.507
1	177	0.006	2	182	11	11	1	0.657
1	178	0.006	2	8	11	11	1	0.633
1	179	0.006	2	212	11	11	1	0.577
1	180	0.006	2	195	11	11	1	0.664
1	181	0.007	2	354	11	11	1	0.688
1	182	0.007	2	358	11	11	1	0.632
1	183	0.007	2	160	11	11	1	0.703
1	184	0.007	2	428	11	11	1	0.681
1	185	0.007	2	421	11	11	1	0.688
1	186	0.008	2	394	11	11	1	0.632
1	187	0.008	2	40	11	11	1	0.655
1	188	0.008	2	389	11	11	1	0.760
1	189	0.008	2	353	11	11	1	0.752
1	190	0.008	2	385	11	11	1	0.615
1	191	0.009	2	46	11	11	1	0.639
1	192	0.009	2	452	11	11	1	0.552
1	193	0.009	2	369	11	11	1	0.543
1	194	0.009	1	53	13	13	1	0.519
1	195	0.009	2	439	11	11	1	0.541
1	196	0.010	2	209	11	11	1	0.519
1	197	0.010	2	384	11	11	1	0.493
1	198	0.010	2	454	11	NaN	0	NaN
1	199	0.010	2	105	11	11	1	0.556
1	200	0.010	2	34	11	11	1	0.500
1	201	0.011	2	47	11	11	1	0.510
1	202	0.011	2	419	11	11	1	0.661
1	203	0.011	2	536	11	11	1	0.701
1	204	0.011	2	405	11	11	1	0.774
1	205	0.011	2	95	11	11	1	0.667
1	206	0.012	2	319	11	11	1	0.644
1	207	0.012	2	255	11	11	1	0.715
1	208	0.012	2	49	11	11	1	0.676
1	209	0.012	2	222	11	11	1	0.698
1	210	0.012	2	159	11	11	1	0.594
1	211	0.012	2	525	11	11	1	0.604
1	212	0.013	2	364	11	11	1	0.690
1	213	0.013	2	282	11	11	1	0.698
1	214	0.013	2	339	11	11	1	0.627
1	215	0.013	2	488	11	11	1	0.585
1	216	0.013	2	538	11	11	1	0.721
1	217	0.014	2	497	11	NaN	0	NaN
1	218	0.014	2	179	11	11	1	0.800
1	219	0.014	2	109	11	11	1	0.666
1	220	0.014	2	327	11	NaN	0	NaN
1	221	0.001	2	493	11	NaN	0	NaN
1	222	0.001	2	338	11	11	1	0.623
1	223	0.001	2	431	11	NaN	0	NaN
1	224	0.002	2	181	11	13	0	0.669
1	225	0.002	2	451	11	11	1	0.820
1	226	0.002	2	357	11	13	0	0.542
1	227	0.002	2	395	11	11	1	0.612
1	228	0.002	2	165	11	13	0	0.751
1	229	0.003	2	324	11	13	0	0.500
1	230	0.003	1	430	13	13	1	0.540
1	231	0.003	2	167	11	13	0	0.627
1	232	0.003	2	518	11	11	1	0.732
1	233	0.003	2	208	11	11	1	0.709
1	234	0.004	2	293	11	11	1	0.668
1	235	0.004	2	124	11	11	1	0.706
1	236	0.004	2	191	11	11	1	0.747
1	237	0.004	2	531	11	13	0	0.659
1	238	0.004	2	215	11	11	1	0.651
1	239	0.005	2	535	11	NaN	0	NaN
1	240	0.005	2	348	11	11	1	0.474
1	241	0.005	2	404	11	13	0	0.675
1	242	0.005	2	410	11	13	0	0.634
1	243	0.005	2	513	11	13	0	0.657
1	244	0.005	2	102	11	13	0	0.713
1	245	0.006	2	292	11	NaN	0	NaN
1	246	0.006	2	42	11	11	1	0.057
1	247	0.006	2	225	11	11	1	0.560
1	248	0.006	2	183	11	11	1	0.472
1	249	0.007	1	129	13	13	1	0.642
1	250	0.007	2	1	11	11	1	0.840
1	251	0.007	2	505	11	11	1	0.625
1	252	0.007	2	444	11	11	1	0.713
1	253	0.007	2	286	11	11	1	0.705
1	254	0.007	2	268	11	11	1	0.536
1	255	0.008	1	209	13	11	0	0.398
1	256	0.008	2	74	11	11	1	0.471
1	257	0.008	2	177	11	11	1	0.463
1	258	0.008	2	247	11	11	1	0.791
1	259	0.008	2	83	11	11	1	0.863
1	260	0.009	2	507	11	NaN	0	NaN
1	261	0.009	2	66	11	11	1	0.016
1	262	0.009	1	68	13	11	0	0.280
1	263	0.009	2	241	11	11	1	0.445
1	264	0.009	2	54	11	11	1	0.471
1	265	0.010	2	294	11	11	1	0.575
1	266	0.010	2	344	11	11	1	0.677
1	267	0.010	2	534	11	11	1	0.605
1	268	0.010	2	412	11	11	1	0.532
1	269	0.010	2	7	11	11	1	0.526
1	270	0.011	2	68	11	11	1	0.613
1	271	0.011	1	459	13	11	0	0.396
1	272	0.011	2	29	11	11	1	0.420
1	273	0.011	2	462	11	11	1	0.653
1	274	0.011	2	99	11	11	1	0.581
1	275	0.012	2	372	11	11	1	0.589
1	276	0.012	2	459	11	11	1	0.580
1	277	0.012	2	131	11	11	1	0.716
1	278	0.012	2	229	11	11	1	0.613
1	279	0.012	2	362	11	11	1	0.556
1	280	0.012	2	433	11	11	1	0.563
1	281	0.013	2	537	11	11	1	0.540
1	282	0.013	2	200	11	11	1	0.577
1	283	0.013	2	108	11	11	1	0.522
1	284	0.013	2	9	11	11	1	0.676
1	285	0.013	2	258	11	11	1	0.553
1	286	0.014	2	2	11	11	1	0.530
1	287	0.014	2	301	11	11	1	0.504
1	288	0.014	2	483	11	11	1	0.449
1	289	0.014	2	417	11	11	1	0.442
1	290	0.001	2	308	11	11	1	0.366
1	291	0.001	2	502	11	11	1	0.437
1	292	0.001	1	91	13	13	1	0.431
1	293	0.002	2	231	11	11	1	0.470
1	294	0.002	2	379	11	11	1	0.574
1	295	0.002	2	116	11	11	1	0.469
1	296	0.002	2	121	11	11	1	0.333
1	297	0.002	2	403	11	11	1	0.341
1	298	0.003	2	411	11	11	1	0.302
1	299	0.003	2	530	11	11	1	0.438
1	300	0.003	2	214	11	11	1	0.526
1	301	0.003	1	131	13	13	1	0.596
1	302	0.003	2	450	11	13	0	0.667
1	303	0.004	2	202	11	11	1	0.517
1	304	0.004	2	187	11	11	1	0.508
1	305	0.004	2	517	11	11	1	0.514
1	306	0.004	2	188	11	11	1	0.507
1	307	0.004	2	284	11	11	1	0.579
1	308	0.005	1	12	13	13	1	0.682
1	309	0.005	1	491	13	13	1	0.626
1	310	0.005	2	143	11	11	1	0.539
1	311	0.005	2	82	11	11	1	0.754
1	312	0.005	1	263	13	13	1	0.634
1	313	0.006	2	473	11	11	1	0.595
1	314	0.006	2	14	11	11	1	0.586
1	315	0.006	2	256	11	11	1	0.545
1	316	0.006	2	542	11	11	1	0.537
1	317	0.006	1	99	13	13	1	0.417
1	318	0.007	2	416	11	11	1	0.535
1	319	0.007	2	237	11	11	1	0.497
1	320	0.007	2	490	11	11	1	0.600
1	321	0.007	2	115	11	11	1	0.640
1	322	0.007	2	164	11	11	1	0.521
1	323	0.007	2	227	11	11	1	0.401
1	324	0.008	2	91	11	11	1	0.488
1	325	0.008	2	496	11	11	1	0.495
1	326	0.008	2	243	11	11	1	0.423
1	327	0.008	2	371	11	11	1	0.464
1	328	0.008	2	519	11	11	1	0.663
1	329	0.009	2	93	11	11	1	0.448
1	330	0.009	2	323	11	11	1	0.439
1	331	0.009	2	254	11	11	1	0.511
1	332	0.009	2	510	11	11	1	0.391
1	333	0.009	2	176	11	11	1	0.367
1	334	0.010	2	138	11	11	1	0.423
1	335	0.010	2	158	11	11	1	0.445
1	336	0.010	2	104	11	11	1	0.452
1	337	0.010	2	521	11	11	1	0.429
1	338	0.010	2	139	11	11	1	0.596
1	339	0.011	2	264	11	11	1	0.572
1	340	0.011	2	375	11	11	1	0.740
1	341	0.011	2	304	11	11	1	0.526
1	342	0.011	2	75	11	11	1	0.373
1	343	0.011	2	211	11	11	1	0.427
1	344	0.012	2	70	11	11	1	0.419
1	345	0.012	2	480	11	11	1	0.429
1	346	0.012	2	136	11	11	1	0.437
1	347	0.012	2	265	11	11	1	0.458
1	348	0.012	2	175	11	11	1	0.468
1	349	0.012	2	346	11	11	1	0.427
1	350	0.013	2	246	11	11	1	0.435
1	351	0.013	2	79	11	11	1	0.459
1	352	0.013	2	287	11	11	1	0.468
1	353	0.013	2	370	11	11	1	0.441
1	354	0.013	1	51	13	13	1	0.450
1	355	0.014	2	203	11	11	1	0.409
1	356	0.014	2	374	11	11	1	0.514
1	357	0.014	2	269	11	11	1	0.441
1	358	0.014	1	482	13	11	0	0.418
1	359	0.001	2	58	11	11	1	0.582
1	360	0.001	2	85	11	11	1	0.573
1	361	0.001	2	322	11	11	1	0.519
1	362	0.001	2	288	11	11	1	0.589
1	363	0.002	2	470	11	11	1	0.453
1	364	0.002	2	524	11	11	1	0.478
1	365	0.002	2	313	11	11	1	0.454
1	366	0.002	2	457	11	11	1	0.415
1	367	0.002	2	77	11	11	1	0.517
1	368	0.003	2	3	11	11	1	0.590
1	369	0.003	2	445	11	11	1	0.485
1	370	0.003	2	27	11	11	1	0.654
1	371	0.003	1	300	13	11	0	0.531
1	372	0.004	2	260	11	11	1	0.443
1	373	0.004	2	407	11	11	1	0.437
1	374	0.004	2	386	11	11	1	0.490
1	375	0.004	2	438	11	11	1	0.453
1	376	0.004	2	347	11	11	1	0.378
1	377	0.004	2	290	11	11	1	0.435
1	378	0.005	1	143	13	13	1	0.683
1	379	0.005	2	239	11	11	1	0.499
1	380	0.005	2	275	11	11	1	0.475
1	381	0.005	1	363	13	13	1	0.450
1	382	0.006	1	168	13	13	1	0.650
1	383	0.006	2	84	11	11	1	0.545
1	384	0.006	2	18	11	11	1	0.616
1	385	0.006	2	316	11	11	1	0.658
1	386	0.006	2	51	11	11	1	0.714
1	387	0.006	2	486	11	11	1	0.674
1	388	0.007	2	295	11	11	1	0.698
1	389	0.007	1	322	13	13	1	0.655
1	390	0.007	1	335	13	13	1	0.488
1	391	0.007	2	50	11	11	1	0.482
1	392	0.007	2	418	11	NaN	0	NaN
1	393	0.008	2	87	11	11	1	0.528
1	394	0.008	2	321	11	11	1	0.456
1	395	0.008	2	197	11	11	1	0.496
1	396	0.008	2	523	11	11	1	0.472
1	397	0.008	2	119	11	11	1	0.526
1	398	0.008	2	281	11	11	1	0.566
1	399	0.009	2	356	11	11	1	0.639
1	400	0.009	2	147	11	11	1	0.614
1	401	0.009	2	366	11	11	1	0.575
1	402	0.009	2	333	11	11	1	0.630
1	403	0.010	2	112	11	11	1	0.573
1	404	0.010	2	396	11	11	1	0.469
1	405	0.010	2	544	11	11	1	0.509
1	406	0.010	2	154	11	11	1	0.502
1	407	0.010	2	276	11	11	1	0.460
1	408	0.011	1	221	13	13	1	0.484
1	409	0.011	2	383	11	11	1	0.494
1	410	0.011	2	430	11	11	1	0.499
1	411	0.011	1	158	13	13	1	0.507
1	412	0.011	2	94	11	11	1	0.437
1	413	0.012	2	468	11	11	1	0.458
1	414	0.012	2	504	11	11	1	0.501
1	415	0.012	2	113	11	11	1	0.556
1	416	0.012	2	184	11	11	1	0.532
1	417	0.012	1	122	13	13	1	0.508
1	418	0.012	2	499	11	11	1	0.451
1	419	0.012	2	213	11	11	1	0.475
1	420	0.013	2	437	11	11	1	0.369
1	421	0.013	2	252	11	11	1	0.378
1	422	0.013	2	548	11	11	1	0.498
1	423	0.013	2	219	11	13	0	0.444
1	424	0.014	2	53	11	11	1	0.498
1	425	0.014	2	76	11	11	1	0.570
1	426	0.014	2	35	11	11	1	0.674
1	427	0.001	2	484	11	11	1	0.632
1	428	0.001	2	529	11	11	1	0.558
1	429	0.001	2	516	11	11	1	0.471
1	430	0.001	2	96	11	11	1	0.415
1	431	0.001	2	298	11	11	1	0.389
1	432	0.002	2	4	11	11	1	0.350
1	433	0.002	2	274	11	11	1	0.326
1	434	0.002	2	145	11	11	1	0.300
1	435	0.002	2	381	11	11	1	0.324
1	436	0.003	2	101	11	11	1	0.317
1	437	0.003	2	355	11	11	1	0.358
1	438	0.003	2	217	11	11	1	0.348
1	439	0.003	2	515	11	11	1	0.404
1	440	0.003	2	315	11	11	1	0.443
1	441	0.004	2	248	11	11	1	0.405
1	442	0.004	1	253	13	11	0	0.283
1	443	0.004	2	337	11	11	1	0.468
1	444	0.004	2	100	11	11	1	0.427
1	445	0.004	2	223	11	11	1	0.660
1	446	0.005	2	198	11	11	1	0.668
1	447	0.005	2	539	11	11	1	0.513
1	448	0.005	2	263	11	11	1	0.476
1	449	0.005	2	173	11	11	1	0.482
1	450	0.005	2	307	11	11	1	0.473
1	451	0.006	2	334	11	11	1	0.483
1	452	0.006	2	331	11	11	1	0.458
1	453	0.006	2	390	11	11	1	0.528
1	454	0.006	2	467	11	11	1	0.600
1	455	0.006	2	199	11	11	1	0.577
1	456	0.007	2	89	11	11	1	0.425
1	457	0.007	2	22	11	11	1	0.625
1	458	0.007	2	543	11	11	1	0.457
1	459	0.007	2	86	11	11	1	0.529
1	460	0.007	2	436	11	11	1	0.391
1	461	0.007	2	330	11	11	1	0.448
1	462	0.008	2	117	11	11	1	0.457
1	463	0.008	2	487	11	11	1	0.368
1	464	0.008	1	198	13	11	0	0.296
1	465	0.008	2	341	11	11	1	0.432
1	466	0.008	2	303	11	11	1	0.423
1	467	0.009	2	67	11	11	1	0.448
1	468	0.009	2	273	11	11	1	0.423
1	469	0.009	1	485	13	13	1	0.525
1	470	0.009	2	114	11	11	1	0.502
1	471	0.009	2	169	11	11	1	0.510
1	472	0.010	2	349	11	11	1	0.614
1	473	0.010	2	251	11	11	1	0.446
1	474	0.010	2	30	11	11	1	0.502
1	475	0.010	2	26	11	11	1	0.301
1	476	0.010	2	310	11	11	1	0.405
1	477	0.011	2	485	11	11	1	0.413
1	478	0.011	1	43	13	13	1	0.436
1	479	0.011	1	41	13	13	1	0.494
1	480	0.011	2	122	11	11	1	0.467
1	481	0.011	2	365	11	11	1	0.572
1	482	0.012	2	458	11	11	1	0.756
1	483	0.012	2	491	11	11	1	0.587
1	484	0.012	2	351	11	11	1	0.564
1	485	0.012	1	120	13	13	1	0.491
1	486	0.012	2	314	11	11	1	0.626
1	487	0.013	2	230	11	11	1	0.732
1	488	0.013	2	59	11	11	1	0.578
1	489	0.013	2	73	11	11	1	0.554
1	490	0.013	2	39	11	11	1	0.595
1	491	0.013	2	352	11	11	1	0.554
1	492	0.013	1	330	13	13	1	0.705
1	493	0.014	2	37	11	11	1	0.586
1	494	0.014	2	19	11	NaN	0	NaN
1	495	0.014	2	43	11	11	1	0.728
1	496	0.014	2	245	11	11	1	0.512
1	497	0.001	2	296	11	11	1	0.471
1	498	0.001	2	71	11	11	1	0.541
1	499	0.001	1	435	13	13	1	0.502
1	500	0.002	2	426	11	11	1	0.494

*********************************************
* Sustained Attention and Recognition Memory Experiment - Memory Test v.1.0
* Date/Time: 30-Dec-2014 14:09:26
* Seed: 211666.3486
* Subject Number: 54
* Subject Name: MS
* Run Number: 1
* debug: 0
*********************************************

1	1	2	3	36	32	0	4.319
1	2	2	3	156	30	1	1.364
1	3	1	4	38	30	1	2.161
1	4	1	2	208	33	1	1.455
1	5	2	1	347	31	0	1.958
1	6	2	3	399	30	1	1.525
1	7	2	1	446	33	1	2.035
1	8	1	4	267	30	1	1.172
1	9	1	4	81	30	1	1.922
1	10	1	2	180	33	1	1.376
1	11	1	4	190	30	1	1.079
1	12	1	4	50	31	1	1.785
1	13	2	1	101	32	1	2.622
1	14	2	1	186	32	1	1.635
1	15	2	3	442	32	0	2.837
1	16	2	1	11	30	0	1.130
1	17	2	3	377	31	1	1.893
1	18	2	3	272	32	0	1.955
1	19	1	2	435	33	1	0.718
1	20	1	2	129	33	1	0.789
1	21	2	1	15	31	0	2.258
1	22	2	3	218	30	1	1.807
1	23	1	4	408	31	1	2.413
1	24	2	1	66	31	0	3.807
1	25	1	2	150	32	1	4.248
1	26	2	1	517	30	0	2.384
1	27	2	3	157	30	1	1.629
1	28	1	2	202	33	1	0.885
1	29	2	1	366	33	1	1.038
1	30	1	4	436	30	1	1.300
1	31	2	1	424	33	1	1.233
1	32	1	4	88	30	1	3.683
1	33	1	2	51	33	1	0.918
1	34	1	4	426	31	1	2.359
1	35	1	2	472	33	1	1.518
1	36	1	2	97	32	1	2.756
1	37	2	1	513	31	0	2.207
1	38	1	4	345	30	1	2.817
1	39	1	2	68	32	1	1.833
1	40	1	2	520	30	0	2.015
1	41	2	3	312	31	1	2.461
1	42	2	3	464	31	1	2.481
1	43	1	2	120	33	1	0.968
1	44	1	4	79	31	1	1.828
1	45	1	2	80	33	1	1.108
1	46	2	3	128	31	1	4.944
1	47	2	1	325	32	1	0.844
1	48	2	1	422	31	0	2.071
1	49	2	1	345	33	1	1.037
1	50	2	1	426	33	1	0.777
1	51	1	2	99	33	1	0.846
1	52	2	3	440	32	0	1.589
1	53	1	4	524	30	1	1.156
1	54	2	3	332	31	1	1.852
1	55	1	2	482	33	1	1.091
1	56	2	3	393	31	1	3.789
1	57	2	1	265	31	0	6.087
1	58	2	3	270	31	1	3.897
1	59	1	2	491	33	1	0.890
1	60	2	1	139	33	1	1.098
1	61	1	2	363	33	1	0.922
1	62	2	1	34	33	1	1.139
1	63	1	4	139	30	1	5.347
1	64	1	2	198	33	1	0.895
1	65	2	3	250	31	1	4.419
1	66	2	3	522	32	0	1.123
1	67	2	3	189	33	0	1.468
1	68	1	4	331	31	1	3.313
1	69	2	3	17	33	0	0.880
1	70	2	1	45	33	1	0.965
1	71	2	3	44	31	1	4.366
1	72	1	2	168	33	1	1.009
1	73	1	4	451	30	1	2.615
1	74	2	3	23	30	1	1.031
1	75	1	2	169	33	1	0.958
1	76	2	1	14	32	1	1.397
1	77	1	2	143	33	1	1.013
1	78	2	1	524	31	0	3.394
1	79	1	2	485	33	1	3.407
1	80	1	4	177	33	0	1.220
1	81	1	2	158	33	1	0.710
1	82	2	3	13	31	1	3.031
1	83	2	1	458	33	1	4.729
1	84	1	4	71	30	1	1.610
1	85	2	3	489	31	1	2.002
1	86	2	1	61	32	1	1.301
1	87	2	3	6	32	0	1.074
1	88	2	1	486	30	0	1.367
1	89	1	4	376	31	1	1.519
1	90	1	4	192	31	1	3.557
1	91	2	1	212	32	1	3.711
1	92	1	4	54	30	1	1.576
1	93	1	4	223	30	1	2.212
1	94	1	2	12	33	1	1.079
1	95	2	3	546	31	1	1.521
1	96	1	2	221	33	1	0.818
1	97	1	2	263	33	1	0.755
1	98	1	4	142	30	1	2.259
1	99	2	1	407	32	1	1.188
1	100	2	1	401	31	0	1.654
1	101	2	3	447	32	0	2.387
1	102	2	3	397	32	0	1.056
1	103	1	4	293	30	1	1.118
1	104	2	3	97	31	1	1.478
1	105	1	2	268	30	0	4.006
1	106	1	2	209	33	1	1.113
1	107	2	3	171	31	1	3.778
1	108	1	4	258	30	1	3.358
1	109	1	4	548	31	1	2.331
1	110	1	4	9	30	1	1.711
1	111	1	4	456	30	1	1.856
1	112	1	4	366	30	1	1.419
1	113	1	4	15	31	1	1.065
1	114	2	3	328	32	0	1.950
1	115	1	4	245	30	1	2.293
1	116	2	3	232	32	0	1.854
1	117	1	4	308	31	1	1.716
1	118	2	1	413	31	0	2.777
1	119	2	1	75	32	1	1.319
1	120	1	2	338	33	1	2.223
1	121	2	3	262	32	0	1.663
1	122	2	3	221	31	1	4.135
1	123	1	4	3	31	1	1.501
1	124	1	2	453	32	1	2.563
1	125	1	2	53	33	1	1.097
1	126	2	1	400	31	0	1.412
1	127	2	1	68	31	0	2.548
1	128	2	3	92	32	0	1.952
1	129	1	4	511	30	1	1.028
1	130	1	4	65	30	1	6.385
1	131	2	3	163	31	1	2.508
1	132	1	2	204	32	1	2.157
1	133	2	3	299	32	0	2.141
1	134	1	4	510	30	1	2.178
1	135	1	4	387	30	1	5.010
1	136	1	2	41	31	0	1.520
1	137	2	3	533	31	1	1.543
1	138	2	3	425	32	0	1.171
1	139	1	4	186	31	1	2.926
1	140	2	1	470	31	0	3.158
1	141	1	2	1	33	1	1.215
1	142	1	2	501	31	0	2.374
1	143	2	1	338	30	0	4.744
1	144	1	2	459	33	1	0.938
1	145	2	3	541	31	1	2.079
1	146	1	2	330	32	1	0.636
1	147	1	2	131	33	1	1.090
1	148	1	2	43	33	1	0.838
1	149	2	1	105	32	1	2.080
1	150	2	3	427	30	1	2.271
1	151	2	1	529	31	0	2.118
1	152	2	3	463	32	0	2.004
1	153	1	2	322	33	1	0.895
1	154	2	1	114	31	0	2.705
1	155	2	1	293	31	0	1.485
1	156	1	2	300	33	1	2.401
1	157	2	1	412	33	1	4.877
1	158	2	3	495	31	1	1.383
1	159	2	1	248	32	1	1.087
1	160	1	2	335	33	1	0.855
1	161	2	1	213	33	1	1.457
1	162	2	3	300	33	0	0.954
1	163	1	4	285	30	1	1.157
1	164	2	1	351	31	0	2.354
1	165	1	4	307	31	1	4.308
1	166	1	2	253	32	1	2.263
1	167	1	4	339	30	1	0.991
1	168	2	1	294	31	0	4.143
1	169	2	3	193	30	1	1.002
1	170	2	3	64	30	1	1.669
1	171	1	4	205	31	1	5.746
1	172	1	4	292	30	1	1.905
1	173	1	4	483	30	1	1.254
1	174	2	1	126	32	1	2.135
1	175	1	4	369	32	0	2.269
1	176	2	1	466	31	0	2.488
1	177	1	2	430	33	1	0.965
1	178	2	1	231	31	0	3.901
1	179	1	4	416	31	1	1.268
1	180	1	4	360	30	1	1.537
1	181	2	1	465	31	0	3.881
1	182	2	1	410	32	1	3.039
1	183	2	3	501	30	1	1.741
1	184	1	4	532	33	0	1.156
1	185	2	3	297	33	0	1.112
1	186	1	4	328	32	0	1.923
1	187	2	3	514	32	0	4.368
1	188	2	3	240	33	0	0.846
1	189	2	1	419	33	1	0.853
1	190	1	2	111	33	1	0.985
1	191	1	2	33	33	1	0.639
1	192	1	2	348	33	1	0.934
1	193	2	1	548	33	1	1.589
1	194	2	1	12	32	1	2.068
1	195	1	4	361	32	0	6.669
1	196	1	4	318	31	1	3.457
1	197	1	2	91	33	1	1.347
1	198	2	3	547	31	1	1.617
1	199	1	2	46	33	1	0.736
1	200	1	2	122	32	1	1.041
