
*********************************************
* Sustained Attention and Recognition Memory Experiment - Sustained Attention Task v.1.0
* Date/Time: 30-Oct-2015 11:57:17
* Seed: 212380.6304
* Subject Number: 6
* Subject Name: AH
* Run Number: 1
* debug: 0
*********************************************

run	trl	tdf	sct	simg	crsp	rsp	acc	rt
1	1	0.012	2	348	11	11	1	0.603
1	2	0.012	2	437	11	13	0	0.395
1	3	0.012	2	490	11	11	1	0.547
1	4	0.012	1	390	13	11	0	0.482
1	5	0.013	2	272	11	11	1	0.818
1	6	0.013	2	41	11	11	1	0.858
1	7	0.013	1	28	13	13	1	0.833
1	8	0.013	2	308	11	11	1	0.745
1	9	0.013	2	341	11	13	0	0.722
1	10	0.013	2	415	11	NaN	0	NaN
1	11	0.014	2	363	11	11	1	0.489
1	12	0.014	2	396	11	11	1	0.649
1	13	0.014	1	523	13	13	1	0.840
1	14	0.001	2	117	11	11	1	0.742
1	15	0.001	2	9	11	11	1	0.741
1	16	0.001	2	365	11	11	1	0.613
1	17	0.002	2	466	11	11	1	0.565
1	18	0.002	1	462	13	13	1	0.701
1	19	0.002	2	360	11	11	1	0.613
1	20	0.002	2	194	11	11	1	0.629
1	21	0.002	2	28	11	11	1	0.628
1	22	0.003	2	150	11	11	1	0.604
1	23	0.003	2	356	11	11	1	0.419
1	24	0.003	2	405	11	11	1	0.579
1	25	0.003	2	286	11	11	1	0.475
1	26	0.003	2	381	11	11	1	0.363
1	27	0.004	2	110	11	11	1	0.379
1	28	0.004	2	509	11	11	1	0.387
1	29	0.004	2	443	11	11	1	0.331
1	30	0.004	2	540	11	11	1	0.435
1	31	0.004	2	138	11	11	1	0.522
1	32	0.005	2	167	11	11	1	0.442
1	33	0.005	2	39	11	11	1	0.538
1	34	0.005	2	35	11	11	1	0.441
1	35	0.005	2	36	11	11	1	0.426
1	36	0.005	2	3	11	11	1	0.433
1	37	0.006	2	282	11	11	1	0.378
1	38	0.006	2	51	11	11	1	0.377
1	39	0.006	2	364	11	11	1	0.433
1	40	0.006	2	258	11	11	1	0.360
1	41	0.006	2	529	11	11	1	0.465
1	42	0.007	2	55	11	11	1	0.552
1	43	0.007	2	40	11	11	1	0.448
1	44	0.007	2	45	11	11	1	0.464
1	45	0.007	2	201	11	11	1	0.496
1	46	0.007	2	141	11	11	1	0.408
1	47	0.007	2	338	11	11	1	0.480
1	48	0.008	1	111	13	13	1	0.415
1	49	0.008	2	435	11	11	1	0.479
1	50	0.008	2	17	11	11	1	0.454
1	51	0.008	2	500	11	11	1	0.567
1	52	0.008	2	250	11	11	1	0.422
1	53	0.009	2	526	11	11	1	0.390
1	54	0.009	2	383	11	11	1	0.526
1	55	0.009	2	374	11	11	1	0.446
1	56	0.009	2	86	11	11	1	0.654
1	57	0.009	1	376	13	11	0	0.581
1	58	0.010	2	216	11	11	1	0.741
1	59	0.010	2	445	11	NaN	0	NaN
1	60	0.010	2	335	11	11	1	0.052
1	61	0.010	2	357	11	11	1	0.453
1	62	0.010	1	425	13	11	0	0.564
1	63	0.011	2	83	11	11	1	0.700
1	64	0.011	2	257	11	11	1	0.875
1	65	0.011	2	423	11	NaN	0	NaN
1	66	0.011	1	530	13	13	1	0.740
1	67	0.011	2	137	11	11	1	0.451
1	68	0.011	2	302	11	11	1	0.539
1	69	0.012	2	512	11	11	1	0.483
1	70	0.012	2	305	11	11	1	0.555
1	71	0.012	2	291	11	11	1	0.467
1	72	0.012	2	518	11	11	1	0.363
1	73	0.012	2	222	11	11	1	0.330
1	74	0.013	2	135	11	11	1	0.266
1	75	0.013	2	416	11	11	1	0.170
1	76	0.013	1	532	13	11	0	0.257
1	77	0.013	2	337	11	11	1	0.409
1	78	0.013	2	430	11	11	1	0.617
1	79	0.014	2	310	11	11	1	0.481
1	80	0.014	2	181	11	11	1	0.521
1	81	0.014	2	173	11	NaN	0	NaN
1	82	0.014	2	247	11	11	1	0.024
1	83	0.001	2	347	11	11	1	0.334
1	84	0.001	1	388	13	11	0	0.317
1	85	0.001	2	98	11	11	1	0.461
1	86	0.002	2	321	11	11	1	0.629
1	87	0.002	2	403	11	11	1	0.476
1	88	0.002	2	116	11	11	1	0.749
1	89	0.002	1	524	13	NaN	0	NaN
1	90	0.002	2	52	11	11	1	0.780
1	91	0.003	2	122	11	11	1	0.868
1	92	0.003	2	355	11	11	1	0.780
1	93	0.003	1	87	13	13	1	0.492
1	94	0.003	2	349	11	11	1	0.452
1	95	0.003	2	344	11	11	1	0.475
1	96	0.004	2	65	11	13	0	0.771
1	97	0.004	2	102	11	11	1	0.435
1	98	0.004	2	196	11	11	1	0.514
1	99	0.004	2	146	11	11	1	0.338
1	100	0.004	2	346	11	11	1	0.571
1	101	0.005	2	260	11	11	1	0.474
1	102	0.005	2	393	11	11	1	0.690
1	103	0.005	2	388	11	11	1	0.722
1	104	0.005	2	391	11	11	1	0.474
1	105	0.005	2	67	11	11	1	0.513
1	106	0.006	2	377	11	11	1	0.481
1	107	0.006	2	231	11	11	1	0.385
1	108	0.006	2	243	11	11	1	0.369
1	109	0.006	2	211	11	11	1	0.312
1	110	0.006	2	71	11	11	1	0.568
1	111	0.007	2	461	11	11	1	0.424
1	112	0.007	2	16	11	11	1	0.384
1	113	0.007	2	479	11	11	1	0.288
1	114	0.007	2	25	11	11	1	0.264
1	115	0.007	2	359	11	11	1	0.543
1	116	0.007	2	115	11	11	1	0.455
1	117	0.008	2	293	11	11	1	0.511
1	118	0.008	2	418	11	11	1	0.383
1	119	0.008	2	411	11	11	1	0.255
1	120	0.008	2	139	11	11	1	0.287
1	121	0.008	2	4	11	11	1	0.262
1	122	0.009	2	244	11	11	1	0.318
1	123	0.009	2	389	11	11	1	0.262
1	124	0.009	2	130	11	11	1	0.350
1	125	0.009	2	325	11	11	1	0.365
1	126	0.009	2	273	11	11	1	0.373
1	127	0.010	2	264	11	11	1	0.349
1	128	0.010	2	88	11	11	1	0.349
1	129	0.010	2	220	11	11	1	0.413
1	130	0.010	2	246	11	11	1	0.324
1	131	0.010	2	446	11	11	1	0.292
1	132	0.011	2	170	11	11	1	0.284
1	133	0.011	2	326	11	11	1	0.332
1	134	0.011	2	450	11	11	1	0.332
1	135	0.011	2	327	11	11	1	0.363
1	136	0.011	2	23	11	11	1	0.339
1	137	0.012	2	100	11	11	1	0.299
1	138	0.012	2	99	11	11	1	0.355
1	139	0.012	2	104	11	11	1	0.307
1	140	0.012	2	154	11	11	1	0.218
1	141	0.012	2	354	11	11	1	0.291
1	142	0.012	2	253	11	11	1	0.266
1	143	0.013	2	486	11	11	1	0.297
1	144	0.013	2	62	11	11	1	0.314
1	145	0.013	2	188	11	11	1	0.281
1	146	0.013	2	151	11	11	1	0.249
1	147	0.013	2	200	11	11	1	0.234
1	148	0.014	2	498	11	11	1	0.257
1	149	0.014	2	275	11	11	1	0.737
1	150	0.014	2	66	11	11	1	0.473
1	151	0.014	1	72	13	11	0	0.376
1	152	0.001	2	239	11	11	1	0.470
1	153	0.001	2	59	11	11	1	0.702
1	154	0.001	2	186	11	11	1	0.685
1	155	0.002	1	63	13	13	1	0.645
1	156	0.002	2	548	11	11	1	0.469
1	157	0.002	2	510	11	11	1	0.508
1	158	0.002	2	550	11	11	1	0.356
1	159	0.002	2	382	11	11	1	0.380
1	160	0.003	2	132	11	11	1	0.276
1	161	0.003	2	214	11	11	1	0.420
1	162	0.003	2	419	11	11	1	0.260
1	163	0.003	2	459	11	11	1	0.411
1	164	0.003	2	97	11	11	1	0.331
1	165	0.004	2	485	11	11	1	0.299
1	166	0.004	2	191	11	11	1	0.187
1	167	0.004	2	92	11	11	1	0.330
1	168	0.004	2	458	11	11	1	0.314
1	169	0.004	2	190	11	11	1	0.298
1	170	0.005	2	236	11	11	1	0.250
1	171	0.005	2	312	11	11	1	0.258
1	172	0.005	2	172	11	11	1	0.314
1	173	0.005	2	471	11	11	1	0.250
1	174	0.005	2	269	11	11	1	0.385
1	175	0.006	2	447	11	11	1	0.393
1	176	0.006	2	240	11	11	1	0.337
1	177	0.006	2	545	11	11	1	0.321
1	178	0.006	2	465	11	11	1	0.336
1	179	0.006	2	261	11	11	1	0.320
1	180	0.007	2	514	11	11	1	0.305
1	181	0.007	2	371	11	11	1	0.287
1	182	0.007	2	123	11	11	1	0.344
1	183	0.007	2	317	11	11	1	0.360
1	184	0.007	2	379	11	11	1	0.311
1	185	0.007	2	489	11	11	1	0.503
1	186	0.008	2	436	11	11	1	0.623
1	187	0.008	1	478	13	13	1	0.631
1	188	0.008	2	43	11	11	1	0.406
1	189	0.008	2	400	11	11	1	0.431
1	190	0.008	2	319	11	11	1	0.374
1	191	0.009	2	520	11	11	1	0.310
1	192	0.009	2	303	11	11	1	0.350
1	193	0.009	2	438	11	11	1	0.382
1	194	0.009	2	380	11	11	1	0.301
1	195	0.009	2	248	11	11	1	0.261
1	196	0.010	2	232	11	11	1	0.597
1	197	0.010	2	314	11	11	1	0.453
1	198	0.010	2	49	11	11	1	0.301
1	199	0.010	2	339	11	11	1	0.317
1	200	0.010	2	153	11	11	1	0.285
1	201	0.011	2	276	11	11	1	0.316
1	202	0.011	2	180	11	11	1	0.276
1	203	0.011	2	27	11	11	1	0.211
1	204	0.011	2	525	11	11	1	0.235
1	205	0.011	2	475	11	11	1	0.307
1	206	0.011	2	470	11	11	1	0.299
1	207	0.012	2	195	11	11	1	0.355
1	208	0.012	2	441	11	11	1	0.411
1	209	0.012	2	404	11	11	1	0.290
1	210	0.012	2	375	11	11	1	0.274
1	211	0.012	2	107	11	11	1	0.186
1	212	0.013	2	508	11	11	1	0.529
1	213	0.013	2	376	11	11	1	0.442
1	214	0.013	2	536	11	11	1	0.322
1	215	0.013	2	60	11	11	1	0.266
1	216	0.013	2	156	11	11	1	0.825
1	217	0.014	1	440	13	13	1	0.705
1	218	0.014	2	474	11	11	1	0.409
1	219	0.014	2	307	11	11	1	0.385
1	220	0.014	2	161	11	11	1	0.376
1	221	0.001	2	521	11	11	1	0.310
1	222	0.001	2	331	11	11	1	0.326
1	223	0.001	2	29	11	11	1	0.269
1	224	0.002	2	524	11	11	1	0.268
1	225	0.002	2	267	11	11	1	0.269
1	226	0.002	2	497	11	11	1	0.277
1	227	0.002	2	131	11	11	1	0.213
1	228	0.002	2	12	11	11	1	0.236
1	229	0.003	2	174	11	11	1	0.212
1	230	0.003	2	61	11	11	1	0.131
1	231	0.003	2	407	11	11	1	0.556
1	232	0.003	2	384	11	11	1	0.628
1	233	0.003	2	467	11	11	1	0.484
1	234	0.004	1	245	13	11	0	0.451
1	235	0.004	2	549	11	11	1	0.331
1	236	0.004	2	197	11	11	1	0.363
1	237	0.004	2	145	11	11	1	0.490
1	238	0.004	2	57	11	11	1	0.514
1	239	0.005	2	259	11	11	1	0.474
1	240	0.005	1	534	13	11	0	0.714
1	241	0.005	2	433	11	11	1	0.465
1	242	0.005	2	159	11	11	1	0.641
1	243	0.005	2	152	11	11	1	0.490
1	244	0.006	1	344	13	13	1	0.625
1	245	0.006	2	101	11	11	1	0.529
1	246	0.006	2	279	11	11	1	0.641
1	247	0.006	2	79	11	11	1	0.513
1	248	0.006	1	395	13	11	0	0.408
1	249	0.007	2	322	11	11	1	0.457
1	250	0.007	2	413	11	11	1	0.440
1	251	0.007	2	427	11	11	1	0.327
1	252	0.007	2	426	11	11	1	0.456
1	253	0.007	2	54	11	11	1	0.439
1	254	0.008	2	402	11	11	1	0.327
1	255	0.008	2	215	11	11	1	0.247
1	256	0.008	2	528	11	11	1	0.247
1	257	0.008	2	522	11	11	1	0.254
1	258	0.008	2	108	11	11	1	0.270
1	259	0.008	2	434	11	11	1	0.254
1	260	0.009	2	105	11	11	1	0.262
1	261	0.009	2	76	11	11	1	0.278
1	262	0.009	2	368	11	11	1	0.310
1	263	0.009	2	144	11	11	1	0.317
1	264	0.009	2	468	11	11	1	0.325
1	265	0.010	2	537	11	11	1	0.365
1	266	0.010	2	496	11	11	1	0.277
1	267	0.010	2	505	11	11	1	0.325
1	268	0.010	2	209	11	11	1	0.269
1	269	0.010	2	205	11	11	1	0.236
1	270	0.011	2	353	11	11	1	0.244
1	271	0.011	2	454	11	11	1	0.236
1	272	0.011	2	289	11	11	1	0.236
1	273	0.011	2	449	11	11	1	0.379
1	274	0.011	2	401	11	11	1	0.267
1	275	0.012	2	420	11	11	1	0.347
1	276	0.012	2	109	11	11	1	0.291
1	277	0.012	2	358	11	11	1	0.315
1	278	0.012	2	91	11	11	1	0.203
1	279	0.012	2	233	11	11	1	0.098
1	280	0.012	2	68	11	11	1	0.122
1	281	0.013	1	103	13	11	0	0.258
1	282	0.013	2	237	11	11	1	0.322
1	283	0.013	2	329	11	11	1	0.409
1	284	0.013	2	523	11	11	1	0.425
1	285	0.013	2	288	11	11	1	0.378
1	286	0.014	2	95	11	11	1	0.273
1	287	0.014	2	189	11	11	1	0.297
1	288	0.014	2	313	11	11	1	0.281
1	289	0.001	2	58	11	11	1	0.238
1	290	0.001	2	333	11	11	1	0.237
1	291	0.001	2	439	11	11	1	0.261
1	292	0.001	2	323	11	11	1	0.246
1	293	0.002	2	425	11	11	1	0.229
1	294	0.002	2	482	11	11	1	0.253
1	295	0.002	2	20	11	11	1	0.100
1	296	0.002	2	487	11	11	1	0.052
1	297	0.002	1	506	13	11	0	0.340
1	298	0.003	2	176	11	11	1	0.420
1	299	0.003	2	428	11	11	1	0.308
1	300	0.003	2	163	11	11	1	0.323
1	301	0.003	2	249	11	11	1	0.515
1	302	0.003	2	455	11	11	1	0.491
1	303	0.004	1	290	13	11	0	0.387
1	304	0.004	2	166	11	11	1	0.467
1	305	0.004	2	290	11	11	1	0.547
1	306	0.004	2	223	11	11	1	0.538
1	307	0.004	1	149	13	13	1	0.618
1	308	0.005	2	294	11	11	1	0.426
1	309	0.005	2	255	11	11	1	0.346
1	310	0.005	2	268	11	11	1	0.562
1	311	0.005	1	163	13	11	0	0.425
1	312	0.005	2	397	11	11	1	0.362
1	313	0.006	2	399	11	11	1	0.345
1	314	0.006	2	111	11	11	1	0.753
1	315	0.006	1	453	13	NaN	0	NaN
1	316	0.006	2	527	11	13	0	0.009
1	317	0.006	2	72	11	NaN	0	NaN
1	318	0.006	2	136	11	11	1	0.080
1	319	0.007	1	135	13	11	0	0.416
1	320	0.007	2	46	11	11	1	0.591
1	321	0.007	2	121	11	11	1	0.400
1	322	0.007	2	453	11	13	0	0.887
1	323	0.007	1	490	13	11	0	0.671
1	324	0.008	2	442	11	NaN	0	NaN
1	325	0.008	2	372	11	11	1	0.734
1	326	0.008	2	414	11	11	1	0.806
1	327	0.008	1	169	13	13	1	0.702
1	328	0.008	2	395	11	11	1	0.503
1	329	0.009	2	147	11	11	1	0.550
1	330	0.009	2	120	11	11	1	0.638
1	331	0.009	1	243	13	13	1	0.621
1	332	0.009	2	513	11	11	1	0.325
1	333	0.009	2	444	11	11	1	0.445
1	334	0.010	2	263	11	11	1	0.557
1	335	0.010	2	22	11	11	1	0.381
1	336	0.010	2	94	11	11	1	0.341
1	337	0.010	2	369	11	11	1	0.308
1	338	0.010	2	362	11	11	1	0.300
1	339	0.011	2	165	11	11	1	0.284
1	340	0.011	2	225	11	11	1	0.260
1	341	0.011	2	69	11	11	1	0.268
1	342	0.011	2	33	11	11	1	0.236
1	343	0.011	2	304	11	11	1	0.355
1	344	0.011	2	158	11	11	1	0.275
1	345	0.012	2	183	11	11	1	0.203
1	346	0.012	2	477	11	11	1	0.187
1	347	0.012	2	224	11	11	1	0.187
1	348	0.012	2	207	11	11	1	0.130
1	349	0.012	2	15	11	11	1	0.666
1	350	0.013	2	462	11	11	1	0.594
1	351	0.013	2	171	11	11	1	0.442
1	352	0.013	1	546	13	11	0	0.474
1	353	0.013	2	164	11	11	1	0.370
1	354	0.013	2	311	11	11	1	0.377
1	355	0.014	2	228	11	11	1	0.265
1	356	0.014	2	148	11	11	1	0.241
1	357	0.014	2	432	11	11	1	0.264
1	358	0.001	2	10	11	11	1	0.230
1	359	0.001	2	270	11	11	1	0.262
1	360	0.001	2	392	11	11	1	0.222
1	361	0.001	2	504	11	11	1	0.165
1	362	0.002	2	134	11	11	1	0.165
1	363	0.002	2	417	11	11	1	0.173
1	364	0.002	2	506	11	11	1	0.253
1	365	0.002	2	409	11	11	1	0.364
1	366	0.002	2	271	11	11	1	0.276
1	367	0.003	2	226	11	11	1	0.412
1	368	0.003	2	204	11	11	1	0.308
1	369	0.003	2	218	11	11	1	0.300
1	370	0.003	2	274	11	11	1	0.315
1	371	0.003	2	143	11	11	1	0.420
1	372	0.004	2	501	11	11	1	0.299
1	373	0.004	2	192	11	11	1	0.331
1	374	0.004	2	155	11	11	1	0.331
1	375	0.004	2	531	11	11	1	0.258
1	376	0.004	2	398	11	11	1	0.267
1	377	0.005	2	451	11	11	1	0.218
1	378	0.005	2	124	11	11	1	0.370
1	379	0.005	2	350	11	11	1	0.434
1	380	0.005	2	476	11	11	1	0.386
1	381	0.005	2	352	11	11	1	0.369
1	382	0.006	2	221	11	11	1	0.297
1	383	0.006	2	50	11	11	1	0.241
1	384	0.006	2	330	11	11	1	0.200
1	385	0.006	2	103	11	11	1	0.345
1	386	0.006	2	119	11	11	1	0.329
1	387	0.007	2	85	11	11	1	0.416
1	388	0.007	2	84	11	11	1	0.416
1	389	0.007	2	82	11	11	1	0.367
1	390	0.007	2	265	11	11	1	0.336
1	391	0.007	2	128	11	11	1	0.272
1	392	0.008	2	507	11	11	1	0.231
1	393	0.008	2	296	11	11	1	0.278
1	394	0.008	2	469	11	11	1	0.246
1	395	0.008	2	42	11	11	1	0.295
1	396	0.008	2	78	11	11	1	0.222
1	397	0.008	2	266	11	11	1	0.270
1	398	0.009	2	535	11	11	1	0.334
1	399	0.009	2	483	11	11	1	0.334
1	400	0.009	2	373	11	11	1	0.374
1	401	0.009	2	125	11	11	1	0.325
1	402	0.009	2	7	11	11	1	0.382
1	403	0.010	2	245	11	11	1	0.365
1	404	0.010	2	182	11	11	1	0.284
1	405	0.010	2	464	11	11	1	0.220
1	406	0.010	2	340	11	11	1	0.196
1	407	0.010	2	324	11	11	1	0.148
1	408	0.011	2	334	11	11	1	0.268
1	409	0.011	2	448	11	11	1	0.291
1	410	0.011	2	1	11	11	1	0.307
1	411	0.011	2	532	11	11	1	0.315
1	412	0.011	2	429	11	11	1	0.475
1	413	0.012	2	406	11	11	1	0.331
1	414	0.012	2	456	11	11	1	0.282
1	415	0.012	2	34	11	11	1	0.251
1	416	0.012	2	390	11	11	1	0.259
1	417	0.012	2	73	11	11	1	0.234
1	418	0.012	2	280	11	11	1	0.282
1	419	0.013	2	473	11	11	1	0.322
1	420	0.013	2	285	11	11	1	0.330
1	421	0.013	2	361	11	11	1	0.386
1	422	0.013	2	63	11	11	1	0.241
1	423	0.013	2	457	11	11	1	0.362
1	424	0.014	2	114	11	11	1	0.313
1	425	0.014	2	198	11	11	1	0.225
1	426	0.014	2	516	11	11	1	0.240
1	427	0.001	2	178	11	11	1	0.333
1	428	0.001	2	37	11	11	1	0.301
1	429	0.001	2	185	11	11	1	0.293
1	430	0.002	2	422	11	11	1	0.205
1	431	0.002	2	343	11	11	1	0.125
1	432	0.002	2	287	11	11	1	0.068
1	433	0.002	2	21	11	11	1	0.021
1	434	0.002	1	220	13	11	0	0.341
1	435	0.002	2	503	11	11	1	0.300
1	436	0.003	2	89	11	11	1	0.252
1	437	0.003	2	157	11	11	1	0.260
1	438	0.003	2	481	11	11	1	0.267
1	439	0.003	2	168	11	11	1	0.316
1	440	0.003	2	169	11	11	1	0.331
1	441	0.004	2	31	11	11	1	0.339
1	442	0.004	2	133	11	11	1	0.315
1	443	0.004	2	227	11	11	1	0.322
1	444	0.004	2	30	11	11	1	0.267
1	445	0.004	2	370	11	11	1	0.227
1	446	0.005	2	202	11	11	1	0.234
1	447	0.005	2	47	11	11	1	0.234
1	448	0.005	2	284	11	11	1	0.218
1	449	0.005	2	93	11	11	1	0.305
1	450	0.005	2	394	11	11	1	0.258
1	451	0.006	2	53	11	11	1	0.153
1	452	0.006	2	175	11	11	1	0.073
1	453	0.006	2	56	11	11	1	0.225
1	454	0.006	2	113	11	11	1	0.400
1	455	0.006	2	187	11	11	1	0.280
1	456	0.007	2	118	11	11	1	0.248
1	457	0.007	1	206	13	11	0	0.208
1	458	0.007	2	320	11	11	1	0.344
1	459	0.007	2	14	11	11	1	0.392
1	460	0.007	2	533	11	11	1	0.399
1	461	0.007	2	386	11	11	1	0.352
1	462	0.008	2	160	11	11	1	0.271
1	463	0.008	2	254	11	11	1	0.415
1	464	0.008	2	230	11	11	1	0.350
1	465	0.008	2	235	11	11	1	0.279
1	466	0.008	2	494	11	11	1	0.254
1	467	0.009	1	459	13	11	0	0.214
1	468	0.009	1	122	13	11	0	0.318
1	469	0.009	2	542	11	11	1	0.701
1	470	0.009	2	297	11	11	1	0.517
1	471	0.009	2	495	11	11	1	0.469
1	472	0.010	2	5	11	11	1	0.389
1	473	0.010	2	440	11	11	1	0.229
1	474	0.010	2	502	11	11	1	0.348
1	475	0.010	2	301	11	11	1	0.308
1	476	0.010	2	538	11	11	1	0.300
1	477	0.011	2	424	11	11	1	0.348
1	478	0.011	2	80	11	11	1	0.292
1	479	0.011	2	48	11	11	1	0.291
1	480	0.011	2	219	11	11	1	0.723
1	481	0.011	2	140	11	11	1	0.403
1	482	0.011	2	546	11	11	1	0.548
1	483	0.012	2	541	11	11	1	0.579
1	484	0.012	1	386	13	11	0	0.371
1	485	0.012	2	463	11	13	0	0.571
1	486	0.012	2	492	11	11	1	0.530
1	487	0.012	2	129	11	11	1	0.474
1	488	0.013	2	332	11	11	1	0.610
1	489	0.013	2	162	11	11	1	0.482
1	490	0.013	2	70	11	11	1	0.393
1	491	0.013	2	217	11	11	1	0.433
1	492	0.013	1	380	13	11	0	0.394
1	493	0.014	2	306	11	11	1	0.601
1	494	0.014	2	64	11	11	1	0.433
1	495	0.014	2	184	11	11	1	0.377
1	496	0.001	2	316	11	11	1	0.325
1	497	0.001	2	278	11	11	1	0.253
1	498	0.001	2	234	11	11	1	0.173
1	499	0.001	2	127	11	11	1	0.101
1	500	0.002	2	351	11	11	1	0.045

*********************************************
* Sustained Attention and Recognition Memory Experiment - Memory Test v.1.0
* Date/Time: 30-Oct-2015 12:08:13
* Seed: 208509.9335
* Subject Number: 6
* Subject Name: AH
* Run Number: 1
* debug: 0
*********************************************

1	1	1	2	206	30	0	2.401
1	2	1	2	386	30	0	2.241
1	3	2	3	378	30	1	2.453
1	4	2	3	212	31	1	2.557
1	5	2	3	75	30	1	2.876
1	6	2	1	22	31	0	2.014
1	7	2	3	491	30	1	2.375
1	8	2	1	9	31	0	2.956
1	9	2	3	6	30	1	3.545
1	10	2	3	252	31	1	2.293
1	11	1	2	532	31	0	3.037
1	12	2	3	193	31	1	2.179
1	13	1	4	201	30	1	1.614
1	14	2	3	547	32	0	1.968
1	15	1	4	25	30	1	1.530
1	16	1	4	452	30	1	2.421
1	17	2	3	242	32	0	3.219
1	18	2	3	19	32	0	1.867
1	19	2	3	87	31	1	2.244
1	20	1	2	290	32	1	3.490
1	21	2	3	199	31	1	4.059
1	22	1	2	380	33	1	1.864
1	23	1	4	2	31	1	4.256
1	24	2	1	321	32	1	1.860
1	25	2	1	474	32	1	1.760
1	26	2	1	381	32	1	0.979
1	27	2	1	405	32	1	2.005
1	28	2	1	115	31	0	1.559
1	29	2	3	77	30	1	1.651
1	30	1	2	163	33	1	1.530
1	31	2	1	153	33	1	1.544
1	32	1	2	72	31	0	3.676
1	33	1	4	428	30	1	1.933
1	34	2	3	387	31	1	2.784
1	35	2	3	206	30	1	1.722
1	36	1	2	87	33	1	1.831
1	37	1	2	453	33	1	2.430
1	38	2	3	385	30	1	1.867
1	39	1	4	209	31	1	4.037
1	40	2	1	189	32	1	2.058
1	41	1	4	178	30	1	1.382
1	42	1	4	311	32	0	1.853
1	43	2	3	543	33	0	3.077
1	44	1	2	111	33	1	1.116
1	45	2	1	548	30	0	1.561
1	46	1	4	231	30	1	1.467
1	47	2	1	198	31	0	1.774
1	48	2	1	434	31	0	3.357
1	49	2	3	283	31	1	2.047
1	50	1	4	85	31	1	5.916
1	51	2	1	127	31	0	3.232
1	52	1	4	20	30	1	0.799
1	53	1	4	241	30	1	1.742
1	54	1	2	478	31	0	1.077
1	55	2	3	472	32	0	3.314
1	56	2	3	179	30	1	1.268
1	57	2	1	535	32	1	3.620
1	58	2	1	533	33	1	1.344
1	59	1	4	222	30	1	2.026
1	60	1	4	461	30	1	1.205
1	61	2	1	209	32	1	2.290
1	62	2	1	36	33	1	1.259
1	63	2	3	336	30	1	1.779
1	64	2	3	298	31	1	5.432
1	65	1	2	530	30	0	1.807
1	66	1	2	220	33	1	1.833
1	67	1	2	534	31	0	2.163
1	68	2	1	325	32	1	3.860
1	69	1	4	130	30	1	1.615
1	70	1	4	329	30	1	1.504
1	71	2	1	151	31	0	1.515
1	72	2	1	169	32	1	1.677
1	73	1	4	190	33	0	2.292
1	74	1	4	284	30	1	1.654
1	75	1	4	66	30	1	1.158
1	76	2	1	471	33	1	1.856
1	77	2	1	302	33	1	0.959
1	78	1	2	524	33	1	1.650
1	79	1	4	369	32	0	1.697
1	80	2	3	203	31	1	3.579
1	81	1	2	103	31	0	1.760
1	82	2	1	406	31	0	3.101
1	83	1	4	41	30	1	1.859
1	84	2	1	162	33	1	1.597
1	85	1	4	275	33	0	2.077
1	86	2	1	180	31	0	2.685
1	87	2	3	534	31	1	2.724
1	88	2	1	311	31	0	4.979
1	89	1	2	376	33	1	1.383
1	90	1	4	202	30	1	1.503
1	91	1	4	239	30	1	2.140
1	92	1	2	122	33	1	1.355
1	93	2	1	154	31	0	3.147
1	94	2	1	63	31	0	2.170
1	95	2	3	292	31	1	1.529
1	96	2	1	504	32	1	1.566
1	97	2	3	511	31	1	1.856
1	98	2	1	249	31	0	2.114
1	99	2	3	530	32	0	1.724
1	100	2	1	288	32	1	1.505
1	101	1	2	344	30	0	1.486
1	102	2	3	126	30	1	1.440
1	103	2	1	45	32	1	1.949
1	104	2	3	177	31	1	1.239
1	105	1	2	440	30	0	1.486
1	106	2	1	119	30	0	3.019
1	107	1	2	459	30	0	1.293
1	108	2	3	519	30	1	4.458
1	109	2	3	345	32	0	2.587
1	110	2	1	469	33	1	1.189
1	111	2	1	156	32	1	1.496
1	112	1	4	175	31	1	2.500
1	113	2	3	410	32	0	1.433
1	114	1	2	243	30	0	1.363
1	115	2	1	476	33	1	1.713
1	116	1	4	157	30	1	4.136
1	117	2	3	366	31	1	1.968
1	118	1	4	140	30	1	1.715
1	119	2	1	344	33	1	3.936
1	120	2	1	337	32	1	2.077
1	121	2	3	11	31	1	3.588
1	122	1	2	523	33	1	1.483
1	123	2	3	208	31	1	1.869
1	124	1	4	151	30	1	1.725
1	125	1	4	512	30	1	1.076
1	126	1	4	412	30	1	1.308
1	127	1	2	546	30	0	2.003
1	128	2	1	477	30	0	2.453
1	129	1	2	245	30	0	1.527
1	130	1	2	462	30	0	1.286
1	131	1	2	149	30	0	0.886
1	132	2	3	517	31	1	6.662
1	133	2	3	44	32	0	3.063
1	134	2	1	31	32	1	2.743
1	135	2	3	515	31	1	2.102
1	136	2	3	295	30	1	1.735
1	137	2	1	492	32	1	1.274
1	138	1	2	490	31	0	3.932
1	139	2	3	460	30	1	1.908
1	140	2	3	309	30	1	2.797
1	141	1	4	6	30	1	0.858
1	142	2	1	453	30	0	1.062
1	143	1	2	390	30	0	3.092
1	144	1	2	425	33	1	1.709
1	145	2	1	349	31	0	3.373
1	146	1	4	514	30	1	1.691
1	147	1	4	50	30	1	1.438
1	148	2	1	433	33	1	1.773
1	149	2	3	13	31	1	1.821
1	150	2	3	74	30	1	2.087
1	151	2	1	214	31	0	2.151
1	152	2	1	205	31	0	1.849
1	153	1	4	242	30	1	2.088
1	154	2	3	318	31	1	1.215
1	155	2	1	514	30	0	5.477
1	156	2	3	478	31	1	2.629
1	157	2	3	32	30	1	1.826
1	158	1	4	56	30	1	1.655
1	159	2	3	367	30	1	1.174
1	160	2	1	25	30	0	0.982
1	161	1	4	232	30	1	0.997
1	162	1	2	395	30	0	1.429
1	163	1	2	169	33	1	1.714
1	164	1	2	388	30	0	4.452
1	165	2	3	81	30	1	1.744
1	166	2	1	76	32	1	1.491
1	167	1	2	63	30	0	1.636
1	168	1	2	506	30	0	2.543
1	169	2	3	421	31	1	2.115
1	170	1	2	28	30	0	1.250
1	171	1	4	436	30	1	1.248
1	172	1	2	135	32	1	1.628
1	173	2	1	316	30	0	1.146
1	174	2	3	2	31	1	1.415
