
*********************************************
* Sustained Attention and Recognition Memory Experiment - Sustained Attention Task v.1.0
* Date/Time: 29-Oct-2015 16:46:40
* Seed: 213953.3102
* Subject Number: 3
* Subject Name: BC
* Run Number: 1
* debug: 0
*********************************************

run	trl	tdf	sct	simg	crsp	rsp	acc	rt
1	1	0.011	1	439	11	11	1	0.709
1	2	0.011	2	242	13	11	0	0.549
1	3	0.012	1	45	11	NaN	0	NaN
1	4	0.012	1	339	11	11	1	0.173
1	5	0.012	2	102	13	13	1	0.581
1	6	0.012	1	41	11	11	1	0.596
1	7	0.012	1	133	11	11	1	0.692
1	8	0.013	1	131	11	11	1	0.604
1	9	0.013	1	219	11	11	1	0.644
1	10	0.013	1	107	11	11	1	0.571
1	11	0.013	1	59	11	13	0	0.507
1	12	0.013	1	508	11	11	1	0.571
1	13	0.013	1	334	11	11	1	0.491
1	14	0.014	1	158	11	11	1	0.555
1	15	0.014	1	223	11	11	1	0.411
1	16	0.014	1	338	11	11	1	0.547
1	17	0.001	1	209	11	11	1	0.608
1	18	0.001	1	305	11	11	1	0.599
1	19	0.001	1	197	11	11	1	0.455
1	20	0.002	1	316	11	11	1	0.391
1	21	0.002	1	503	11	11	1	0.350
1	22	0.002	2	60	13	13	1	0.743
1	23	0.002	1	499	11	11	1	0.566
1	24	0.002	1	366	11	11	1	0.542
1	25	0.003	1	80	11	11	1	0.870
1	26	0.003	1	34	11	11	1	0.518
1	27	0.003	1	67	11	11	1	0.397
1	28	0.003	1	404	11	11	1	0.413
1	29	0.003	1	282	11	11	1	0.341
1	30	0.004	1	276	11	11	1	0.381
1	31	0.004	1	159	11	11	1	0.484
1	32	0.004	1	211	11	11	1	0.396
1	33	0.004	1	362	11	11	1	0.437
1	34	0.004	1	405	11	11	1	0.460
1	35	0.005	1	468	11	11	1	0.372
1	36	0.005	2	546	13	11	0	0.380
1	37	0.005	1	354	11	11	1	0.500
1	38	0.005	1	456	11	11	1	0.531
1	39	0.005	1	524	11	11	1	0.531
1	40	0.005	1	462	11	11	1	0.579
1	41	0.006	1	400	11	11	1	0.451
1	42	0.006	1	226	11	11	1	0.371
1	43	0.006	1	81	11	11	1	0.706
1	44	0.006	1	263	11	11	1	0.419
1	45	0.006	1	395	11	11	1	0.394
1	46	0.007	2	459	13	13	1	0.449
1	47	0.007	1	457	11	11	1	0.417
1	48	0.007	1	39	11	11	1	0.505
1	49	0.007	1	149	11	11	1	0.425
1	50	0.007	1	473	11	11	1	0.457
1	51	0.008	1	488	11	11	1	0.465
1	52	0.008	1	384	11	11	1	0.320
1	53	0.008	1	396	11	11	1	0.336
1	54	0.008	1	28	11	11	1	0.441
1	55	0.008	1	426	11	11	1	0.408
1	56	0.009	1	323	11	11	1	0.416
1	57	0.009	1	331	11	11	1	0.407
1	58	0.009	1	274	11	11	1	0.344
1	59	0.009	1	482	11	11	1	0.359
1	60	0.009	1	243	11	11	1	0.391
1	61	0.010	1	359	11	11	1	0.454
1	62	0.010	1	326	11	11	1	0.583
1	63	0.010	1	460	11	11	1	0.398
1	64	0.010	1	394	11	11	1	0.343
1	65	0.010	1	475	11	11	1	0.374
1	66	0.011	1	347	11	11	1	0.406
1	67	0.011	1	49	11	11	1	0.342
1	68	0.011	1	100	11	11	1	0.317
1	69	0.011	1	536	11	11	1	0.278
1	70	0.011	1	448	11	11	1	0.237
1	71	0.011	1	350	11	11	1	0.261
1	72	0.012	1	270	11	11	1	0.181
1	73	0.012	2	16	13	11	0	0.205
1	74	0.012	1	374	11	11	1	0.364
1	75	0.012	1	469	11	11	1	0.364
1	76	0.012	1	56	11	11	1	0.292
1	77	0.013	1	435	11	11	1	0.396
1	78	0.013	1	381	11	11	1	0.772
1	79	0.013	2	122	13	13	1	0.539
1	80	0.013	1	526	11	11	1	0.411
1	81	0.013	1	176	11	11	1	0.482
1	82	0.014	1	365	11	11	1	0.387
1	83	0.014	1	430	11	11	1	0.371
1	84	0.014	1	174	11	11	1	0.362
1	85	0.014	1	275	11	11	1	0.379
1	86	0.001	1	547	11	11	1	0.279
1	87	0.001	1	125	11	11	1	0.391
1	88	0.001	1	97	11	11	1	0.311
1	89	0.002	1	286	11	11	1	0.343
1	90	0.002	1	299	11	11	1	0.366
1	91	0.002	1	106	11	11	1	0.430
1	92	0.002	1	295	11	11	1	0.262
1	93	0.002	1	172	11	11	1	0.270
1	94	0.003	1	493	11	11	1	0.390
1	95	0.003	1	252	11	11	1	0.589
1	96	0.003	1	168	11	11	1	0.414
1	97	0.003	2	27	13	11	0	0.285
1	98	0.003	1	129	11	11	1	0.413
1	99	0.004	1	333	11	11	1	0.388
1	100	0.004	1	436	11	11	1	0.397
1	101	0.004	1	301	11	11	1	0.444
1	102	0.004	1	423	11	11	1	0.356
1	103	0.004	1	445	11	11	1	0.468
1	104	0.005	1	375	11	11	1	0.412
1	105	0.005	1	351	11	11	1	0.380
1	106	0.005	1	63	11	11	1	0.364
1	107	0.005	1	37	11	11	1	0.380
1	108	0.005	1	471	11	11	1	0.387
1	109	0.006	1	459	11	11	1	0.523
1	110	0.006	1	224	11	11	1	0.363
1	111	0.006	1	408	11	11	1	0.306
1	112	0.006	1	220	11	11	1	0.347
1	113	0.006	1	216	11	11	1	0.562
1	114	0.006	1	33	11	11	1	0.410
1	115	0.007	1	199	11	11	1	0.434
1	116	0.007	2	119	13	11	0	0.361
1	117	0.007	1	302	11	11	1	0.473
1	118	0.007	1	184	11	11	1	0.354
1	119	0.007	1	517	11	11	1	0.417
1	120	0.008	1	328	11	11	1	0.393
1	121	0.008	1	19	11	11	1	0.368
1	122	0.008	1	424	11	11	1	0.345
1	123	0.008	1	373	11	11	1	0.336
1	124	0.008	1	87	11	11	1	0.336
1	125	0.009	1	529	11	11	1	0.528
1	126	0.009	1	40	11	11	1	0.391
1	127	0.009	1	138	11	11	1	0.320
1	128	0.009	1	105	11	11	1	0.223
1	129	0.009	1	370	11	11	1	0.439
1	130	0.010	1	546	11	11	1	0.358
1	131	0.010	1	401	11	11	1	0.455
1	132	0.010	1	280	11	11	1	0.366
1	133	0.010	1	467	11	11	1	0.358
1	134	0.010	1	368	11	11	1	0.350
1	135	0.010	1	155	11	11	1	0.478
1	136	0.011	1	477	11	11	1	0.366
1	137	0.011	1	353	11	11	1	0.301
1	138	0.011	1	287	11	11	1	0.262
1	139	0.011	1	429	11	11	1	0.293
1	140	0.011	1	152	11	11	1	0.269
1	141	0.012	1	9	11	11	1	0.277
1	142	0.012	1	361	11	11	1	0.269
1	143	0.012	1	221	11	11	1	0.293
1	144	0.012	1	92	11	11	1	0.292
1	145	0.012	1	186	11	11	1	0.276
1	146	0.013	1	310	11	11	1	0.340
1	147	0.013	1	419	11	11	1	0.348
1	148	0.013	1	139	11	11	1	0.347
1	149	0.013	1	136	11	11	1	0.371
1	150	0.013	1	165	11	11	1	0.331
1	151	0.014	1	233	11	11	1	0.323
1	152	0.014	1	166	11	11	1	0.307
1	153	0.014	1	32	11	11	1	0.354
1	154	0.014	1	102	11	11	1	0.402
1	155	0.001	1	84	11	11	1	0.336
1	156	0.001	1	115	11	11	1	0.368
1	157	0.001	1	327	11	11	1	0.359
1	158	0.002	1	548	11	11	1	0.391
1	159	0.002	1	319	11	11	1	0.383
1	160	0.002	1	251	11	11	1	0.398
1	161	0.002	1	450	11	11	1	0.414
1	162	0.002	1	484	11	11	1	0.710
1	163	0.003	2	101	13	13	1	0.542
1	164	0.003	1	494	11	11	1	0.374
1	165	0.003	1	232	11	11	1	0.390
1	166	0.003	1	8	11	11	1	0.373
1	167	0.003	1	192	11	11	1	0.357
1	168	0.004	1	88	11	11	1	0.292
1	169	0.004	1	422	11	11	1	0.269
1	170	0.004	1	161	11	11	1	0.357
1	171	0.004	1	290	11	11	1	0.372
1	172	0.004	1	549	11	11	1	0.348
1	173	0.004	1	188	11	11	1	0.283
1	174	0.005	1	35	11	11	1	0.299
1	175	0.005	1	132	11	11	1	0.252
1	176	0.005	1	70	11	11	1	0.219
1	177	0.005	1	94	11	11	1	0.259
1	178	0.006	1	109	11	11	1	0.219
1	179	0.006	1	418	11	11	1	0.354
1	180	0.006	1	542	11	11	1	0.322
1	181	0.006	1	15	11	11	1	0.362
1	182	0.006	1	103	11	11	1	0.378
1	183	0.006	1	454	11	11	1	0.386
1	184	0.007	1	173	11	11	1	0.346
1	185	0.007	1	337	11	11	1	0.290
1	186	0.007	1	170	11	11	1	0.393
1	187	0.007	1	277	11	11	1	0.297
1	188	0.007	1	250	11	11	1	0.313
1	189	0.008	1	495	11	11	1	0.201
1	190	0.008	1	515	11	11	1	0.232
1	191	0.008	1	300	11	11	1	0.377
1	192	0.008	1	360	11	11	1	0.328
1	193	0.008	1	392	11	11	1	0.256
1	194	0.009	1	229	11	11	1	0.256
1	195	0.009	1	379	11	11	1	0.295
1	196	0.009	1	514	11	11	1	0.328
1	197	0.009	1	322	11	11	1	0.375
1	198	0.009	1	93	11	11	1	0.303
1	199	0.010	1	60	11	11	1	0.255
1	200	0.010	1	20	11	11	1	0.343
1	201	0.010	1	410	11	11	1	0.158
1	202	0.010	1	363	11	11	1	0.286
1	203	0.010	1	44	11	11	1	0.222
1	204	0.011	1	48	11	11	1	0.269
1	205	0.011	1	543	11	11	1	0.198
1	206	0.011	1	91	11	11	1	0.237
1	207	0.011	1	307	11	11	1	0.413
1	208	0.011	1	539	11	11	1	0.293
1	209	0.012	1	145	11	11	1	0.285
1	210	0.012	1	474	11	11	1	0.349
1	211	0.012	1	135	11	11	1	0.340
1	212	0.012	1	283	11	11	1	0.308
1	213	0.012	1	180	11	11	1	0.340
1	214	0.012	1	47	11	11	1	0.356
1	215	0.013	1	156	11	11	1	0.460
1	216	0.013	2	83	13	11	0	0.419
1	217	0.013	1	62	11	11	1	0.339
1	218	0.013	1	53	11	11	1	0.332
1	219	0.013	1	43	11	11	1	0.315
1	220	0.014	1	521	11	11	1	0.139
1	221	0.014	1	36	11	11	1	0.003
1	222	0.014	2	304	13	11	0	0.027
1	223	0.014	1	402	11	11	1	0.386
1	224	0.001	1	267	11	11	1	0.367
1	225	0.001	1	26	11	11	1	0.335
1	226	0.001	1	164	11	11	1	0.382
1	227	0.002	1	398	11	11	1	0.375
1	228	0.002	1	486	11	11	1	0.326
1	229	0.002	1	432	11	11	1	0.326
1	230	0.002	1	472	11	11	1	0.278
1	231	0.002	1	12	11	11	1	0.390
1	232	0.003	1	122	11	11	1	0.342
1	233	0.003	1	3	11	11	1	0.373
1	234	0.003	1	203	11	11	1	0.317
1	235	0.003	1	356	11	11	1	0.301
1	236	0.003	1	210	11	11	1	0.261
1	237	0.003	1	412	11	11	1	0.245
1	238	0.004	1	24	11	11	1	0.284
1	239	0.004	1	79	11	11	1	0.340
1	240	0.004	1	485	11	11	1	0.228
1	241	0.004	1	320	11	11	1	0.284
1	242	0.005	1	483	11	11	1	0.356
1	243	0.005	1	298	11	11	1	0.363
1	244	0.005	1	446	11	11	1	0.308
1	245	0.005	1	345	11	11	1	0.244
1	246	0.005	1	121	11	11	1	0.283
1	247	0.006	1	30	11	11	1	0.307
1	248	0.006	1	434	11	11	1	0.370
1	249	0.006	1	330	11	11	1	0.378
1	250	0.006	1	306	11	11	1	0.394
1	251	0.006	2	386	13	11	0	0.354
1	252	0.006	1	397	11	11	1	0.354
1	253	0.007	1	541	11	11	1	0.409
1	254	0.007	1	293	11	11	1	0.385
1	255	0.007	2	454	13	13	1	0.561
1	256	0.007	1	414	11	11	1	0.417
1	257	0.007	1	76	11	11	1	0.585
1	258	0.008	1	324	11	11	1	0.409
1	259	0.008	2	337	13	13	1	0.545
1	260	0.008	1	451	11	11	1	0.360
1	261	0.008	1	42	11	11	1	0.368
1	262	0.008	1	191	11	11	1	0.392
1	263	0.009	1	90	11	11	1	0.408
1	264	0.009	1	382	11	11	1	0.296
1	265	0.009	1	230	11	11	1	0.295
1	266	0.009	1	478	11	11	1	0.383
1	267	0.009	1	272	11	11	1	0.423
1	268	0.010	1	4	11	11	1	0.383
1	269	0.010	2	440	13	13	1	0.454
1	270	0.010	1	120	11	11	1	0.423
1	271	0.010	1	253	11	11	1	0.374
1	272	0.010	1	167	11	11	1	0.326
1	273	0.011	1	325	11	11	1	0.318
1	274	0.011	1	124	11	11	1	0.229
1	275	0.011	1	89	11	11	1	0.326
1	276	0.011	1	447	11	11	1	0.557
1	277	0.011	1	239	11	11	1	0.365
1	278	0.011	2	457	13	11	0	0.261
1	279	0.012	1	217	11	11	1	0.317
1	280	0.012	1	214	11	11	1	0.245
1	281	0.012	1	550	11	11	1	0.292
1	282	0.012	1	470	11	11	1	0.364
1	283	0.012	1	154	11	11	1	0.356
1	284	0.013	1	181	11	11	1	0.571
1	285	0.013	2	175	13	13	1	0.524
1	286	0.013	1	332	11	11	1	0.340
1	287	0.013	1	527	11	11	1	0.283
1	288	0.013	1	346	11	11	1	0.339
1	289	0.013	1	244	11	11	1	0.339
1	290	0.014	1	428	11	11	1	0.339
1	291	0.014	1	317	11	11	1	0.403
1	292	0.014	1	481	11	11	1	0.338
1	293	0.001	1	259	11	11	1	0.464
1	294	0.001	1	540	11	11	1	0.391
1	295	0.001	1	415	11	11	1	0.286
1	296	0.002	1	146	11	11	1	0.295
1	297	0.002	1	242	11	11	1	0.310
1	298	0.002	1	245	11	11	1	0.334
1	299	0.002	1	117	11	11	1	0.270
1	300	0.002	1	190	11	11	1	0.294
1	301	0.003	1	538	11	11	1	0.302
1	302	0.003	1	453	11	11	1	0.325
1	303	0.003	1	99	11	11	1	0.310
1	304	0.003	1	98	11	11	1	0.349
1	305	0.003	1	342	11	11	1	0.301
1	306	0.004	1	479	11	11	1	0.261
1	307	0.004	1	249	11	11	1	0.204
1	308	0.004	1	528	11	11	1	0.172
1	309	0.004	1	523	11	11	1	0.220
1	310	0.004	1	497	11	11	1	0.204
1	311	0.004	1	393	11	11	1	0.228
1	312	0.005	1	118	11	11	1	0.187
1	313	0.005	1	234	11	11	1	0.324
1	314	0.005	1	411	11	11	1	0.307
1	315	0.005	1	6	11	11	1	0.243
1	316	0.005	1	23	11	11	1	0.114
1	317	0.006	1	507	11	11	1	0.315
1	318	0.006	1	285	11	11	1	0.242
1	319	0.006	1	367	11	11	1	0.354
1	320	0.006	1	140	11	11	1	0.266
1	321	0.006	1	463	11	11	1	0.314
1	322	0.007	1	369	11	11	1	0.345
1	323	0.007	1	420	11	11	1	0.521
1	324	0.007	2	153	13	11	0	0.305
1	325	0.007	1	78	11	11	1	0.313
1	326	0.007	1	407	11	11	1	0.296
1	327	0.008	1	238	11	11	1	0.273
1	328	0.008	1	335	11	11	1	0.192
1	329	0.008	1	13	11	11	1	0.121
1	330	0.008	1	54	11	11	1	0.152
1	331	0.008	2	21	13	11	0	0.248
1	332	0.009	1	85	11	11	1	0.320
1	333	0.009	1	425	11	11	1	0.311
1	334	0.009	1	27	11	11	1	0.279
1	335	0.009	1	38	11	11	1	0.264
1	336	0.009	1	510	11	11	1	0.167
1	337	0.010	1	2	11	11	1	0.151
1	338	0.010	1	520	11	11	1	0.166
1	339	0.010	2	34	13	11	0	0.223
1	340	0.010	1	413	11	11	1	0.374
1	341	0.010	1	383	11	11	1	0.486
1	342	0.011	1	222	11	11	1	0.357
1	343	0.011	2	172	13	11	0	0.285
1	344	0.011	1	72	11	11	1	0.357
1	345	0.011	1	490	11	11	1	0.373
1	346	0.011	1	311	11	11	1	0.517
1	347	0.012	2	211	13	13	1	0.589
1	348	0.012	1	126	11	11	1	0.381
1	349	0.012	1	385	11	11	1	0.292
1	350	0.012	1	504	11	11	1	0.261
1	351	0.012	1	134	11	11	1	0.349
1	352	0.012	1	386	11	11	1	0.356
1	353	0.013	1	206	11	11	1	0.292
1	354	0.013	1	297	11	11	1	0.283
1	355	0.013	1	147	11	11	1	0.227
1	356	0.013	1	534	11	11	1	0.299
1	357	0.013	1	218	11	11	1	0.259
1	358	0.014	1	476	11	11	1	0.235
1	359	0.014	1	127	11	11	1	0.250
1	360	0.014	1	228	11	11	1	0.162
1	361	0.014	1	417	11	11	1	0.170
1	362	0.001	1	116	11	11	1	0.191
1	363	0.001	1	329	11	11	1	0.224
1	364	0.001	1	336	11	11	1	0.207
1	365	0.002	1	202	11	11	1	0.271
1	366	0.002	1	281	11	11	1	0.254
1	367	0.002	1	533	11	11	1	0.247
1	368	0.002	1	163	11	11	1	0.302
1	369	0.002	1	248	11	11	1	0.238
1	370	0.003	1	50	11	11	1	0.261
1	371	0.003	1	200	11	11	1	0.238
1	372	0.003	1	77	11	11	1	0.238
1	373	0.003	1	123	11	11	1	0.189
1	374	0.003	1	355	11	11	1	0.100
1	375	0.004	1	315	11	11	1	0.269
1	376	0.004	1	241	11	11	1	0.269
1	377	0.004	1	65	11	11	1	0.293
1	378	0.004	1	235	11	11	1	0.332
1	379	0.004	1	409	11	11	1	0.364
1	380	0.005	1	416	11	11	1	0.300
1	381	0.005	1	371	11	11	1	0.267
1	382	0.005	1	198	11	11	1	0.340
1	383	0.005	1	254	11	11	1	0.347
1	384	0.005	1	498	11	11	1	0.347
1	385	0.006	1	433	11	11	1	0.315
1	386	0.006	1	128	11	11	1	0.267
1	387	0.006	1	196	11	11	1	0.299
1	388	0.006	1	441	11	11	1	0.275
1	389	0.006	1	21	11	13	0	0.450
1	390	0.006	1	83	11	11	1	0.330
1	391	0.007	1	201	11	11	1	0.313
1	392	0.007	2	474	13	11	0	0.290
1	393	0.007	1	292	11	11	1	0.338
1	394	0.007	1	364	11	11	1	0.305
1	395	0.007	1	193	11	11	1	0.353
1	396	0.008	1	179	11	11	1	0.265
1	397	0.008	1	501	11	11	1	0.352
1	398	0.008	1	262	11	11	1	0.328
1	399	0.008	1	207	11	11	1	0.304
1	400	0.008	1	58	11	11	1	0.352
1	401	0.009	1	502	11	11	1	0.296
1	402	0.009	1	380	11	11	1	0.391
1	403	0.009	1	455	11	11	1	0.391
1	404	0.009	2	309	13	11	0	0.287
1	405	0.009	1	321	11	11	1	0.335
1	406	0.010	1	141	11	11	1	0.478
1	407	0.010	1	266	11	11	1	0.382
1	408	0.010	2	191	13	11	0	0.295
1	409	0.010	1	187	11	11	1	0.398
1	410	0.010	1	22	11	11	1	0.374
1	411	0.010	1	215	11	11	1	0.349
1	412	0.011	2	95	13	11	0	0.414
1	413	0.011	1	71	11	11	1	0.397
1	414	0.011	1	279	11	11	1	0.421
1	415	0.011	1	357	11	11	1	0.413
1	416	0.012	2	326	13	13	1	0.525
1	417	0.012	1	171	11	11	1	0.365
1	418	0.012	1	82	11	11	1	0.357
1	419	0.012	1	95	11	11	1	0.316
1	420	0.012	1	440	11	11	1	0.428
1	421	0.012	1	444	11	11	1	0.340
1	422	0.013	1	492	11	11	1	0.396
1	423	0.013	2	472	13	13	1	0.476
1	424	0.013	1	443	11	11	1	0.307
1	425	0.013	1	246	11	11	1	0.300
1	426	0.013	1	16	11	11	1	0.299
1	427	0.014	1	489	11	11	1	0.315
1	428	0.014	1	150	11	11	1	0.347
1	429	0.014	1	349	11	11	1	0.283
1	430	0.014	1	110	11	11	1	0.418
1	431	0.001	1	247	11	11	1	0.351
1	432	0.001	1	111	11	11	1	0.263
1	433	0.001	1	236	11	11	1	0.263
1	434	0.002	1	535	11	11	1	0.407
1	435	0.002	1	500	11	11	1	0.374
1	436	0.002	1	513	11	11	1	0.302
1	437	0.002	1	86	11	11	1	0.326
1	438	0.002	1	113	11	11	1	0.390
1	439	0.003	1	185	11	11	1	0.389
1	440	0.003	1	55	11	11	1	0.301
1	441	0.003	1	437	11	11	1	0.270
1	442	0.003	1	284	11	11	1	0.309
1	443	0.003	1	378	11	11	1	0.293
1	444	0.004	1	344	11	11	1	0.284
1	445	0.004	1	151	11	11	1	0.269
1	446	0.004	1	343	11	11	1	0.373
1	447	0.004	1	525	11	11	1	0.348
1	448	0.004	1	227	11	11	1	0.324
1	449	0.005	1	182	11	11	1	0.324
1	450	0.005	1	237	11	11	1	0.315
1	451	0.005	1	162	11	11	1	0.276
1	452	0.005	1	204	11	11	1	0.259
1	453	0.005	1	480	11	11	1	0.187
1	454	0.006	1	142	11	11	1	0.251
1	455	0.006	1	288	11	11	1	0.266
1	456	0.006	1	195	11	11	1	0.378
1	457	0.006	1	208	11	11	1	0.266
1	458	0.006	2	377	13	11	0	0.234
1	459	0.007	1	194	11	11	1	0.298
1	460	0.007	1	505	11	11	1	0.298
1	461	0.007	1	304	11	11	1	0.345
1	462	0.007	1	114	11	11	1	0.338
1	463	0.007	1	52	11	11	1	0.385
1	464	0.007	1	537	11	11	1	0.449
1	465	0.008	1	340	11	11	1	0.384
1	466	0.008	1	442	11	11	1	0.424
1	467	0.008	1	308	11	11	1	0.353
1	468	0.008	1	61	11	11	1	0.368
1	469	0.008	1	464	11	11	1	0.272
1	470	0.009	1	273	11	11	1	0.376
1	471	0.009	1	289	11	11	1	0.343
1	472	0.009	1	309	11	11	1	0.344
1	473	0.009	1	205	11	11	1	0.407
1	474	0.009	1	358	11	11	1	0.495
1	475	0.010	1	491	11	11	1	0.431
1	476	0.010	1	264	11	11	1	0.398
1	477	0.010	1	175	11	11	1	0.287
1	478	0.010	1	257	11	11	1	0.342
1	479	0.010	1	14	11	11	1	0.334
1	480	0.011	1	314	11	11	1	0.374
1	481	0.011	1	108	11	11	1	0.422
1	482	0.011	1	51	11	11	1	0.605
1	483	0.011	1	112	11	11	1	0.333
1	484	0.011	1	75	11	11	1	0.253
1	485	0.012	1	148	11	11	1	0.229
1	486	0.012	1	130	11	11	1	0.149
1	487	0.012	1	17	11	11	1	0.245
1	488	0.012	1	278	11	11	1	0.268
1	489	0.012	1	506	11	11	1	0.268
1	490	0.012	1	18	11	11	1	0.268
1	491	0.013	1	74	11	11	1	0.300
1	492	0.013	1	271	11	11	1	0.348
1	493	0.013	1	68	11	11	1	0.404
1	494	0.013	1	377	11	11	1	0.435
1	495	0.013	1	531	11	11	1	0.299
1	496	0.014	1	29	11	11	1	0.354
1	497	0.014	1	318	11	11	1	0.411
1	498	0.014	1	399	11	11	1	0.451
1	499	0.001	1	466	11	11	1	0.392
1	500	0.001	1	545	11	11	1	0.423

*********************************************
* Sustained Attention and Recognition Memory Experiment - Memory Test v.1.0
* Date/Time: 29-Oct-2015 16:57:55
* Seed: 213594.1411
* Subject Number: 3
* Subject Name: BC
* Run Number: 1
* debug: 0
*********************************************

1	1	2	4	449	30	1	1.710
1	2	2	4	256	31	1	1.825
1	3	2	2	172	33	1	1.656
1	4	1	1	541	31	0	1.671
1	5	1	3	341	31	1	2.940
1	6	1	3	1	31	1	1.358
1	7	2	2	546	33	1	1.333
1	8	2	2	101	33	1	1.274
1	9	2	4	360	31	1	1.842
1	10	1	1	343	33	1	1.031
1	11	2	4	508	30	1	4.396
1	12	1	3	544	30	1	1.163
1	13	1	1	124	31	0	1.245
1	14	2	2	21	32	1	1.247
1	15	1	3	137	30	1	2.923
1	16	1	3	143	31	1	1.894
1	17	2	2	474	33	1	1.480
1	18	2	2	242	33	1	3.532
1	19	2	4	219	32	0	1.945
1	20	1	1	122	33	1	1.256
1	21	1	3	372	32	0	3.493
1	22	1	3	7	30	1	1.708
1	23	1	3	104	31	1	1.068
1	24	1	1	338	31	0	2.227
1	25	2	4	358	31	1	2.448
1	26	1	1	145	32	1	1.805
1	27	1	3	46	31	1	1.300
1	28	2	4	210	30	1	1.955
1	29	2	2	386	33	1	3.945
1	30	1	1	29	32	1	3.644
1	31	1	1	259	31	0	2.199
1	32	1	1	40	33	1	1.894
1	33	2	2	326	31	0	3.139
1	34	1	3	390	32	0	1.295
1	35	1	3	427	31	1	1.737
1	36	2	2	454	33	1	3.790
1	37	1	3	240	31	1	1.552
1	38	1	1	451	31	0	4.649
1	39	1	3	153	31	1	0.949
1	40	1	3	303	31	1	1.619
1	41	2	4	129	30	1	3.373
1	42	1	1	123	32	1	1.828
1	43	1	3	438	31	1	1.503
1	44	1	1	468	31	0	1.907
1	45	1	3	96	31	1	2.142
1	46	1	3	294	30	1	1.543
1	47	1	1	495	32	1	1.461
1	48	2	2	153	33	1	1.188
1	49	1	1	370	32	1	1.163
1	50	1	1	142	32	1	2.189
1	51	1	3	101	31	1	6.405
1	52	1	1	28	32	1	2.534
1	53	1	3	461	31	1	1.485
1	54	2	2	102	33	1	1.751
1	55	2	2	377	33	1	0.764
1	56	1	1	149	31	0	2.959
1	57	1	3	25	32	0	1.539
1	58	2	2	337	33	1	1.482
1	59	1	1	528	32	1	1.245
1	60	2	2	175	31	0	1.820
1	61	1	1	233	31	0	10.553
1	62	1	3	160	31	1	3.833
1	63	1	3	256	31	1	3.511
1	64	2	2	191	32	1	1.895
1	65	1	1	159	33	1	1.335
1	66	1	3	183	31	1	1.182
1	67	1	3	512	31	1	2.761
1	68	1	1	83	31	0	2.781
1	69	1	1	60	31	0	3.615
1	70	1	1	319	33	1	1.555
1	71	2	4	181	30	1	1.448
1	72	2	4	395	30	1	1.043
1	73	2	2	34	32	1	1.605
1	74	1	3	178	31	1	1.415
1	75	1	3	255	31	1	1.649
1	76	1	1	412	31	0	1.195
1	77	1	1	245	32	1	4.806
1	78	2	2	459	33	1	1.067
1	79	1	1	499	33	1	5.303
1	80	2	2	472	33	1	0.985
1	81	1	3	265	32	0	1.458
1	82	1	1	409	32	1	1.516
1	83	1	3	532	31	1	1.910
1	84	1	1	85	31	0	3.486
1	85	1	3	516	30	1	1.583
1	86	1	1	237	31	0	2.884
1	87	1	3	57	31	1	1.195
1	88	2	4	390	30	1	1.516
1	89	1	1	533	31	0	2.091
1	90	1	1	205	32	1	1.365
1	91	1	3	291	31	1	1.564
1	92	2	2	122	33	1	1.228
1	93	2	4	85	30	1	2.004
1	94	1	3	406	31	1	5.037
1	95	1	3	391	32	0	1.717
1	96	2	4	375	32	0	1.846
1	97	1	1	469	33	1	1.691
1	98	1	3	352	30	1	1.349
1	99	1	1	284	33	1	1.364
1	100	2	4	415	30	1	1.382
1	101	1	3	376	31	1	2.321
1	102	1	1	351	32	1	1.427
1	103	1	3	212	30	1	1.528
1	104	2	2	457	33	1	1.839
1	105	2	4	341	30	1	1.423
1	106	1	1	126	32	1	6.742
1	107	2	4	295	30	1	1.221
1	108	1	3	31	31	1	1.985
1	109	1	1	200	31	0	1.070
1	110	2	4	312	31	1	6.918
1	111	1	1	47	31	0	7.656
1	112	2	2	211	33	1	1.244
1	113	2	2	119	30	0	1.635
1	114	2	2	16	33	1	1.959
1	115	2	4	497	31	1	1.668
1	116	2	2	60	33	1	1.102
1	117	1	1	223	33	1	1.355
1	118	2	4	216	30	1	1.350
1	119	2	4	298	30	1	1.821
1	120	1	1	473	33	1	1.802
1	121	1	1	232	31	0	3.094
1	122	2	4	252	30	1	1.078
1	123	2	4	276	30	1	1.210
1	124	2	4	197	30	1	1.055
1	125	2	4	548	31	1	2.284
1	126	2	4	98	30	1	4.276
1	127	1	3	348	31	1	1.385
1	128	1	1	134	33	1	1.271
1	129	1	3	496	31	1	3.455
1	130	2	4	166	31	1	1.227
1	131	1	1	188	31	0	5.179
1	132	1	3	511	31	1	1.287
1	133	1	3	312	32	0	1.358
1	134	1	1	52	33	1	1.011
1	135	1	3	296	31	1	2.008
1	136	1	1	61	31	0	1.645
1	137	1	1	521	31	0	2.455
1	138	2	2	440	32	1	2.071
1	139	1	3	387	32	0	1.227
1	140	1	3	10	31	1	2.128
1	141	1	1	16	31	0	1.127
1	142	2	2	27	32	1	2.668
1	143	2	2	309	30	0	1.798
1	144	1	3	530	31	1	1.166
1	145	1	3	213	31	1	2.733
1	146	2	4	317	30	1	1.164
1	147	1	1	506	31	0	2.846
1	148	2	4	445	30	1	1.099
1	149	1	1	456	31	0	2.109
1	150	1	1	484	31	0	1.032
1	151	1	3	268	31	1	1.159
1	152	1	1	238	31	0	1.033
1	153	1	3	509	31	1	1.003
1	154	1	3	519	30	1	2.245
1	155	2	2	83	30	0	1.344
1	156	1	3	449	31	1	1.941
1	157	2	4	13	30	1	1.132
1	158	2	4	217	30	1	0.872
1	159	2	2	95	30	0	1.080
1	160	2	2	304	30	0	2.771
