
*********************************************
* Sustained Attention and Recognition Memory Experiment - Sustained Attention Task v.1.0
* Date/Time: 13-Apr-2015 12:27:39
* Seed: 209360.5325
* Subject Number: 83
* Subject Name: AH
* Run Number: 1
* debug: 0
*********************************************

run	trl	tdf	sct	simg	crsp	rsp	acc	rt
1	1	0.011	1	331	11	11	1	0.559
1	2	0.011	1	351	11	11	1	0.599
1	3	0.012	1	228	11	11	1	0.558
1	4	0.012	1	121	11	11	1	0.534
1	5	0.012	1	521	11	11	1	0.477
1	6	-0.001	1	483	11	11	1	0.466
1	7	0.013	1	472	11	11	1	0.430
1	8	-0.000	1	471	11	11	1	0.418
1	9	-0.000	1	340	11	11	1	0.458
1	10	0.000	1	129	11	11	1	0.434
1	11	0.000	1	286	11	11	1	0.426
1	12	0.000	1	398	11	11	1	0.450
1	13	0.000	1	547	11	11	1	0.410
1	14	0.000	1	114	11	11	1	0.403
1	15	0.000	1	491	11	11	1	0.410
1	16	0.001	2	105	13	11	0	0.433
1	17	0.001	1	18	11	11	1	0.441
1	18	0.002	2	271	13	11	0	0.736
1	19	0.001	1	404	11	11	1	0.489
1	20	0.002	1	445	11	11	1	0.881
1	21	0.002	1	64	11	11	1	0.633
1	22	0.002	1	1	11	11	1	0.544
1	23	0.002	1	193	11	11	1	0.552
1	24	0.002	2	8	13	13	1	0.559
1	25	0.003	2	25	13	13	1	0.584
1	26	0.003	1	352	11	11	1	0.607
1	27	0.003	1	362	11	11	1	0.600
1	28	0.003	1	120	11	11	1	0.511
1	29	0.003	1	20	11	11	1	0.470
1	30	0.004	1	409	11	11	1	0.431
1	31	0.004	1	86	11	11	1	0.551
1	32	0.004	1	354	11	11	1	0.510
1	33	0.004	1	550	11	11	1	0.566
1	34	0.004	1	426	11	11	1	0.494
1	35	0.005	1	488	11	11	1	0.468
1	36	0.005	1	122	11	11	1	0.461
1	37	0.005	1	478	11	11	1	0.422
1	38	0.005	1	345	11	11	1	0.413
1	39	0.005	2	367	13	13	1	0.485
1	40	0.006	2	29	13	13	1	0.507
1	41	0.006	1	484	11	11	1	0.629
1	42	0.006	1	98	11	11	1	0.541
1	43	0.006	1	417	11	11	1	0.579
1	44	0.006	1	63	11	11	1	0.523
1	45	0.006	1	403	11	11	1	0.499
1	46	0.006	1	202	11	11	1	0.476
1	47	0.007	1	108	11	11	1	0.435
1	48	0.007	1	528	11	11	1	0.378
1	49	0.007	1	6	11	11	1	0.466
1	50	0.007	1	533	11	11	1	0.410
1	51	0.008	1	21	11	11	1	0.435
1	52	0.008	1	216	11	11	1	0.491
1	53	0.008	1	347	11	11	1	0.626
1	54	0.008	1	505	11	11	1	0.570
1	55	0.008	2	538	13	13	1	0.752
1	56	0.008	1	90	11	11	1	0.650
1	57	0.008	1	95	11	11	1	0.594
1	58	0.009	2	62	13	13	1	0.617
1	59	0.009	1	196	11	11	1	0.512
1	60	0.009	1	152	11	11	1	0.489
1	61	0.009	1	250	11	11	1	0.448
1	62	0.010	1	171	11	11	1	0.456
1	63	0.010	1	312	11	11	1	0.448
1	64	0.010	1	137	11	11	1	0.455
1	65	0.010	1	371	11	11	1	0.416
1	66	0.010	1	332	11	11	1	0.439
1	67	0.010	1	500	11	11	1	0.383
1	68	0.011	1	348	11	11	1	0.407
1	69	0.011	1	154	11	11	1	0.463
1	70	0.011	1	168	11	11	1	0.423
1	71	0.011	1	240	11	11	1	0.382
1	72	0.012	1	498	11	11	1	0.455
1	73	0.012	1	290	11	11	1	0.446
1	74	-0.001	1	479	11	11	1	0.498
1	75	-0.001	1	436	11	11	1	0.522
1	76	-0.001	1	111	11	11	1	0.499
1	77	-0.000	1	251	11	11	1	0.474
1	78	-0.000	1	502	11	11	1	0.483
1	79	0.000	1	96	11	11	1	0.553
1	80	0.000	1	226	11	11	1	0.514
1	81	0.000	1	219	11	11	1	0.570
1	82	0.000	1	43	11	11	1	0.578
1	83	0.000	1	191	11	11	1	0.585
1	84	0.000	1	295	11	11	1	0.593
1	85	0.001	1	543	11	11	1	0.617
1	86	0.001	1	148	11	11	1	0.704
1	87	0.002	1	176	11	11	1	0.713
1	88	0.001	1	402	11	11	1	0.784
1	89	0.002	1	524	11	11	1	0.665
1	90	0.002	1	446	11	11	1	0.560
1	91	0.002	1	474	11	11	1	0.473
1	92	0.002	1	281	11	11	1	0.416
1	93	0.002	1	470	11	11	1	0.487
1	94	0.003	1	5	11	11	1	0.464
1	95	0.003	1	16	11	11	1	0.423
1	96	0.003	1	138	11	11	1	0.447
1	97	0.003	1	314	11	11	1	0.391
1	98	0.003	1	299	11	11	1	0.382
1	99	0.004	1	159	11	11	1	0.342
1	100	0.004	1	36	11	11	1	0.381
1	101	0.004	2	316	13	11	0	0.373
1	102	0.004	1	261	11	11	1	0.414
1	103	0.004	1	322	11	11	1	0.470
1	104	0.005	2	382	13	13	1	0.558
1	105	0.005	1	162	11	11	1	0.517
1	106	0.005	1	321	11	11	1	0.493
1	107	0.005	1	394	11	11	1	0.565
1	108	0.005	1	339	11	11	1	0.557
1	109	0.006	1	38	11	11	1	0.549
1	110	0.006	1	287	11	11	1	0.507
1	111	0.006	1	305	11	11	1	0.547
1	112	0.006	1	520	11	11	1	0.492
1	113	0.006	2	533	13	13	1	0.644
1	114	0.006	1	519	11	11	1	0.508
1	115	0.007	1	99	11	11	1	0.531
1	116	0.007	1	70	11	11	1	0.491
1	117	0.007	1	204	11	11	1	0.498
1	118	0.007	1	149	11	11	1	0.474
1	119	0.007	1	374	11	11	1	0.402
1	120	0.008	1	509	11	11	1	0.410
1	121	0.008	1	74	11	11	1	0.387
1	122	0.008	1	370	11	11	1	0.395
1	123	0.008	1	349	11	11	1	0.434
1	124	0.008	1	30	11	11	1	0.409
1	125	0.009	1	482	11	11	1	0.434
1	126	0.009	1	494	11	11	1	0.441
1	127	0.008	1	104	11	11	1	0.449
1	128	0.009	2	530	13	11	0	0.457
1	129	0.009	1	81	11	11	1	0.449
1	130	0.009	1	256	11	11	1	0.505
1	131	0.010	1	178	11	11	1	0.543
1	132	0.010	1	136	11	11	1	0.521
1	133	0.010	1	380	11	11	1	0.480
1	134	0.010	1	268	11	11	1	0.583
1	135	0.010	1	451	11	11	1	0.671
1	136	0.011	1	252	11	11	1	0.551
1	137	0.011	2	199	13	13	1	0.559
1	138	0.011	1	448	11	11	1	0.423
1	139	0.011	1	276	11	11	1	0.494
1	140	0.011	1	25	11	11	1	0.471
1	141	0.012	1	264	11	11	1	0.510
1	142	0.012	2	301	13	13	1	0.583
1	143	0.012	2	45	13	11	0	0.477
1	144	-0.001	2	56	13	13	1	0.787
1	145	-0.001	1	419	11	11	1	0.667
1	146	-0.000	1	365	11	11	1	0.610
1	147	-0.000	1	246	11	11	1	0.537
1	148	0.000	1	103	11	11	1	0.563
1	149	0.000	1	165	11	11	1	0.522
1	150	0.000	1	175	11	11	1	0.514
1	151	0.000	1	35	11	11	1	0.474
1	152	0.000	1	423	11	11	1	0.466
1	153	0.000	1	40	11	11	1	0.505
1	154	0.001	2	491	13	13	1	0.753
1	155	0.001	1	14	11	11	1	0.553
1	156	0.002	1	444	11	11	1	0.512
1	157	0.001	1	337	11	11	1	0.472
1	158	0.002	1	316	11	11	1	0.640
1	159	0.002	1	160	11	11	1	0.488
1	160	0.002	1	131	11	11	1	0.400
1	161	0.002	1	272	11	11	1	0.455
1	162	0.002	1	285	11	11	1	0.447
1	163	0.003	1	549	11	11	1	0.550
1	164	0.003	1	535	11	11	1	0.512
1	165	0.003	1	293	11	11	1	0.535
1	166	0.003	1	327	11	11	1	0.527
1	167	0.003	1	41	11	11	1	0.502
1	168	0.004	1	364	11	11	1	0.526
1	169	0.004	1	195	11	11	1	0.597
1	170	0.004	1	163	11	11	1	0.606
1	171	0.004	1	383	11	11	1	0.565
1	172	0.004	1	19	11	11	1	0.558
1	173	0.005	1	242	11	11	1	0.614
1	174	0.005	1	258	11	11	1	0.590
1	175	0.005	1	481	11	11	1	0.597
1	176	0.005	1	447	11	11	1	0.525
1	177	0.005	1	115	11	11	1	0.533
1	178	0.005	2	474	13	13	1	0.620
1	179	0.006	1	82	11	11	1	0.613
1	180	0.006	1	368	11	11	1	0.540
1	181	0.006	1	142	11	11	1	0.596
1	182	0.006	1	507	11	11	1	0.669
1	183	0.006	1	280	11	11	1	0.659
1	184	0.007	1	359	11	11	1	0.683
1	185	0.007	1	236	11	11	1	0.756
1	186	0.007	1	438	11	11	1	0.746
1	187	0.007	2	133	13	13	1	0.803
1	188	0.007	1	415	11	11	1	0.634
1	189	0.008	1	518	11	11	1	0.611
1	190	0.008	1	277	11	11	1	0.602
1	191	0.008	2	413	13	11	0	0.578
1	192	0.008	1	28	11	11	1	0.746
1	193	0.008	1	44	11	11	1	0.625
1	194	0.009	2	72	13	13	1	0.666
1	195	0.009	1	222	11	11	1	0.560
1	196	0.009	1	336	11	11	1	0.537
1	197	0.009	1	536	11	11	1	0.530
1	198	0.009	1	389	11	11	1	0.520
1	199	0.010	1	508	11	11	1	0.512
1	200	0.010	1	433	11	11	1	0.488
1	201	0.010	2	80	13	13	1	0.640
1	202	0.010	1	278	11	11	1	0.536
1	203	0.010	1	231	11	11	1	0.703
1	204	0.010	1	68	11	11	1	0.615
1	205	0.011	1	238	11	11	1	0.591
1	206	0.011	1	2	11	11	1	0.519
1	207	0.011	1	187	11	11	1	0.494
1	208	0.011	1	545	11	11	1	0.471
1	209	0.011	2	251	13	13	1	0.702
1	210	0.012	1	47	11	11	1	0.517
1	211	0.012	1	443	11	11	1	0.511
1	212	0.012	1	145	11	11	1	0.471
1	213	-0.001	1	85	11	11	1	0.458
1	214	-0.001	1	274	11	11	1	0.643
1	215	-0.000	1	421	11	11	1	0.634
1	216	-0.000	1	37	11	11	1	0.578
1	217	0.000	1	201	11	11	1	0.554
1	218	0.000	1	153	11	11	1	0.562
1	219	0.000	1	487	11	11	1	0.522
1	220	0.000	1	458	11	11	1	0.578
1	221	0.000	1	511	11	11	1	0.537
1	222	0.000	1	273	11	11	1	0.498
1	223	0.001	1	486	11	11	1	0.472
1	224	0.001	1	110	11	11	1	0.560
1	225	0.002	1	218	11	11	1	0.617
1	226	0.001	1	62	11	11	1	0.561
1	227	0.002	1	513	11	11	1	0.504
1	228	0.002	1	199	11	11	1	0.607
1	229	0.002	1	317	11	11	1	0.552
1	230	0.002	1	57	11	11	1	0.527
1	231	0.002	1	475	11	11	1	0.552
1	232	0.003	1	73	11	11	1	0.543
1	233	0.003	1	386	11	11	1	0.503
1	234	0.003	1	400	11	11	1	0.495
1	235	0.003	1	499	11	11	1	0.486
1	236	0.003	1	23	11	11	1	0.591
1	237	0.004	1	184	11	11	1	0.503
1	238	0.004	1	209	11	11	1	0.462
1	239	0.004	1	243	11	11	1	0.518
1	240	0.004	1	144	11	11	1	0.558
1	241	0.004	1	207	11	11	1	0.550
1	242	0.005	1	49	11	11	1	0.445
1	243	0.005	1	301	11	11	1	0.564
1	244	0.005	1	318	11	11	1	0.540
1	245	0.005	1	442	11	11	1	0.549
1	246	0.005	1	147	11	11	1	0.780
1	247	0.006	1	123	11	11	1	0.549
1	248	0.006	1	50	11	11	1	0.444
1	249	0.006	1	338	11	11	1	0.500
1	250	0.006	1	116	11	11	1	0.396
1	251	0.006	1	319	11	11	1	0.484
1	252	0.006	1	495	11	11	1	0.491
1	253	0.007	1	263	11	11	1	0.515
1	254	0.007	1	489	11	11	1	0.507
1	255	0.007	1	15	11	11	1	0.515
1	256	0.007	1	431	11	11	1	0.506
1	257	0.007	1	266	11	11	1	0.514
1	258	0.008	1	100	11	11	1	0.539
1	259	0.008	1	457	11	11	1	0.515
1	260	0.008	1	363	11	11	1	0.506
1	261	0.008	1	249	11	11	1	0.482
1	262	0.008	2	198	13	13	1	0.681
1	263	0.009	1	166	11	11	1	0.530
1	264	0.009	1	412	11	11	1	0.553
1	265	0.008	1	294	11	11	1	0.577
1	266	0.009	1	221	11	11	1	0.505
1	267	0.009	1	225	11	11	1	0.496
1	268	0.010	1	527	11	11	1	0.521
1	269	0.010	1	532	11	11	1	0.464
1	270	0.010	2	368	13	13	1	0.712
1	271	0.010	2	352	13	13	1	0.705
1	272	0.010	1	377	11	11	1	0.583
1	273	0.010	1	424	11	11	1	0.704
1	274	0.011	2	100	13	13	1	0.758
1	275	0.011	1	89	11	11	1	0.591
1	276	0.011	1	390	11	11	1	0.583
1	277	0.011	2	545	13	13	1	0.799
1	278	0.011	1	11	11	11	1	0.614
1	279	0.012	1	94	11	11	1	0.574
1	280	0.012	1	329	11	11	1	0.470
1	281	-0.001	1	217	11	11	1	0.490
1	282	-0.001	1	229	11	11	1	0.498
1	283	-0.001	1	283	11	11	1	0.522
1	284	-0.000	1	53	11	11	1	0.515
1	285	-0.000	1	119	11	11	1	0.538
1	286	0.000	1	132	11	11	1	0.497
1	287	0.000	1	463	11	11	1	0.538
1	288	0.000	1	10	11	11	1	0.497
1	289	0.000	1	39	11	11	1	0.505
1	290	0.000	1	215	11	11	1	0.497
1	291	0.000	1	541	11	11	1	0.474
1	292	0.001	1	350	11	11	1	0.417
1	293	0.001	1	167	11	11	1	0.408
1	294	0.001	2	117	13	13	1	0.689
1	295	0.001	1	174	11	11	1	0.521
1	296	0.002	1	529	11	11	1	0.497
1	297	0.002	1	26	11	11	1	0.472
1	298	0.002	1	542	11	11	1	0.464
1	299	0.002	1	360	11	11	1	0.600
1	300	0.002	1	522	11	11	1	0.527
1	301	0.003	1	185	11	11	1	0.502
1	302	0.003	1	51	11	11	1	0.432
1	303	0.003	1	439	11	11	1	0.391
1	304	0.003	2	129	13	13	1	0.702
1	305	0.003	1	230	11	11	1	0.502
1	306	0.004	1	469	11	11	1	0.447
1	307	0.004	1	384	11	11	1	0.358
1	308	0.004	1	194	11	11	1	0.303
1	309	0.004	1	303	11	11	1	0.422
1	310	0.004	2	63	13	13	1	0.557
1	311	0.005	1	420	11	11	1	0.486
1	312	0.005	1	356	11	11	1	0.461
1	313	0.005	1	255	11	11	1	0.421
1	314	0.005	1	200	11	11	1	0.412
1	315	0.005	1	76	11	11	1	0.485
1	316	0.006	1	540	11	11	1	0.491
1	317	0.006	2	85	13	13	1	0.707
1	318	0.006	1	361	11	11	1	0.476
1	319	0.006	1	408	11	11	1	0.388
1	320	0.006	2	536	13	13	1	0.603
1	321	0.007	1	401	11	11	1	0.420
1	322	0.007	1	473	11	11	1	0.410
1	323	0.007	1	244	11	11	1	0.499
1	324	0.007	1	456	11	11	1	0.460
1	325	0.008	1	247	11	11	1	0.419
1	326	0.007	1	373	11	11	1	0.314
1	327	0.008	1	7	11	11	1	0.323
1	328	0.008	1	497	11	11	1	0.361
1	329	0.008	1	42	11	11	1	0.402
1	330	0.008	1	183	11	11	1	0.410
1	331	0.008	1	468	11	11	1	0.530
1	332	0.009	1	156	11	11	1	0.504
1	333	0.009	1	188	11	11	1	0.465
1	334	0.009	1	388	11	11	1	0.505
1	335	0.009	1	440	11	11	1	0.609
1	336	0.010	1	366	11	11	1	0.552
1	337	0.009	1	485	11	11	1	0.545
1	338	0.010	1	480	11	11	1	0.472
1	339	0.010	2	99	13	13	1	0.479
1	340	0.010	1	315	11	11	1	0.471
1	341	0.010	1	211	11	11	1	0.464
1	342	0.010	1	212	11	11	1	0.440
1	343	0.011	1	525	11	11	1	0.416
1	344	0.011	1	441	11	11	1	0.375
1	345	0.011	1	223	11	11	1	0.318
1	346	0.011	2	318	13	11	0	0.438
1	347	0.011	1	180	11	11	1	0.510
1	348	0.012	1	126	11	11	1	0.535
1	349	0.012	1	34	11	11	1	0.526
1	350	-0.001	1	427	11	11	1	0.531
1	351	-0.001	1	450	11	11	1	0.554
1	352	-0.001	1	182	11	11	1	0.514
1	353	-0.000	1	357	11	11	1	0.506
1	354	-0.000	1	170	11	11	1	0.499
1	355	0.000	1	150	11	11	1	0.522
1	356	0.000	1	117	11	11	1	0.817
1	357	0.000	1	523	11	11	1	0.633
1	358	0.000	1	125	11	11	1	0.529
1	359	0.000	1	55	11	11	1	0.473
1	360	0.000	1	298	11	11	1	0.449
1	361	0.001	1	91	11	11	1	0.489
1	362	0.001	1	334	11	11	1	0.625
1	363	0.001	1	512	11	11	1	0.521
1	364	0.001	1	344	11	11	1	0.512
1	365	0.002	1	141	11	11	1	0.520
1	366	0.002	1	434	11	11	1	0.463
1	367	0.002	1	17	11	11	1	0.423
1	368	0.002	1	107	11	11	1	0.448
1	369	0.002	1	467	11	11	1	0.455
1	370	0.003	1	151	11	11	1	0.431
1	371	0.003	1	48	11	11	1	0.438
1	372	0.003	1	304	11	11	1	0.431
1	373	0.003	2	244	13	13	1	0.598
1	374	0.003	1	464	11	11	1	0.462
1	375	0.004	1	466	11	11	1	0.422
1	376	0.004	1	66	11	11	1	0.335
1	377	0.004	1	58	11	11	1	0.390
1	378	0.004	1	253	11	11	1	0.478
1	379	0.004	1	133	11	11	1	0.437
1	380	0.005	2	524	13	13	1	0.589
1	381	0.005	2	411	13	13	1	0.708
1	382	0.005	1	9	11	11	1	0.492
1	383	0.005	1	490	11	11	1	0.452
1	384	0.005	1	405	11	11	1	0.380
1	385	0.006	1	78	11	11	1	0.389
1	386	0.006	1	189	11	11	1	0.396
1	387	0.006	1	105	11	11	1	0.581
1	388	0.006	1	516	11	11	1	0.492
1	389	0.006	2	218	13	13	1	0.595
1	390	0.007	1	102	11	11	1	0.427
1	391	0.007	1	203	11	11	1	0.403
1	392	0.007	1	343	11	11	1	0.412
1	393	0.007	1	379	11	11	1	0.387
1	394	0.007	1	134	11	11	1	0.362
1	395	0.008	1	245	11	11	1	0.354
1	396	0.008	1	526	11	11	1	0.379
1	397	0.008	1	83	11	11	1	0.386
1	398	0.008	1	267	11	11	1	0.346
1	399	0.008	1	531	11	11	1	0.369
1	400	0.008	1	237	11	11	1	0.426
1	401	0.009	1	97	11	11	1	0.450
1	402	0.009	1	32	11	11	1	0.457
1	403	0.008	2	388	13	11	0	0.450
1	404	0.009	1	330	11	11	1	0.425
1	405	0.009	1	88	11	11	1	0.384
1	406	0.010	1	296	11	11	1	0.409
1	407	0.010	1	335	11	11	1	0.416
1	408	0.010	2	341	13	13	1	0.551
1	409	0.010	1	375	11	11	1	0.416
1	410	0.010	1	534	11	11	1	0.391
1	411	0.011	1	210	11	11	1	0.384
1	412	0.011	2	437	13	13	1	0.759
1	413	0.011	2	442	13	13	1	0.638
1	414	0.011	1	308	11	11	1	0.646
1	415	0.011	1	220	11	11	1	0.558
1	416	0.011	1	4	11	11	1	0.503
1	417	0.012	1	455	11	11	1	0.477
1	418	0.012	1	158	11	11	1	0.470
1	419	-0.001	1	395	11	11	1	0.538
1	420	-0.001	1	504	11	11	1	0.514
1	421	-0.001	2	136	13	13	1	0.602
1	422	-0.000	1	459	11	11	1	0.514
1	423	-0.000	2	259	13	13	1	0.570
1	424	0.000	1	192	11	11	1	0.433
1	425	0.000	1	31	11	11	1	0.665
1	426	0.000	1	172	11	11	1	0.514
1	427	0.000	1	206	11	11	1	0.474
1	428	0.000	2	12	13	13	1	0.610
1	429	0.000	1	307	11	11	1	0.633
1	430	0.001	1	257	11	11	1	0.496
1	431	0.001	1	392	11	11	1	0.489
1	432	0.002	1	262	11	11	1	0.464
1	433	0.001	1	546	11	11	1	0.552
1	434	0.002	1	506	11	11	1	0.495
1	435	0.002	1	503	11	11	1	0.601
1	436	0.002	1	45	11	11	1	0.480
1	437	0.002	1	234	11	11	1	0.552
1	438	0.002	1	270	11	11	1	0.480
1	439	0.003	1	387	11	11	1	0.406
1	440	0.003	1	84	11	11	1	0.366
1	441	0.003	1	101	11	11	1	0.374
1	442	0.003	1	52	11	11	1	0.399
1	443	0.003	1	393	11	11	1	0.390
1	444	0.004	1	248	11	11	1	0.383
1	445	0.004	1	537	11	11	1	0.375
1	446	0.004	1	169	11	11	1	0.462
1	447	0.004	1	71	11	11	1	0.389
1	448	0.004	1	355	11	11	1	0.382
1	449	0.005	1	118	11	11	1	0.342
1	450	0.005	1	135	11	11	1	0.413
1	451	0.005	1	284	11	11	1	0.437
1	452	0.005	1	67	11	11	1	0.366
1	453	0.005	1	109	11	11	1	0.357
1	454	0.006	1	271	11	11	1	0.476
1	455	0.006	1	60	11	11	1	0.421
1	456	0.005	1	452	11	11	1	0.396
1	457	0.006	2	300	13	11	0	0.451
1	458	0.006	1	514	11	11	1	0.444
1	459	0.007	1	279	11	11	1	0.436
1	460	0.007	1	232	11	11	1	0.379
1	461	0.007	1	358	11	11	1	0.436
1	462	0.007	1	477	11	11	1	0.379
1	463	0.007	1	333	11	11	1	0.387
1	464	0.007	1	265	11	11	1	0.410
1	465	0.008	1	112	11	11	1	0.529
1	466	0.008	1	260	11	11	1	0.537
1	467	0.008	1	275	11	11	1	0.482
1	468	0.008	1	407	11	11	1	0.521
1	469	0.008	1	13	11	11	1	0.561
1	470	0.009	1	61	11	11	1	0.522
1	471	0.008	1	75	11	11	1	0.529
1	472	0.008	1	385	11	11	1	0.538
1	473	0.009	1	341	11	11	1	0.481
1	474	0.009	1	143	11	11	1	0.505
1	475	0.010	1	259	11	11	1	0.769
1	476	0.010	1	376	11	11	1	0.632
1	477	0.010	1	453	11	11	1	0.511
1	478	0.010	1	325	11	11	1	0.407
1	479	0.010	1	155	11	11	1	0.416
1	480	0.010	1	461	11	11	1	0.487
1	481	0.011	1	548	11	11	1	0.448
1	482	0.011	1	428	11	11	1	0.502
1	483	0.011	2	41	13	13	1	0.575
1	484	0.011	2	155	13	13	1	0.582
1	485	0.011	1	190	11	11	1	0.526
1	486	0.012	1	77	11	11	1	0.487
1	487	0.012	1	544	11	11	1	0.493
1	488	-0.001	1	413	11	11	1	0.562
1	489	-0.001	1	429	11	11	1	0.490
1	490	-0.000	1	430	11	11	1	0.514
1	491	-0.000	1	432	11	11	1	0.506
1	492	-0.000	1	241	11	11	1	0.499
1	493	0.000	1	306	11	11	1	0.490
1	494	0.000	1	425	11	11	1	0.466
1	495	0.000	1	93	11	11	1	0.425
1	496	0.000	2	127	13	13	1	0.706
1	497	0.000	1	213	11	11	1	0.713
1	498	0.000	1	449	11	11	1	0.673
1	499	0.001	1	124	11	11	1	0.585
1	500	0.001	1	326	11	11	1	0.608

*********************************************
* Sustained Attention and Recognition Memory Experiment - Memory Test v.1.0
* Date/Time: 13-Apr-2015 12:39:17
* Seed: 214097.7181
* Subject Number: 83
* Subject Name: AH
* Run Number: 1
* debug: 0
*********************************************

1	1	2	4	201	30	1	1.766
1	2	1	1	473	30	0	2.388
1	3	1	1	528	31	0	2.241
1	4	1	1	326	33	1	2.834
1	5	2	4	366	32	0	5.864
1	6	1	3	291	31	1	5.445
1	7	2	4	161	30	1	5.526
1	8	1	1	390	31	0	3.827
1	9	2	2	218	33	1	2.080
1	10	2	4	74	30	1	4.541
1	11	2	2	316	32	1	5.262
1	12	1	1	318	33	1	1.791
1	13	1	1	516	33	1	0.740
1	14	2	4	57	33	0	1.175
1	15	1	3	130	32	0	3.748
1	16	2	2	259	33	1	1.088
1	17	2	4	250	32	0	2.729
1	18	1	1	212	32	1	1.660
1	19	2	2	136	33	1	1.203
1	20	2	2	413	32	1	1.824
1	21	1	1	426	33	1	3.053
1	22	1	1	111	31	0	3.502
1	23	1	3	33	31	1	2.249
1	24	2	4	195	31	1	6.232
1	25	2	4	311	31	1	4.318
1	26	2	2	117	31	0	2.120
1	27	2	2	388	30	0	5.821
1	28	2	2	271	32	1	2.359
1	29	2	2	491	33	1	4.333
1	30	1	3	197	32	0	2.101
1	31	2	4	17	30	1	1.882
1	32	1	3	310	31	1	2.068
1	33	1	3	113	32	0	1.448
1	34	2	4	540	31	1	2.704
1	35	2	2	533	32	1	2.141
1	36	2	2	437	33	1	4.046
1	37	2	4	422	31	1	2.485
1	38	2	2	105	31	0	4.829
1	39	1	1	82	32	1	5.062
1	40	1	3	127	32	0	1.278
1	41	1	3	161	31	1	4.409
1	42	1	1	160	32	1	2.499
1	43	2	4	469	30	1	2.842
1	44	1	3	309	33	0	1.916
1	45	1	3	538	30	1	6.754
1	46	1	3	418	31	1	1.999
1	47	1	3	269	30	1	1.826
1	48	1	1	93	33	1	4.406
1	49	1	1	114	32	1	1.668
1	50	2	4	275	30	1	2.079
1	51	1	3	454	32	0	5.730
1	52	1	1	506	33	1	1.544
1	53	2	4	356	30	1	1.539
1	54	1	1	138	31	0	2.984
1	55	2	4	478	31	1	1.564
1	56	1	1	325	32	1	4.434
1	57	2	2	63	31	0	2.231
1	58	1	3	179	30	1	2.128
1	59	1	3	140	31	1	2.770
1	60	1	1	34	31	0	2.576
1	61	2	2	99	32	1	1.890
1	62	1	1	436	33	1	3.010
1	63	2	2	382	30	0	5.081
1	64	2	2	129	33	1	2.705
1	65	2	4	380	30	1	2.440
1	66	1	1	261	30	0	1.459
1	67	2	2	244	31	0	4.790
1	68	2	2	127	33	1	7.365
1	69	1	1	480	31	0	7.951
1	70	1	3	422	30	1	1.376
1	71	2	2	538	30	0	0.868
1	72	2	2	8	31	0	1.746
1	73	1	1	122	33	1	1.488
1	74	1	1	1	31	0	3.616
1	75	2	4	518	31	1	3.526
1	76	2	4	322	30	1	3.021
1	77	2	4	266	32	0	3.042
1	78	2	4	272	30	1	1.603
1	79	1	3	410	30	1	1.502
1	80	2	4	157	32	0	9.712
1	81	2	2	41	32	1	2.131
1	82	2	2	300	31	0	1.698
1	83	2	4	438	30	1	1.125
1	84	1	3	460	30	1	1.117
1	85	2	4	26	30	1	4.534
1	86	1	1	284	31	0	3.686
1	87	1	3	29	31	1	1.399
1	88	2	2	199	33	1	2.364
1	89	2	2	318	32	1	2.989
1	90	2	2	198	30	0	2.776
1	91	1	1	107	31	0	2.088
1	92	1	1	295	31	0	1.484
1	93	1	3	530	31	1	1.311
1	94	1	3	372	31	1	1.650
1	95	2	2	411	31	0	1.981
1	96	2	4	335	30	1	1.405
1	97	1	3	146	30	1	1.602
1	98	1	1	40	31	0	4.163
1	99	2	4	412	30	1	3.925
1	100	2	4	47	30	1	12.809
1	101	1	3	12	30	1	1.500
1	102	1	3	106	30	1	0.822
1	103	1	3	297	30	1	3.824
1	104	2	2	536	31	0	2.374
1	105	2	2	341	33	1	1.918
1	106	1	3	462	30	1	2.976
1	107	2	2	25	30	0	1.176
1	108	2	4	239	30	1	1.425
1	109	1	3	288	32	0	2.511
1	110	1	1	143	32	1	1.049
1	111	2	4	214	31	1	2.928
1	112	1	1	204	31	0	2.152
1	113	1	3	313	31	1	1.479
1	114	2	4	289	30	1	1.234
1	115	2	4	549	30	1	1.366
1	116	1	3	224	30	1	3.320
1	117	1	1	361	32	1	3.138
1	118	1	3	300	31	1	4.743
1	119	2	2	442	32	1	1.425
1	120	2	4	112	31	1	3.647
1	121	1	3	92	31	1	12.487
1	122	2	4	30	30	1	2.064
1	123	2	2	29	33	1	2.131
1	124	2	4	420	31	1	3.302
1	125	1	3	411	32	0	1.288
1	126	2	4	288	30	1	1.361
1	127	2	2	545	33	1	3.185
1	128	1	1	104	32	1	1.350
1	129	2	4	358	30	1	1.618
1	130	2	2	367	30	0	4.215
1	131	2	2	530	33	1	2.322
1	132	2	4	9	32	0	6.219
1	133	1	3	3	32	0	4.449
1	134	1	1	243	33	1	1.104
1	135	1	3	396	32	0	1.471
1	136	1	3	476	31	1	3.016
1	137	1	1	335	31	0	1.783
1	138	2	4	70	30	1	1.393
1	139	1	3	346	32	0	4.704
1	140	1	3	328	31	1	1.411
1	141	1	1	41	33	1	7.517
1	142	2	2	301	30	0	1.758
1	143	2	2	524	33	1	4.881
1	144	2	2	155	32	1	1.745
1	145	1	1	360	32	1	4.048
1	146	1	3	282	31	1	1.950
1	147	2	2	62	30	0	1.323
1	148	1	3	177	30	1	1.622
1	149	1	1	215	30	0	2.008
1	150	1	3	233	31	1	5.871
1	151	2	2	56	31	0	1.056
1	152	1	1	455	33	1	4.776
1	153	2	4	515	31	1	2.018
1	154	2	2	85	31	0	1.612
1	155	1	1	262	31	0	1.199
1	156	2	2	474	30	0	1.601
1	157	1	3	79	30	1	1.396
1	158	1	1	531	30	0	0.972
1	159	1	3	416	30	1	2.863
1	160	2	4	338	30	1	1.283
1	161	2	4	147	30	1	1.646
1	162	1	1	116	30	0	1.201
1	163	2	4	6	30	1	1.199
1	164	1	1	245	32	1	2.742
1	165	1	3	139	32	0	1.443
1	166	1	1	103	32	1	3.173
1	167	2	4	379	30	1	1.788
1	168	2	4	546	30	1	1.719
1	169	1	1	332	32	1	1.982
1	170	1	3	173	31	1	1.733
1	171	2	4	229	31	1	1.200
1	172	2	4	21	32	0	3.314
1	173	2	2	251	30	0	1.952
1	174	2	2	12	33	1	2.470
1	175	1	1	283	32	1	5.479
1	176	2	2	368	33	1	3.060
1	177	1	1	19	31	0	1.540
1	178	1	1	337	32	1	1.589
1	179	1	1	182	31	0	1.807
1	180	2	2	80	33	1	1.673
1	181	2	4	514	32	0	3.059
1	182	2	4	200	31	1	1.810
1	183	2	2	72	32	1	1.668
1	184	2	2	133	33	1	2.609
1	185	1	3	227	30	1	2.078
1	186	2	4	107	30	1	1.453
1	187	2	4	449	30	1	1.474
1	188	1	1	274	32	1	5.142
1	189	1	1	47	32	1	1.306
1	190	1	3	198	32	0	2.045
1	191	2	2	45	30	0	2.455
1	192	1	1	544	31	0	3.196
1	193	1	1	475	32	1	1.257
1	194	2	2	352	30	0	2.041
1	195	1	3	397	31	1	3.202
1	196	1	3	492	31	1	3.079
1	197	1	3	369	31	1	1.008
1	198	2	4	160	31	1	0.957
1	199	1	3	87	31	1	4.758
1	200	2	2	100	30	0	0.895
