
*********************************************
* Sustained Attention and Recognition Memory Experiment - Sustained Attention Task v.1.0
* Date/Time: 02-Feb-2015 11:41:28
* Seed: 208305.0343
* Subject Number: 62
* Subject Name: IN
* Run Number: 1
* debug: 0
*********************************************

run	trl	tdf	sct	simg	crsp	rsp	acc	rt
1	1	0.012	2	157	11	11	1	0.774
1	2	0.013	1	443	13	13	1	0.683
1	3	0.013	2	11	11	11	1	0.644
1	4	0.013	1	467	13	13	1	0.540
1	5	0.013	2	249	11	11	1	0.852
1	6	0.013	1	191	13	13	1	0.684
1	7	0.014	2	4	11	11	1	0.660
1	8	0.014	2	197	11	11	1	0.539
1	9	0.014	2	111	11	13	0	0.548
1	10	0.014	2	183	11	11	1	0.828
1	11	0.001	2	495	11	11	1	0.656
1	12	0.001	2	78	11	11	1	0.855
1	13	0.001	2	512	11	11	1	0.687
1	14	0.002	2	492	11	11	1	0.566
1	15	0.002	2	520	11	11	1	0.608
1	16	0.002	2	442	11	11	1	0.599
1	17	0.002	1	479	13	13	1	0.784
1	18	0.002	2	273	11	11	1	0.727
1	19	0.003	1	60	13	13	1	0.878
1	20	0.003	2	401	11	11	1	0.661
1	21	0.003	2	139	11	NaN	0	NaN
1	22	0.003	2	279	11	11	1	0.149
1	23	0.003	2	16	11	11	1	0.477
1	24	0.003	2	229	11	11	1	0.566
1	25	0.004	2	138	11	11	1	0.542
1	26	0.004	2	534	11	11	1	0.485
1	27	0.004	2	97	11	11	1	0.444
1	28	0.004	2	388	11	11	1	0.533
1	29	0.004	2	194	11	11	1	0.525
1	30	0.005	1	184	13	11	0	0.515
1	31	0.005	2	141	11	11	1	0.539
1	32	0.005	1	54	13	13	1	0.629
1	33	0.005	1	281	13	13	1	0.731
1	34	0.005	2	263	11	11	1	0.610
1	35	0.006	2	244	11	11	1	0.491
1	36	0.006	2	505	11	11	1	0.612
1	37	0.006	2	433	11	11	1	0.539
1	38	0.006	1	133	13	13	1	0.676
1	39	0.006	2	198	11	11	1	0.569
1	40	0.007	2	452	11	11	1	0.481
1	41	0.007	2	8	11	11	1	0.555
1	42	0.007	2	406	11	11	1	0.451
1	43	0.007	2	453	11	11	1	0.313
1	44	0.007	2	148	11	11	1	0.289
1	45	0.008	2	523	11	11	1	0.264
1	46	0.008	2	36	11	11	1	0.273
1	47	0.008	2	295	11	11	1	0.329
1	48	0.008	2	509	11	11	1	0.306
1	49	0.008	2	471	11	11	1	0.218
1	50	0.009	2	145	11	11	1	0.207
1	51	0.009	2	363	11	11	1	0.248
1	52	0.009	2	307	11	11	1	0.239
1	53	0.009	2	329	11	11	1	0.215
1	54	0.009	2	259	11	11	1	0.257
1	55	0.009	2	100	11	11	1	0.296
1	56	0.010	2	264	11	11	1	0.238
1	57	0.010	2	92	11	11	1	0.262
1	58	0.010	2	47	11	11	1	0.253
1	59	0.010	2	313	11	11	1	0.264
1	60	0.010	2	432	11	11	1	0.302
1	61	0.011	2	26	11	11	1	0.390
1	62	0.011	2	545	11	11	1	0.382
1	63	0.011	2	326	11	11	1	0.342
1	64	0.011	2	330	11	11	1	0.365
1	65	0.011	2	336	11	11	1	0.343
1	66	0.012	2	500	11	11	1	0.318
1	67	0.012	2	22	11	11	1	0.308
1	68	0.012	1	320	13	11	0	0.302
1	69	0.012	2	219	11	11	1	0.310
1	70	0.012	2	163	11	11	1	0.350
1	71	0.013	2	464	11	11	1	0.356
1	72	0.013	2	221	11	11	1	0.332
1	73	0.013	2	23	11	11	1	0.372
1	74	0.013	2	507	11	11	1	0.379
1	75	0.013	2	203	11	11	1	0.324
1	76	0.013	2	341	11	11	1	0.252
1	77	0.014	1	407	13	11	0	0.258
1	78	0.014	2	301	11	11	1	0.315
1	79	0.014	2	362	11	11	1	0.324
1	80	0.001	1	426	13	11	0	0.344
1	81	0.001	2	216	11	11	1	0.289
1	82	0.001	2	316	11	11	1	0.424
1	83	0.001	2	331	11	11	1	0.495
1	84	0.002	2	103	11	11	1	0.567
1	85	0.002	2	39	11	11	1	0.606
1	86	0.002	1	384	13	13	1	0.583
1	87	0.002	2	310	11	11	1	0.541
1	88	0.003	1	270	13	11	0	0.518
1	89	0.003	2	173	11	11	1	0.511
1	90	0.003	2	451	11	11	1	0.533
1	91	0.003	2	42	11	11	1	0.477
1	92	0.003	2	184	11	13	0	0.582
1	93	0.003	2	174	11	11	1	0.637
1	94	0.004	2	144	11	11	1	0.596
1	95	0.004	2	352	11	11	1	0.573
1	96	0.004	2	77	11	11	1	0.563
1	97	0.004	2	384	11	11	1	0.747
1	98	0.004	2	199	11	11	1	0.676
1	99	0.005	2	118	11	11	1	0.635
1	100	0.005	1	144	13	13	1	0.580
1	101	0.005	2	204	11	11	1	0.796
1	102	0.005	2	33	11	11	1	0.546
1	103	0.005	2	266	11	11	1	0.474
1	104	0.006	2	304	11	11	1	0.403
1	105	0.006	2	250	11	11	1	0.412
1	106	0.006	2	364	11	11	1	0.419
1	107	0.006	2	288	11	11	1	0.442
1	108	0.006	2	475	11	11	1	0.465
1	109	0.007	2	21	11	11	1	0.443
1	110	0.007	2	373	11	11	1	0.483
1	111	0.007	2	209	11	11	1	0.473
1	112	0.007	2	161	11	11	1	0.466
1	113	0.007	2	12	11	11	1	0.473
1	114	0.008	2	31	11	11	1	0.434
1	115	0.008	2	149	11	11	1	0.665
1	116	0.008	2	312	11	11	1	0.466
1	117	0.008	2	524	11	11	1	0.442
1	118	0.008	2	87	11	11	1	0.400
1	119	0.009	2	135	11	11	1	0.504
1	120	0.009	2	508	11	11	1	0.447
1	121	0.009	2	493	11	11	1	0.487
1	122	0.009	2	278	11	11	1	0.431
1	123	0.009	2	91	11	11	1	0.423
1	124	0.009	1	326	13	11	0	0.400
1	125	0.010	2	98	11	11	1	0.312
1	126	0.010	2	271	11	11	1	0.336
1	127	0.010	2	413	11	11	1	0.325
1	128	0.010	2	116	11	11	1	0.318
1	129	0.010	2	386	11	11	1	0.294
1	130	0.011	1	301	13	11	0	0.286
1	131	0.011	2	400	11	11	1	0.263
1	132	0.011	2	188	11	11	1	0.287
1	133	0.011	2	227	11	11	1	0.325
1	134	0.011	2	109	11	11	1	0.270
1	135	0.012	2	14	11	11	1	0.245
1	136	0.012	2	483	11	11	1	0.236
1	137	0.012	2	66	11	11	1	0.229
1	138	0.012	1	29	13	11	0	0.237
1	139	0.012	2	86	11	11	1	0.294
1	140	0.013	2	186	11	11	1	0.333
1	141	0.013	2	282	11	11	1	0.389
1	142	0.013	2	160	11	11	1	0.331
1	143	0.013	2	285	11	11	1	0.370
1	144	0.013	2	436	11	11	1	0.347
1	145	0.014	2	440	11	11	1	0.373
1	146	0.014	2	339	11	11	1	0.346
1	147	0.014	2	392	11	11	1	0.404
1	148	0.014	2	34	11	11	1	0.427
1	149	0.001	2	267	11	11	1	0.464
1	150	0.001	2	435	11	11	1	0.375
1	151	0.001	1	437	13	11	0	0.385
1	152	0.002	2	80	11	11	1	0.343
1	153	0.002	2	482	11	11	1	0.382
1	154	0.002	2	444	11	11	1	0.358
1	155	0.002	2	56	11	11	1	0.272
1	156	0.002	2	274	11	11	1	0.278
1	157	0.003	2	323	11	11	1	0.303
1	158	0.003	2	133	11	11	1	0.310
1	159	0.003	2	70	11	11	1	0.415
1	160	0.003	2	533	11	11	1	0.454
1	161	0.003	2	484	11	11	1	0.462
1	162	0.004	2	136	11	11	1	0.455
1	163	0.004	2	412	11	11	1	0.461
1	164	0.004	2	235	11	11	1	0.484
1	165	0.004	2	494	11	11	1	0.478
1	166	0.004	2	265	11	11	1	0.485
1	167	0.004	2	532	11	11	1	0.459
1	168	0.005	2	404	11	NaN	0	NaN
1	169	0.005	2	162	11	NaN	0	NaN
1	170	0.005	2	385	11	11	1	0.581
1	171	0.005	2	287	11	11	1	0.603
1	172	0.005	1	377	13	13	1	0.659
1	173	0.006	2	18	11	11	1	0.557
1	174	0.006	2	105	11	11	1	0.531
1	175	0.006	2	393	11	11	1	0.459
1	176	0.006	2	426	11	11	1	0.369
1	177	0.006	2	248	11	11	1	0.345
1	178	0.006	2	84	11	11	1	0.353
1	179	0.007	2	196	11	NaN	0	NaN
1	180	0.007	2	367	11	11	1	0.450
1	181	0.007	2	377	11	11	1	0.426
1	182	0.007	2	132	11	11	1	0.337
1	183	0.008	2	283	11	11	1	0.347
1	184	0.008	2	398	11	11	1	0.336
1	185	0.008	2	82	11	11	1	0.345
1	186	0.008	2	356	11	NaN	0	NaN
1	187	0.008	2	169	11	11	1	0.441
1	188	0.009	2	460	11	11	1	0.400
1	189	0.009	2	152	11	11	1	0.376
1	190	0.009	2	461	11	11	1	0.320
1	191	0.009	2	164	11	11	1	0.311
1	192	0.009	2	37	11	11	1	0.368
1	193	0.010	2	125	11	11	1	0.329
1	194	0.010	2	488	11	11	1	0.320
1	195	0.010	2	218	11	11	1	0.343
1	196	0.010	2	537	11	11	1	0.335
1	197	0.010	2	217	11	11	1	0.278
1	198	0.010	2	75	11	11	1	0.270
1	199	0.011	1	32	13	11	0	0.310
1	200	0.011	2	251	11	11	1	0.367
1	201	0.011	2	474	11	11	1	0.359
1	202	0.011	2	150	11	11	1	0.431
1	203	0.011	2	245	11	11	1	0.341
1	204	0.012	2	25	11	11	1	0.381
1	205	0.012	2	354	11	11	1	0.373
1	206	0.012	2	348	11	11	1	0.427
1	207	0.012	2	239	11	11	1	0.373
1	208	0.012	2	225	11	11	1	0.412
1	209	0.013	2	497	11	11	1	0.420
1	210	0.013	1	348	13	11	0	0.667
1	211	0.013	2	242	11	11	1	0.501
1	212	0.013	2	128	11	11	1	0.684
1	213	0.013	2	102	11	11	1	0.516
1	214	0.014	2	457	11	11	1	0.379
1	215	0.014	2	28	11	11	1	0.386
1	216	0.014	1	154	13	13	1	0.540
1	217	0.014	2	292	11	11	1	0.466
1	218	0.001	1	84	13	13	1	0.487
1	219	0.001	2	181	11	11	1	0.416
1	220	0.001	2	410	11	11	1	0.551
1	221	0.002	1	351	13	13	1	0.545
1	222	0.002	2	318	11	11	1	0.519
1	223	0.002	2	232	11	11	1	0.494
1	224	0.002	2	3	11	11	1	0.358
1	225	0.002	2	210	11	11	1	0.382
1	226	0.003	2	528	11	11	1	0.357
1	227	0.003	2	325	11	11	1	0.317
1	228	0.003	2	269	11	11	1	0.293
1	229	0.003	2	397	11	11	1	0.303
1	230	0.003	2	115	11	11	1	0.245
1	231	0.004	2	268	11	11	1	0.317
1	232	0.004	1	88	13	11	0	0.308
1	233	0.004	2	525	11	11	1	0.316
1	234	0.004	2	361	11	11	1	0.357
1	235	0.004	1	347	13	11	0	0.333
1	236	0.004	2	506	11	11	1	0.293
1	237	0.005	1	398	13	11	0	0.363
1	238	0.005	2	486	11	11	1	0.275
1	239	0.005	2	120	11	11	1	0.316
1	240	0.005	2	195	11	11	1	0.370
1	241	0.005	2	108	11	11	1	0.427
1	242	0.006	2	106	11	11	1	0.354
1	243	0.006	2	458	11	11	1	0.364
1	244	0.006	2	214	11	11	1	0.594
1	245	0.006	2	76	11	11	1	0.411
1	246	0.006	2	113	11	11	1	0.370
1	247	0.007	1	364	13	11	0	0.443
1	248	0.007	2	7	11	11	1	0.387
1	249	0.007	1	324	13	13	1	0.539
1	250	0.007	2	375	11	11	1	0.483
1	251	0.007	2	275	11	13	0	0.570
1	252	0.008	2	353	11	11	1	0.530
1	253	0.008	2	101	11	11	1	0.441
1	254	0.008	1	106	13	13	1	0.576
1	255	0.008	2	94	11	11	1	0.440
1	256	0.008	2	351	11	11	1	0.687
1	257	0.009	2	58	11	11	1	0.504
1	258	0.009	2	35	11	11	1	0.496
1	259	0.009	2	477	11	11	1	0.551
1	260	0.009	2	20	11	11	1	0.736
1	261	0.009	1	259	13	13	1	0.664
1	262	0.010	2	257	11	11	1	0.560
1	263	0.010	2	333	11	11	1	0.408
1	264	0.010	2	522	11	11	1	0.494
1	265	0.010	2	327	11	11	1	0.485
1	266	0.010	2	538	11	11	1	0.445
1	267	0.010	2	294	11	11	1	0.422
1	268	0.011	2	69	11	11	1	0.461
1	269	0.011	2	57	11	11	1	0.599
1	270	0.011	2	371	11	11	1	0.478
1	271	0.011	2	428	11	11	1	0.534
1	272	0.011	2	83	11	11	1	0.413
1	273	0.012	2	491	11	11	1	0.471
1	274	0.012	2	52	11	11	1	0.460
1	275	0.012	2	468	11	11	1	0.437
1	276	0.012	2	176	11	11	1	0.445
1	277	0.012	2	334	11	11	1	0.467
1	278	0.013	2	449	11	11	1	0.491
1	279	0.013	2	446	11	11	1	0.549
1	280	0.013	2	299	11	11	1	0.635
1	281	0.013	1	1	13	13	1	0.563
1	282	0.013	1	506	13	13	1	0.509
1	283	0.014	2	9	11	13	0	0.452
1	284	0.014	2	481	11	11	1	0.444
1	285	0.014	2	284	11	11	1	0.387
1	286	0.014	1	190	13	11	0	0.300
1	287	0.001	2	226	11	11	1	0.367
1	288	0.001	2	380	11	11	1	0.359
1	289	0.001	2	156	11	11	1	0.559
1	290	0.002	2	129	11	11	1	0.680
1	291	0.002	2	49	11	11	1	0.463
1	292	0.002	1	188	13	11	0	0.375
1	293	0.002	2	205	11	11	1	0.447
1	294	0.002	2	24	11	11	1	0.405
1	295	0.003	2	422	11	11	1	0.478
1	296	0.003	2	467	11	11	1	0.438
1	297	0.003	2	320	11	11	1	0.461
1	298	0.003	2	258	11	11	1	0.453
1	299	0.003	2	253	11	11	1	0.445
1	300	0.004	2	303	11	11	1	0.453
1	301	0.004	2	131	11	11	1	0.382
1	302	0.004	2	411	11	11	1	0.340
1	303	0.004	2	155	11	11	1	0.364
1	304	0.004	2	215	11	11	1	0.406
1	305	0.004	2	535	11	11	1	0.364
1	306	0.005	2	230	11	11	1	0.387
1	307	0.005	2	243	11	11	1	0.509
1	308	0.005	2	346	11	11	1	0.340
1	309	0.005	2	335	11	11	1	0.364
1	310	0.005	2	469	11	11	1	0.386
1	311	0.006	2	378	11	11	1	0.379
1	312	0.006	1	58	13	11	0	0.322
1	313	0.006	2	402	11	11	1	0.282
1	314	0.006	2	202	11	11	1	0.338
1	315	0.006	2	19	11	11	1	0.298
1	316	0.007	2	408	11	11	1	0.337
1	317	0.007	2	340	11	11	1	0.282
1	318	0.007	2	544	11	11	1	0.305
1	319	0.007	2	502	11	11	1	0.442
1	320	0.007	2	472	11	11	1	0.305
1	321	0.008	2	405	11	11	1	0.330
1	322	0.008	2	234	11	11	1	0.288
1	323	0.008	2	431	11	11	1	0.249
1	324	0.008	2	485	11	11	1	0.289
1	325	0.008	2	187	11	11	1	0.312
1	326	0.009	2	490	11	11	1	0.273
1	327	0.009	2	158	11	11	1	0.184
1	328	0.009	2	175	11	11	1	0.223
1	329	0.009	2	430	11	11	1	0.264
1	330	0.009	2	170	11	11	1	0.286
1	331	0.010	2	240	11	11	1	0.344
1	332	0.010	2	396	11	11	1	0.270
1	333	0.010	2	338	11	11	1	0.280
1	334	0.010	2	518	11	11	1	0.270
1	335	0.010	2	30	11	11	1	0.358
1	336	0.010	2	376	11	11	1	0.367
1	337	0.011	2	372	11	11	1	0.407
1	338	0.011	2	53	11	11	1	0.366
1	339	0.011	2	55	11	11	1	0.357
1	340	0.011	2	180	11	11	1	0.333
1	341	0.011	2	387	11	11	1	0.324
1	342	0.012	2	539	11	11	1	0.366
1	343	0.012	2	374	11	11	1	0.276
1	344	0.012	2	447	11	11	1	0.301
1	345	0.012	2	165	11	11	1	0.227
1	346	0.012	2	480	11	11	1	0.220
1	347	0.013	2	207	11	11	1	0.292
1	348	0.013	2	328	11	11	1	0.301
1	349	0.013	2	521	11	11	1	0.211
1	350	0.013	2	64	11	11	1	0.220
1	351	0.013	2	45	11	11	1	0.244
1	352	0.014	2	357	11	11	1	0.252
1	353	0.014	2	382	11	11	1	0.292
1	354	0.014	2	366	11	11	1	0.251
1	355	0.014	1	345	13	11	0	0.308
1	356	0.001	2	72	11	11	1	0.280
1	357	0.001	2	185	11	11	1	0.286
1	358	0.001	2	208	11	11	1	0.296
1	359	0.002	2	17	11	11	1	0.304
1	360	0.002	2	443	11	11	1	0.360
1	361	0.002	2	496	11	11	1	0.383
1	362	0.002	2	344	11	11	1	0.616
1	363	0.002	2	117	11	11	1	0.367
1	364	0.003	2	29	11	11	1	0.310
1	365	0.003	2	5	11	11	1	0.351
1	366	0.003	1	17	13	11	0	0.343
1	367	0.003	2	213	11	11	1	0.271
1	368	0.003	2	317	11	11	1	0.262
1	369	0.004	2	166	11	11	1	0.285
1	370	0.004	2	510	11	11	1	0.278
1	371	0.004	2	306	11	11	1	0.316
1	372	0.004	2	489	11	11	1	0.325
1	373	0.004	2	365	11	11	1	0.414
1	374	0.005	2	529	11	11	1	0.420
1	375	0.005	2	153	11	11	1	0.412
1	376	0.005	1	131	13	11	0	0.389
1	377	0.005	2	236	11	NaN	0	NaN
1	378	0.005	2	407	11	11	1	0.418
1	379	0.005	2	68	11	11	1	0.380
1	380	0.006	2	62	11	11	1	0.403
1	381	0.006	2	345	11	11	1	0.475
1	382	0.006	2	119	11	11	1	0.387
1	383	0.006	2	455	11	11	1	0.377
1	384	0.006	2	459	11	11	1	0.354
1	385	0.007	2	420	11	11	1	0.458
1	386	0.007	2	130	11	11	1	0.337
1	387	0.007	2	308	11	11	1	0.425
1	388	0.007	2	159	11	11	1	0.449
1	389	0.007	2	438	11	11	1	0.571
1	390	0.008	2	140	11	11	1	0.642
1	391	0.008	1	202	13	13	1	0.600
1	392	0.008	2	478	11	11	1	0.609
1	393	0.008	2	211	11	11	1	0.553
1	394	0.008	2	124	11	11	1	0.609
1	395	0.009	1	321	13	13	1	0.712
1	396	0.009	2	503	11	11	1	0.576
1	397	0.009	2	206	11	11	1	0.583
1	398	0.009	2	228	11	11	1	0.511
1	399	0.009	2	293	11	11	1	0.424
1	400	0.010	2	79	11	11	1	0.416
1	401	0.010	2	448	11	11	1	0.376
1	402	0.010	2	322	11	11	1	0.350
1	403	0.010	2	462	11	NaN	0	NaN
1	404	0.010	2	247	11	11	1	0.464
1	405	0.010	2	85	11	11	1	0.311
1	406	0.011	2	370	11	11	1	0.462
1	407	0.011	2	383	11	11	1	0.358
1	408	0.011	2	542	11	11	1	0.413
1	409	0.011	2	441	11	11	1	0.741
1	410	0.011	2	71	11	11	1	0.540
1	411	0.012	2	359	11	11	1	0.405
1	412	0.012	2	237	11	11	1	0.348
1	413	0.012	2	177	11	11	1	0.405
1	414	0.012	2	465	11	11	1	0.365
1	415	0.012	2	439	11	11	1	0.341
1	416	0.013	2	423	11	11	1	0.269
1	417	0.013	2	123	11	11	1	0.069
1	418	0.013	2	305	11	11	1	0.267
1	419	0.013	2	142	11	11	1	0.260
1	420	0.013	2	403	11	11	1	0.299
1	421	0.014	2	256	11	11	1	0.260
1	422	0.014	2	277	11	11	1	0.170
1	423	0.014	2	104	11	11	1	0.227
1	424	0.014	2	389	11	11	1	0.186
1	425	0.001	2	427	11	11	1	0.159
1	426	0.001	1	16	13	13	1	0.489
1	427	0.001	2	280	11	11	1	0.430
1	428	0.002	2	456	11	11	1	0.503
1	429	0.002	2	44	11	11	1	0.543
1	430	0.002	2	252	11	11	1	0.550
1	431	0.002	2	73	11	11	1	0.622
1	432	0.002	2	302	11	11	1	0.696
1	433	0.003	2	241	11	11	1	0.494
1	434	0.003	2	65	11	11	1	0.469
1	435	0.003	1	511	13	11	0	0.495
1	436	0.003	2	222	11	11	1	0.438
1	437	0.003	2	1	11	11	1	0.350
1	438	0.004	2	182	11	11	1	0.455
1	439	0.004	2	409	11	NaN	0	NaN
1	440	0.004	1	526	13	11	0	0.373
1	441	0.004	2	368	11	11	1	0.252
1	442	0.004	2	200	11	11	1	0.259
1	443	0.005	2	290	11	11	1	0.347
1	444	0.005	2	2	11	11	1	0.323
1	445	0.005	2	63	11	11	1	0.268
1	446	0.005	2	415	11	11	1	0.308
1	447	0.005	1	11	13	13	1	0.539
1	448	0.005	2	193	11	11	1	0.675
1	449	0.006	2	547	11	11	1	0.619
1	450	0.006	2	51	11	11	1	0.484
1	451	0.006	1	65	13	13	1	0.780
1	452	0.006	2	255	11	11	1	0.612
1	453	0.006	2	546	11	11	1	0.650
1	454	0.007	2	90	11	11	1	0.596
1	455	0.007	2	399	11	11	1	0.489
1	456	0.007	2	99	11	11	1	0.339
1	457	0.007	2	41	11	11	1	0.553
1	458	0.007	2	314	11	11	1	0.578
1	459	0.008	2	515	11	11	1	0.618
1	460	0.008	2	514	11	11	1	0.689
1	461	0.008	2	59	11	11	1	0.602
1	462	0.008	2	414	11	11	1	0.561
1	463	0.008	2	419	11	11	1	0.760
1	464	0.009	2	350	11	11	1	0.639
1	465	0.009	2	134	11	11	1	0.568
1	466	0.009	2	504	11	11	1	0.544
1	467	0.009	2	122	11	11	1	0.486
1	468	0.009	1	272	13	13	1	0.529
1	469	0.010	2	32	11	13	0	0.552
1	470	0.010	2	536	11	11	1	0.495
1	471	0.010	2	390	11	11	1	0.406
1	472	0.010	2	60	11	11	1	0.447
1	473	0.010	2	96	11	11	1	0.360
1	474	0.011	2	191	11	11	1	0.302
1	475	0.011	2	437	11	11	1	0.311
1	476	0.011	2	154	11	11	1	0.253
1	477	0.011	2	347	11	11	1	0.294
1	478	0.011	2	300	11	11	1	0.286
1	479	0.011	2	89	11	11	1	0.263
1	480	0.012	1	382	13	11	0	0.270
1	481	0.012	2	343	11	11	1	0.261
1	482	0.012	2	355	11	11	1	0.268
1	483	0.012	2	151	11	11	1	0.309
1	484	0.012	2	272	11	11	1	0.251
1	485	0.013	2	233	11	11	1	0.228
1	486	0.013	2	527	11	11	1	0.140
1	487	0.013	2	548	11	11	1	0.211
1	488	0.013	2	74	11	11	1	0.204
1	489	0.013	2	212	11	11	1	0.258
1	490	0.014	2	476	11	11	1	0.220
1	491	0.014	2	190	11	11	1	0.259
1	492	0.014	2	254	11	11	1	0.204
1	493	0.014	2	50	11	11	1	0.242
1	494	0.001	2	296	11	11	1	0.248
1	495	0.001	2	337	11	11	1	0.239
1	496	0.001	2	499	11	11	1	0.264
1	497	0.002	2	260	11	11	1	0.239
1	498	0.002	2	281	11	11	1	0.102
1	499	0.002	2	434	11	11	1	0.079
1	500	0.002	1	46	13	11	0	0.183

*********************************************
* Sustained Attention and Recognition Memory Experiment - Memory Test v.1.0
* Date/Time: 02-Feb-2015 11:51:57
* Seed: 213609.1327
* Subject Number: 62
* Subject Name: IN
* Run Number: 1
* debug: 0
*********************************************

1	1	1	4	544	30	1	2.816
1	2	2	3	143	32	0	1.908
1	3	2	1	219	32	1	2.167
1	4	2	1	101	33	1	1.193
1	5	1	4	538	31	1	1.573
1	6	2	3	324	33	0	1.490
1	7	2	3	127	33	0	1.128
1	8	2	1	330	33	1	0.862
1	9	1	2	1	31	0	2.191
1	10	2	3	270	32	0	2.050
1	11	2	1	228	31	0	1.612
1	12	2	3	358	31	1	1.008
1	13	1	2	511	32	1	1.426
1	14	1	2	384	33	1	1.058
1	15	2	1	432	33	1	0.806
1	16	2	1	482	31	0	1.548
1	17	1	4	174	30	1	1.662
1	18	2	1	521	30	0	1.664
1	19	2	3	95	32	0	2.146
1	20	1	4	517	30	1	2.101
1	21	2	1	327	31	0	3.176
1	22	1	2	272	33	1	1.358
1	23	2	1	254	32	1	1.344
1	24	2	1	170	31	0	2.551
1	25	2	1	257	33	1	2.645
1	26	2	3	360	30	1	2.039
1	27	1	4	122	30	1	1.203
1	28	1	2	65	32	1	2.674
1	29	1	4	548	33	0	1.622
1	30	2	1	275	31	0	1.609
1	31	2	1	355	31	0	1.056
1	32	1	2	426	32	1	1.671
1	33	1	4	367	31	1	0.984
1	34	1	2	351	31	0	1.181
1	35	2	3	526	32	0	1.732
1	36	2	1	266	31	0	1.686
1	37	2	1	31	33	1	1.493
1	38	1	4	39	30	1	1.458
1	39	2	1	184	31	0	1.349
1	40	2	3	519	31	1	1.556
1	41	1	2	345	30	0	1.156
1	42	1	4	313	30	1	0.880
1	43	2	3	289	30	1	0.855
1	44	2	1	65	30	0	1.172
1	45	2	3	6	30	1	0.990
1	46	2	3	172	31	1	1.173
1	47	1	2	347	30	0	1.342
1	48	1	2	506	30	0	1.288
1	49	2	1	216	30	0	0.936
1	50	2	3	46	30	1	1.122
1	51	1	4	275	30	1	1.151
1	52	2	3	67	31	1	1.263
1	53	2	3	121	31	1	1.132
1	54	1	4	342	30	1	1.297
1	55	1	4	87	30	1	0.871
1	56	1	2	281	30	0	1.119
1	57	1	2	467	32	1	2.656
1	58	1	4	127	30	1	1.604
1	59	2	1	155	31	0	1.716
1	60	2	3	513	32	0	3.356
1	61	1	2	382	31	0	1.637
1	62	2	3	394	30	1	2.463
1	63	1	4	460	30	1	1.140
1	64	2	1	537	32	1	2.214
1	65	1	4	72	31	1	2.373
1	66	1	2	191	33	1	1.591
1	67	1	2	60	33	1	0.896
1	68	2	1	390	33	1	0.881
1	69	1	4	56	30	1	1.971
1	70	1	4	495	30	1	0.706
1	71	2	1	209	33	1	3.965
1	72	2	3	178	33	0	1.350
1	73	1	4	429	30	1	1.616
1	74	1	4	329	30	1	0.655
1	75	2	3	201	30	1	0.969
1	76	2	1	243	30	0	0.947
1	77	1	4	18	31	1	1.168
1	78	2	3	421	33	0	2.068
1	79	1	2	17	31	0	1.217
1	80	2	1	59	33	1	1.374
1	81	2	1	166	30	0	1.482
1	82	1	4	535	30	1	1.168
1	83	1	2	54	30	0	2.064
1	84	2	3	112	33	0	1.654
1	85	2	3	454	33	0	1.171
1	86	1	4	267	30	1	1.914
1	87	2	3	54	33	0	1.363
1	88	1	2	326	30	0	1.472
1	89	2	3	137	33	0	1.743
1	90	2	1	545	33	1	1.084
1	91	2	3	147	33	0	0.713
1	92	1	4	277	30	1	1.634
1	93	1	4	159	30	1	1.220
1	94	2	3	114	31	1	0.884
1	95	2	3	470	31	1	1.281
1	96	2	3	391	32	0	1.166
1	97	2	3	450	33	0	1.439
1	98	2	1	142	33	1	0.746
1	99	2	3	231	33	0	0.743
1	100	2	1	448	32	1	0.879
1	101	1	4	156	31	1	0.861
1	102	1	2	11	30	0	1.431
1	103	1	2	320	33	1	1.505
1	104	2	3	315	31	1	3.000
1	105	1	2	188	30	0	1.445
1	106	2	3	61	32	0	1.289
1	107	2	1	117	32	1	0.920
1	108	2	3	15	32	0	0.671
1	109	2	1	102	31	0	1.204
1	110	1	4	406	30	1	0.857
1	111	2	3	466	31	1	1.227
1	112	1	2	526	32	1	0.925
1	113	2	3	463	33	0	0.822
1	114	2	1	21	33	1	1.075
1	115	2	1	451	32	1	0.991
1	116	2	1	52	31	0	0.804
1	117	2	1	232	30	0	1.168
1	118	2	1	222	32	1	1.170
1	119	1	2	407	30	0	1.390
1	120	2	1	377	31	0	1.778
1	121	1	4	21	31	1	1.314
1	122	1	4	164	30	1	1.023
1	123	1	4	237	30	1	1.209
1	124	1	2	479	31	0	2.933
1	125	1	2	259	30	0	0.756
1	126	2	1	144	33	1	1.562
1	127	1	2	88	30	0	1.056
1	128	2	3	93	30	1	0.983
1	129	1	2	190	30	0	0.711
1	130	1	2	321	30	0	0.616
1	131	2	1	265	31	0	1.074
1	132	1	4	273	30	1	0.743
1	133	2	3	549	31	1	1.303
1	134	1	4	192	30	1	0.678
1	135	2	1	509	31	0	0.713
1	136	1	2	437	31	0	2.080
1	137	1	2	29	31	0	1.741
1	138	1	2	184	30	0	0.955
1	139	2	1	96	32	1	1.769
1	140	1	4	498	33	0	1.481
1	141	2	3	541	31	1	2.289
1	142	2	3	473	32	0	1.135
1	143	2	3	516	33	0	1.409
1	144	1	2	131	33	1	2.331
1	145	2	3	192	33	0	0.741
1	146	2	3	349	33	0	1.478
1	147	1	2	154	33	1	1.016
1	148	1	2	16	33	1	0.880
1	149	2	1	361	30	0	1.242
1	150	1	2	106	30	0	0.861
1	151	1	4	255	30	1	0.741
1	152	1	4	34	30	1	0.581
1	153	2	3	429	31	1	0.777
1	154	2	1	437	31	0	0.898
1	155	2	3	395	31	1	0.594
1	156	2	3	381	31	1	0.677
1	157	1	4	531	30	1	0.748
1	158	2	1	245	32	1	2.149
1	159	1	4	79	30	1	0.573
1	160	1	4	441	30	1	0.673
1	161	2	1	488	31	0	0.945
1	162	1	4	475	30	1	0.765
1	163	1	4	228	30	1	1.265
1	164	1	4	455	30	1	0.718
1	165	2	3	107	32	0	1.014
1	166	1	2	443	32	1	1.073
1	167	1	2	58	30	0	1.076
1	168	1	2	377	31	0	0.867
1	169	1	4	521	30	1	0.717
1	170	1	4	349	31	1	0.795
1	171	2	1	210	32	1	1.324
1	172	1	4	314	31	1	1.379
1	173	2	3	189	32	0	1.236
1	174	2	1	45	32	1	0.871
1	175	1	2	364	31	0	1.190
1	176	1	4	78	30	1	1.041
1	177	1	2	398	30	0	1.415
1	178	1	2	324	32	1	1.077
1	179	1	2	84	30	0	0.869
1	180	2	3	319	32	0	0.991
1	181	2	1	328	31	0	1.187
1	182	1	4	420	31	1	0.877
1	183	2	1	512	31	0	0.898
1	184	1	4	114	30	1	1.007
1	185	1	2	301	31	0	0.950
1	186	2	1	469	32	1	0.934
1	187	1	2	133	33	1	1.299
1	188	2	1	412	32	1	1.698
1	189	1	2	348	31	0	1.025
1	190	1	4	463	30	1	0.590
1	191	1	4	418	30	1	0.690
1	192	1	2	32	31	0	0.693
1	193	2	3	445	32	0	0.700
1	194	1	2	46	33	1	0.967
1	195	2	3	297	32	0	1.126
1	196	1	2	270	33	1	0.838
1	197	1	2	202	33	1	0.867
1	198	1	4	549	32	0	0.659
1	199	1	2	144	31	0	0.823
1	200	1	4	110	30	1	0.917
