
*********************************************
* Sustained Attention and Recognition Memory Experiment - Sustained Attention Task v.1.0
* Date/Time: 30-Dec-2014 14:51:46
* Seed: 215087.9916
* Subject Number: 55
* Subject Name: DK
* Run Number: 1
* debug: 0
*********************************************

run	trl	tdf	sct	simg	crsp	rsp	acc	rt
1	1	0.012	1	164	11	11	1	0.756
1	2	0.012	1	536	11	11	1	0.763
1	3	0.012	1	203	11	11	1	0.531
1	4	0.013	1	97	11	11	1	0.685
1	5	0.013	1	265	11	11	1	0.660
1	6	0.013	2	447	13	13	1	0.700
1	7	0.013	1	535	11	11	1	0.692
1	8	0.013	1	52	11	11	1	0.778
1	9	0.013	1	92	11	11	1	0.787
1	10	0.014	1	399	11	11	1	0.826
1	11	0.014	1	539	11	11	1	0.867
1	12	0.014	1	388	11	11	1	0.858
1	13	0.014	1	61	11	11	1	0.834
1	14	0.001	1	173	11	11	1	0.760
1	15	0.001	2	255	13	11	0	0.702
1	16	0.001	1	143	11	11	1	0.599
1	17	0.002	1	504	11	11	1	0.526
1	18	0.002	2	108	13	11	0	0.488
1	19	0.002	1	445	11	11	1	0.655
1	20	0.002	1	22	11	11	1	0.823
1	21	0.002	1	228	11	11	1	0.638
1	22	0.003	1	169	11	11	1	0.757
1	23	0.003	1	411	11	11	1	0.700
1	24	0.003	1	199	11	11	1	0.820
1	25	0.003	1	183	11	11	1	0.813
1	26	0.003	1	138	11	11	1	0.726
1	27	0.004	1	36	11	11	1	0.589
1	28	0.004	2	283	13	13	1	0.548
1	29	0.004	1	295	11	11	1	0.621
1	30	0.004	1	179	11	11	1	0.595
1	31	0.004	1	307	11	11	1	0.733
1	32	0.004	1	393	11	11	1	0.693
1	33	0.005	1	395	11	11	1	0.651
1	34	0.005	1	237	11	11	1	0.723
1	35	0.005	1	422	11	11	1	0.540
1	36	0.005	1	128	11	11	1	0.546
1	37	0.006	1	241	11	11	1	0.874
1	38	0.006	1	90	11	11	1	0.755
1	39	0.006	1	544	11	11	1	0.681
1	40	0.006	1	329	11	NaN	0	NaN
1	41	0.006	1	522	11	11	1	0.137
1	42	0.007	2	527	13	11	0	0.464
1	43	0.007	1	136	11	11	1	0.745
1	44	0.007	1	342	11	11	1	0.755
1	45	0.007	1	14	11	11	1	0.762
1	46	0.007	1	320	11	11	1	0.834
1	47	0.007	1	302	11	11	1	0.730
1	48	0.008	1	508	11	11	1	0.592
1	49	0.008	1	488	11	11	1	0.488
1	50	0.008	1	208	11	11	1	0.511
1	51	0.008	1	362	11	11	1	0.551
1	52	0.008	1	543	11	11	1	0.529
1	53	0.009	1	489	11	11	1	0.486
1	54	0.009	1	7	11	11	1	0.481
1	55	0.009	1	157	11	11	1	0.455
1	56	0.009	1	312	11	11	1	0.462
1	57	0.009	2	404	13	11	0	0.438
1	58	0.010	1	60	11	11	1	0.687
1	59	0.010	1	264	11	11	1	0.616
1	60	0.010	1	430	11	11	1	0.720
1	61	0.010	1	288	11	11	1	0.613
1	62	0.010	1	454	11	11	1	0.751
1	63	0.011	1	337	11	11	1	0.581
1	64	0.011	1	115	11	11	1	0.798
1	65	0.011	1	100	11	11	1	0.868
1	66	0.011	1	339	11	11	1	0.766
1	67	0.011	1	292	11	11	1	0.580
1	68	0.012	1	144	11	11	1	0.509
1	69	0.012	1	53	11	11	1	0.451
1	70	0.012	2	106	13	13	1	0.654
1	71	0.012	1	45	11	11	1	0.565
1	72	0.012	1	193	11	11	1	0.635
1	73	0.013	1	449	11	11	1	0.676
1	74	0.013	1	274	11	11	1	0.668
1	75	0.013	1	24	11	11	1	0.723
1	76	0.013	1	78	11	11	1	0.588
1	77	0.013	2	501	13	13	1	0.756
1	78	0.013	1	181	11	NaN	0	NaN
1	79	0.014	1	531	11	11	1	0.051
1	80	0.014	1	57	11	11	1	0.537
1	81	0.014	1	500	11	11	1	0.500
1	82	0.014	2	245	13	13	1	0.601
1	83	0.001	1	496	11	11	1	0.784
1	84	0.001	2	436	13	NaN	0	NaN
1	85	0.001	1	29	11	NaN	0	NaN
1	86	0.002	1	343	11	11	1	0.680
1	87	0.002	1	529	11	11	1	0.493
1	88	0.002	1	259	11	11	1	0.488
1	89	0.002	2	510	13	13	1	0.653
1	90	0.002	1	510	11	NaN	0	NaN
1	91	0.003	1	309	11	11	1	0.751
1	92	0.003	1	446	11	11	1	0.647
1	93	0.003	1	271	11	13	0	0.654
1	94	0.003	1	246	11	NaN	0	NaN
1	95	0.003	1	340	11	NaN	0	NaN
1	96	0.004	1	180	11	NaN	0	NaN
1	97	0.004	1	4	11	11	1	0.844
1	98	0.004	1	416	11	11	1	0.629
1	99	0.004	1	8	11	11	1	0.684
1	100	0.004	1	547	11	11	1	0.660
1	101	0.005	1	311	11	11	1	0.636
1	102	0.005	1	491	11	11	1	0.627
1	103	0.005	1	49	11	11	1	0.507
1	104	0.005	1	301	11	11	1	0.564
1	105	0.005	2	441	13	13	1	0.842
1	106	0.006	1	16	11	11	1	0.658
1	107	0.006	1	550	11	11	1	0.746
1	108	0.006	2	374	13	13	1	0.659
1	109	0.006	1	37	11	11	1	0.682
1	110	0.006	1	296	11	NaN	0	NaN
1	111	0.007	1	515	11	11	1	0.027
1	112	0.007	1	174	11	11	1	0.432
1	113	0.007	1	34	11	11	1	0.458
1	114	0.007	1	272	11	11	1	0.466
1	115	0.007	1	161	11	11	1	0.760
1	116	0.007	1	39	11	11	1	0.657
1	117	0.008	1	534	11	11	1	0.520
1	118	0.008	1	121	11	11	1	0.401
1	119	0.008	1	33	11	11	1	0.504
1	120	0.008	2	506	13	13	1	0.753
1	121	0.008	1	394	11	11	1	0.728
1	122	0.009	1	303	11	11	1	0.736
1	123	0.009	1	477	11	11	1	0.647
1	124	0.009	2	522	13	13	1	0.592
1	125	0.009	1	367	11	11	1	0.582
1	126	0.009	1	153	11	11	1	0.574
1	127	0.010	1	46	11	11	1	0.552
1	128	0.010	1	472	11	11	1	0.686
1	129	0.010	1	291	11	11	1	0.550
1	130	0.010	1	239	11	11	1	0.542
1	131	0.010	1	132	11	11	1	0.454
1	132	0.011	1	376	11	11	1	0.606
1	133	0.011	1	364	11	11	1	0.469
1	134	0.011	1	205	11	11	1	0.638
1	135	0.011	1	267	11	11	1	0.598
1	136	0.011	1	82	11	11	1	0.558
1	137	0.012	1	512	11	11	1	0.437
1	138	0.012	1	437	11	11	1	0.526
1	139	0.012	1	5	11	11	1	0.389
1	140	0.012	2	190	13	13	1	0.667
1	141	0.012	1	81	11	11	1	0.660
1	142	0.013	1	248	11	NaN	0	NaN
1	143	0.013	1	268	11	11	1	0.580
1	144	0.013	1	276	11	11	1	0.508
1	145	0.013	1	186	11	13	0	0.644
1	146	0.013	1	383	11	11	1	0.619
1	147	0.013	1	420	11	11	1	0.578
1	148	0.014	1	3	11	11	1	0.828
1	149	0.014	1	11	11	11	1	0.676
1	150	0.014	1	218	11	11	1	0.571
1	151	0.001	1	234	11	11	1	0.736
1	152	0.001	1	441	11	11	1	0.470
1	153	0.001	1	398	11	11	1	0.512
1	154	0.001	1	514	11	11	1	0.488
1	155	0.002	1	189	11	11	1	0.863
1	156	0.002	1	167	11	11	1	0.855
1	157	0.002	1	426	11	11	1	0.751
1	158	0.002	1	166	11	11	1	0.743
1	159	0.002	1	419	11	11	1	0.654
1	160	0.002	1	493	11	11	1	0.662
1	161	0.003	1	140	11	11	1	0.541
1	162	0.003	1	405	11	11	1	0.390
1	163	0.003	1	400	11	11	1	0.398
1	164	0.003	1	306	11	11	1	0.437
1	165	0.003	1	384	11	11	1	0.396
1	166	0.004	1	56	11	11	1	0.404
1	167	0.004	1	397	11	11	1	0.604
1	168	0.004	1	66	11	11	1	0.549
1	169	0.004	2	411	13	13	1	0.493
1	170	0.004	1	206	11	11	1	0.356
1	171	0.005	1	359	11	11	1	0.268
1	172	0.005	1	495	11	11	1	0.226
1	173	0.005	1	257	11	11	1	0.186
1	174	0.005	1	255	11	11	1	0.275
1	175	0.005	1	351	11	11	1	0.219
1	176	0.006	1	385	11	11	1	0.308
1	177	0.006	1	412	11	11	1	0.297
1	178	0.006	2	500	13	NaN	0	NaN
1	179	0.006	1	87	11	11	1	0.698
1	180	0.007	1	88	11	11	1	0.768
1	181	0.007	1	357	11	11	1	0.697
1	182	0.007	1	479	11	11	1	0.562
1	183	0.007	1	421	11	11	1	0.552
1	184	0.007	1	381	11	11	1	0.481
1	185	0.007	1	191	11	11	1	0.634
1	186	0.008	1	114	11	11	1	0.594
1	187	0.008	1	407	11	11	1	0.536
1	188	0.008	1	117	11	11	1	0.641
1	189	0.008	1	15	11	11	1	0.537
1	190	0.008	1	247	11	11	1	0.513
1	191	0.009	1	305	11	11	1	0.520
1	192	0.009	1	119	11	11	1	0.430
1	193	0.009	1	355	11	11	1	0.393
1	194	0.009	1	356	11	11	1	0.462
1	195	0.009	1	483	11	11	1	0.422
1	196	0.009	1	185	11	11	1	0.495
1	197	0.010	1	32	11	11	1	0.423
1	198	0.010	1	43	11	11	1	0.416
1	199	0.010	1	325	11	11	1	0.342
1	200	0.010	1	75	11	11	1	0.334
1	201	0.010	1	258	11	11	1	0.582
1	202	0.011	1	73	11	11	1	0.494
1	203	0.011	1	54	11	11	1	0.374
1	204	0.011	1	335	11	11	1	0.381
1	205	0.011	2	289	13	13	1	0.661
1	206	0.011	2	23	13	NaN	0	NaN
1	207	0.012	1	459	11	11	1	0.724
1	208	0.012	1	131	11	11	1	0.621
1	209	0.012	1	409	11	11	1	0.563
1	210	0.012	2	452	13	NaN	0	NaN
1	211	0.013	1	192	11	11	1	0.707
1	212	0.013	1	200	11	11	1	0.476
1	213	0.013	1	447	11	11	1	0.275
1	214	0.013	2	384	13	11	0	0.314
1	215	0.013	1	98	11	NaN	0	NaN
1	216	0.013	1	466	11	11	1	0.716
1	217	0.014	1	379	11	11	1	0.625
1	218	0.014	1	262	11	11	1	0.634
1	219	0.014	1	281	11	11	1	0.483
1	220	0.014	1	211	11	11	1	0.587
1	221	0.001	1	112	11	11	1	0.528
1	222	0.001	2	321	13	13	1	0.678
1	223	0.001	1	380	11	11	1	0.591
1	224	0.002	1	58	11	11	1	0.566
1	225	0.002	1	542	11	11	1	0.685
1	226	0.002	1	353	11	11	1	0.518
1	227	0.002	1	25	11	11	1	0.749
1	228	0.002	1	476	11	11	1	0.631
1	229	0.003	1	537	11	11	1	0.685
1	230	0.003	1	279	11	NaN	0	NaN
1	231	0.003	2	253	13	11	0	0.060
1	232	0.003	1	527	11	11	1	0.598
1	233	0.003	1	38	11	11	1	0.525
1	234	0.004	1	256	11	11	1	0.516
1	235	0.004	1	219	11	11	1	0.510
1	236	0.004	1	386	11	11	1	0.501
1	237	0.004	1	198	11	11	1	0.461
1	238	0.004	1	368	11	11	1	0.546
1	239	0.005	1	159	11	11	1	0.444
1	240	0.005	1	70	11	11	1	0.355
1	241	0.005	1	214	11	11	1	0.636
1	242	0.005	1	96	11	11	1	0.516
1	243	0.005	1	507	11	11	1	0.521
1	244	0.006	1	541	11	11	1	0.530
1	245	0.006	1	354	11	11	1	0.602
1	246	0.006	1	111	11	11	1	0.546
1	247	0.006	1	110	11	11	1	0.427
1	248	0.006	1	178	11	11	1	0.371
1	249	0.007	1	127	11	11	1	0.331
1	250	0.007	2	48	13	11	0	0.337
1	251	0.007	1	346	11	11	1	0.443
1	252	0.007	1	209	11	11	1	0.464
1	253	0.007	2	540	13	13	1	0.569
1	254	0.008	1	216	11	11	1	0.560
1	255	0.008	1	269	11	11	1	0.569
1	256	0.008	1	9	11	11	1	0.559
1	257	0.008	1	102	11	11	1	0.456
1	258	0.008	1	48	11	11	1	0.432
1	259	0.008	1	118	11	11	1	0.375
1	260	0.009	1	428	11	11	1	0.271
1	261	0.009	2	296	13	11	0	0.280
1	262	0.009	1	516	11	11	1	0.239
1	263	0.009	2	120	13	11	0	0.262
1	264	0.009	1	134	11	11	1	0.510
1	265	0.010	1	331	11	11	1	0.695
1	266	0.010	2	28	13	13	1	0.783
1	267	0.010	1	232	11	11	1	0.837
1	268	0.010	1	85	11	11	1	0.653
1	269	0.010	1	229	11	11	1	0.597
1	270	0.011	1	84	11	11	1	0.557
1	271	0.011	1	406	11	11	1	0.581
1	272	0.011	1	124	11	11	1	0.749
1	273	0.011	1	266	11	11	1	0.533
1	274	0.011	1	47	11	11	1	0.445
1	275	0.012	1	314	11	11	1	0.309
1	276	0.012	1	17	11	11	1	0.318
1	277	0.012	1	283	11	11	1	0.373
1	278	0.012	1	20	11	11	1	0.445
1	279	0.012	1	377	11	11	1	0.403
1	280	0.013	1	434	11	11	1	0.475
1	281	0.013	1	86	11	11	1	0.371
1	282	0.013	1	423	11	11	1	0.332
1	283	0.013	1	151	11	13	0	0.612
1	284	0.013	1	202	11	11	1	0.748
1	285	0.014	1	518	11	11	1	0.610
1	286	0.014	1	123	11	NaN	0	NaN
1	287	0.014	1	51	11	11	1	0.753
1	288	0.014	1	425	11	11	1	0.763
1	289	0.001	1	184	11	11	1	0.511
1	290	0.001	1	498	11	11	1	0.408
1	291	0.001	1	392	11	11	1	0.814
1	292	0.002	2	215	13	13	1	0.711
1	293	0.002	1	194	11	11	1	0.558
1	294	0.002	1	402	11	11	1	0.454
1	295	0.002	1	324	11	11	1	0.464
1	296	0.002	1	197	11	11	1	0.437
1	297	0.002	1	226	11	11	1	0.301
1	298	0.003	1	439	11	11	1	0.230
1	299	0.003	1	142	11	11	1	0.254
1	300	0.003	1	462	11	11	1	0.246
1	301	0.003	1	10	11	11	1	0.270
1	302	0.003	1	313	11	11	1	0.276
1	303	0.004	1	260	11	11	1	0.252
1	304	0.004	1	548	11	11	1	0.243
1	305	0.004	1	461	11	11	1	0.365
1	306	0.004	1	451	11	11	1	0.276
1	307	0.004	1	126	11	11	1	0.411
1	308	0.005	2	12	13	13	1	0.581
1	309	0.005	1	424	11	11	1	0.477
1	310	0.005	1	520	11	11	1	0.725
1	311	0.005	1	63	11	11	1	0.572
1	312	0.005	2	331	13	13	1	0.660
1	313	0.006	1	65	11	11	1	0.475
1	314	0.006	1	448	11	11	1	0.434
1	315	0.006	1	540	11	11	1	0.651
1	316	0.006	1	207	11	11	1	0.515
1	317	0.006	1	528	11	11	1	0.779
1	318	0.007	1	452	11	11	1	0.483
1	319	0.007	2	490	13	13	1	0.840
1	320	0.007	1	282	11	11	1	0.563
1	321	0.007	1	91	11	11	1	0.457
1	322	0.007	1	62	11	11	1	0.401
1	323	0.008	2	345	13	13	1	0.618
1	324	0.008	1	44	11	11	1	0.289
1	325	0.008	1	176	11	11	1	0.232
1	326	0.008	1	436	11	11	1	0.127
1	327	0.008	1	487	11	11	1	0.377
1	328	0.008	1	18	11	11	1	0.447
1	329	0.009	1	116	11	11	1	0.441
1	330	0.009	1	284	11	11	1	0.495
1	331	0.009	1	254	11	11	1	0.438
1	332	0.009	1	350	11	11	1	0.351
1	333	0.009	1	152	11	11	1	0.344
1	334	0.010	1	373	11	11	1	0.400
1	335	0.010	1	120	11	11	1	0.342
1	336	0.010	1	333	11	11	1	0.351
1	337	0.010	1	250	11	11	1	0.327
1	338	0.010	1	442	11	11	1	0.238
1	339	0.010	1	304	11	11	1	0.197
1	340	0.011	2	326	13	11	0	0.141
1	341	0.011	1	55	11	11	1	0.661
1	342	0.011	1	286	11	11	1	0.670
1	343	0.011	1	532	11	NaN	0	NaN
1	344	0.012	1	545	11	11	1	0.045
1	345	0.012	1	253	11	11	1	0.516
1	346	0.012	1	77	11	11	1	0.635
1	347	0.012	1	158	11	11	1	0.579
1	348	0.012	1	19	11	11	1	0.508
1	349	0.013	2	453	13	13	1	0.516
1	350	0.013	1	125	11	11	1	0.619
1	351	0.013	1	505	11	11	1	0.531
1	352	0.013	1	431	11	11	1	0.539
1	353	0.013	1	468	11	11	1	0.593
1	354	0.014	1	464	11	11	1	0.570
1	355	0.014	1	506	11	11	1	0.708
1	356	0.014	1	318	11	11	1	0.507
1	357	0.014	1	366	11	11	1	0.434
1	358	0.001	1	196	11	11	1	0.438
1	359	0.001	2	349	13	13	1	0.736
1	360	0.001	1	484	11	11	1	0.632
1	361	0.001	1	410	11	11	1	0.384
1	362	0.002	1	150	11	11	1	0.855
1	363	0.002	1	108	11	11	1	0.672
1	364	0.002	1	502	11	11	1	0.598
1	365	0.002	1	326	11	11	1	0.509
1	366	0.002	1	160	11	11	1	0.422
1	367	0.003	1	156	11	11	1	0.414
1	368	0.003	1	469	11	11	1	0.645
1	369	0.003	1	146	11	11	1	0.461
1	370	0.003	1	336	11	11	1	0.359
1	371	0.003	1	106	11	11	1	0.302
1	372	0.004	1	13	11	11	1	0.259
1	373	0.004	1	139	11	11	1	0.171
1	374	0.004	1	222	11	11	1	0.388
1	375	0.004	1	375	11	11	1	0.587
1	376	0.004	1	74	11	11	1	0.435
1	377	0.005	1	403	11	11	1	0.333
1	378	0.005	1	358	11	11	1	0.275
1	379	0.005	2	180	13	13	1	0.588
1	380	0.005	1	162	11	11	1	0.612
1	381	0.005	1	533	11	11	1	0.442
1	382	0.006	1	382	11	11	1	0.483
1	383	0.006	1	370	11	11	1	0.460
1	384	0.006	1	175	11	11	1	0.434
1	385	0.006	1	6	11	11	1	0.521
1	386	0.006	1	213	11	11	1	0.579
1	387	0.007	1	517	11	11	1	0.651
1	388	0.007	1	227	11	11	1	0.578
1	389	0.007	1	501	11	11	1	0.474
1	390	0.007	1	470	11	11	1	0.449
1	391	0.007	1	210	11	11	1	0.554
1	392	0.008	2	179	13	13	1	0.626
1	393	0.008	1	76	11	11	1	0.810
1	394	0.008	1	321	11	11	1	0.736
1	395	0.008	1	104	11	11	1	0.553
1	396	0.008	1	408	11	11	1	0.463
1	397	0.008	1	435	11	11	1	0.407
1	398	0.009	2	137	13	13	1	0.576
1	399	0.009	1	26	11	11	1	0.472
1	400	0.009	1	509	11	11	1	0.383
1	401	0.009	1	486	11	11	1	0.343
1	402	0.009	1	101	11	11	1	0.350
1	403	0.010	1	154	11	11	1	0.342
1	404	0.010	1	212	11	11	1	0.367
1	405	0.010	1	79	11	11	1	0.695
1	406	0.010	1	369	11	11	1	0.495
1	407	0.010	1	474	11	11	1	0.373
1	408	0.011	1	242	11	11	1	0.335
1	409	0.011	1	224	11	11	1	0.407
1	410	0.011	1	519	11	11	1	0.653
1	411	0.011	1	521	11	11	1	0.486
1	412	0.011	1	129	11	NaN	0	NaN
1	413	0.012	2	206	13	13	1	0.644
1	414	0.012	1	40	11	11	1	0.428
1	415	0.012	1	261	11	11	1	0.500
1	416	0.012	2	307	13	13	1	0.605
1	417	0.012	1	315	11	11	1	0.483
1	418	0.013	1	323	11	11	1	0.492
1	419	0.013	1	287	11	11	1	0.436
1	420	0.013	1	245	11	11	1	0.492
1	421	0.013	1	526	11	11	1	0.371
1	422	0.013	1	105	11	11	1	0.347
1	423	0.014	1	251	11	11	1	0.306
1	424	0.014	1	225	11	11	1	0.331
1	425	0.014	1	345	11	11	1	0.322
1	426	0.014	1	28	11	11	1	0.249
1	427	0.001	1	513	11	11	1	0.303
1	428	0.001	1	230	11	11	1	0.328
1	429	0.001	1	263	11	11	1	0.270
1	430	0.002	1	525	11	11	1	0.293
1	431	0.002	1	149	11	11	1	0.272
1	432	0.002	2	460	13	11	0	0.231
1	433	0.002	1	244	11	11	1	0.622
1	434	0.002	1	204	11	11	1	0.438
1	435	0.003	1	334	11	11	1	0.797
1	436	0.003	1	275	11	11	1	0.501
1	437	0.003	2	281	13	13	1	0.623
1	438	0.003	1	429	11	11	1	0.502
1	439	0.003	1	308	11	11	1	0.478
1	440	0.003	1	473	11	11	1	0.533
1	441	0.004	1	456	11	NaN	0	NaN
1	442	0.004	1	80	11	11	1	0.788
1	443	0.004	1	217	11	NaN	0	NaN
1	444	0.004	1	223	11	11	1	0.580
1	445	0.004	1	499	11	11	1	0.683
1	446	0.005	1	155	11	11	1	0.595
1	447	0.005	1	478	11	11	1	0.426
1	448	0.005	1	50	11	11	1	0.436
1	449	0.005	1	480	11	11	1	0.347
1	450	0.005	1	482	11	11	1	0.499
1	451	0.006	1	347	11	11	1	0.555
1	452	0.006	1	444	11	11	1	0.466
1	453	0.006	1	190	11	11	1	0.442
1	454	0.006	1	490	11	11	1	0.403
1	455	0.006	1	332	11	11	1	0.458
1	456	0.006	1	252	11	11	1	0.417
1	457	0.007	2	337	13	13	1	0.584
1	458	0.007	2	103	13	13	1	0.673
1	459	0.007	1	172	11	11	1	0.664
1	460	0.007	1	322	11	11	1	0.657
1	461	0.008	1	524	11	11	1	0.744
1	462	0.008	1	72	11	11	1	0.530
1	463	0.008	1	21	11	11	1	0.521
1	464	0.008	1	330	11	11	1	0.466
1	465	0.008	1	455	11	11	1	0.376
1	466	0.008	1	390	11	11	1	0.370
1	467	0.009	1	440	11	11	1	0.360
1	468	0.009	1	113	11	11	1	0.576
1	469	0.009	1	83	11	11	1	0.584
1	470	0.009	1	240	11	11	1	0.432
1	471	0.009	1	243	11	11	1	0.390
1	472	0.010	1	415	11	11	1	0.335
1	473	0.010	1	148	11	11	1	0.423
1	474	0.010	2	247	13	13	1	0.591
1	475	0.010	1	187	11	11	1	0.583
1	476	0.010	1	103	11	11	1	0.623
1	477	0.010	1	389	11	11	1	0.470
1	478	0.011	1	285	11	11	1	0.414
1	479	0.011	1	391	11	11	1	0.405
1	480	0.011	1	418	11	11	1	0.574
1	481	0.011	2	75	13	13	1	0.740
1	482	0.012	1	414	11	11	1	0.716
1	483	0.012	1	93	11	11	1	0.821
1	484	0.012	1	319	11	11	1	0.588
1	485	0.012	1	89	11	11	1	0.483
1	486	0.012	1	67	11	11	1	0.349
1	487	0.012	2	376	13	11	0	0.277
1	488	0.013	1	41	11	11	1	0.460
1	489	0.013	1	165	11	11	1	0.419
1	490	0.013	1	475	11	11	1	0.378
1	491	0.013	1	352	11	11	1	0.532
1	492	0.014	1	64	11	11	1	0.459
1	493	0.014	1	27	11	11	1	0.419
1	494	0.014	1	68	11	11	1	0.377
1	495	0.014	2	424	13	11	0	0.546
1	496	0.001	1	141	11	11	1	0.664
1	497	0.001	1	71	11	11	1	0.495
1	498	0.001	1	135	11	11	1	0.519
1	499	0.001	1	297	11	11	1	0.447
1	500	0.002	1	182	11	11	1	0.469

*********************************************
* Sustained Attention and Recognition Memory Experiment - Memory Test v.1.0
* Date/Time: 30-Dec-2014 15:04:38
* Seed: 208740.9257
* Subject Number: 55
* Subject Name: DK
* Run Number: 1
* debug: 0
*********************************************

1	1	1	3	471	31	1	3.336
1	2	2	4	154	31	1	1.316
1	3	1	1	190	32	1	1.534
1	4	1	3	59	33	0	2.523
1	5	1	1	536	33	1	1.010
1	6	2	4	316	33	0	1.503
1	7	1	3	188	32	0	1.629
1	8	2	4	298	31	1	1.551
1	9	2	4	458	30	1	3.978
1	10	1	1	47	33	1	1.845
1	11	1	3	95	32	0	1.059
1	12	1	1	241	32	1	0.946
1	13	2	2	326	33	1	1.830
1	14	1	1	422	32	1	2.054
1	15	2	4	343	30	1	1.353
1	16	1	3	465	32	0	1.389
1	17	2	2	179	33	1	1.100
1	18	2	4	238	33	0	1.029
1	19	2	4	240	33	0	1.077
1	20	1	1	500	31	0	1.197
1	21	1	3	109	32	0	0.941
1	22	2	2	108	32	1	1.311
1	23	1	1	84	32	1	1.350
1	24	1	3	107	32	0	0.924
1	25	2	2	12	31	0	0.957
1	26	2	4	402	31	1	1.159
1	27	1	1	158	32	1	0.982
1	28	2	4	260	33	0	1.164
1	29	2	2	23	33	1	1.127
1	30	2	2	376	31	0	1.372
1	31	1	3	278	32	0	1.014
1	32	1	1	288	32	1	1.511
1	33	1	1	93	33	1	1.038
1	34	1	1	3	30	0	1.950
1	35	1	1	301	33	1	1.013
1	36	2	2	331	33	1	0.880
1	37	2	2	289	32	1	1.461
1	38	1	1	58	33	1	1.956
1	39	1	3	130	31	1	1.085
1	40	2	2	190	31	0	1.510
1	41	2	2	245	31	0	1.016
1	42	1	3	300	31	1	1.011
1	43	2	4	536	32	0	0.997
1	44	2	2	424	32	1	1.248
1	45	2	4	484	31	1	0.760
1	46	2	2	120	32	1	0.751
1	47	1	3	270	33	0	1.113
1	48	1	1	411	32	1	0.901
1	49	1	3	249	33	0	0.670
1	50	2	4	497	32	0	0.773
1	51	1	1	326	31	0	0.825
1	52	2	2	75	33	1	1.046
1	53	2	2	349	32	1	1.053
1	54	1	1	146	31	0	0.733
1	55	2	4	76	30	1	1.370
1	56	2	2	522	33	1	1.078
1	57	1	1	96	32	1	1.012
1	58	2	4	475	30	1	1.390
1	59	1	3	69	31	1	1.591
1	60	1	3	457	32	0	1.000
1	61	2	4	435	30	1	0.983
1	62	1	3	280	31	1	1.205
1	63	1	3	546	31	1	1.073
1	64	1	1	206	32	1	1.024
1	65	1	3	453	31	1	0.923
1	66	2	2	500	30	0	1.507
1	67	1	3	361	32	0	1.408
1	68	2	4	511	30	1	1.351
1	69	1	3	221	33	0	1.232
1	70	2	4	163	32	0	0.930
1	71	1	1	347	31	0	1.127
1	72	1	1	156	31	0	1.186
1	73	2	2	501	32	1	0.838
1	74	2	2	283	30	0	1.865
1	75	2	2	436	31	0	1.252
1	76	2	2	180	31	0	0.618
1	77	2	2	137	33	1	1.152
1	78	1	1	36	32	1	1.038
1	79	1	1	200	32	1	0.775
1	80	2	2	321	31	0	0.996
1	81	2	2	337	31	0	1.136
1	82	2	2	48	31	0	0.744
1	83	1	3	289	32	0	0.786
1	84	2	2	540	30	0	1.099
1	85	2	4	278	30	1	1.055
1	86	1	1	513	33	1	1.377
1	87	2	4	309	30	1	2.008
1	88	2	4	532	30	1	0.895
1	89	1	1	216	32	1	1.025
1	90	2	2	447	31	0	1.111
1	91	2	4	523	31	1	0.642
1	92	2	4	252	30	1	0.840
1	93	1	1	37	33	1	0.681
1	94	2	2	384	30	0	1.109
1	95	1	3	427	32	0	0.860
1	96	2	2	411	31	0	0.790
1	97	1	3	317	32	0	1.813
1	98	2	4	39	30	1	0.962
1	99	1	3	365	32	0	0.744
1	100	1	1	358	33	1	0.716
1	101	1	1	67	33	1	1.137
1	102	1	1	276	32	1	0.605
1	103	1	1	305	33	1	1.364
1	104	1	3	231	32	0	0.776
1	105	1	1	187	33	1	0.870
1	106	1	1	159	33	1	0.871
1	107	2	4	135	30	1	1.071
1	108	2	2	307	33	1	1.239
1	109	1	1	510	32	1	0.934
1	110	1	1	240	32	1	0.919
1	111	2	4	71	31	1	1.382
1	112	1	3	530	33	0	1.906
1	113	2	2	215	31	0	1.335
1	114	2	2	255	30	0	1.415
1	115	1	1	125	32	1	1.011
1	116	2	2	281	33	1	1.228
1	117	1	3	147	32	0	1.089
1	118	2	4	10	31	1	1.008
1	119	2	4	7	31	1	1.058
1	120	1	3	277	32	0	1.389
1	121	1	3	294	33	0	1.631
1	122	1	3	122	32	0	1.160
1	123	2	2	103	30	0	1.442
1	124	2	4	40	30	1	1.007
1	125	1	3	168	32	0	1.032
1	126	2	4	114	31	1	1.028
1	127	1	3	12	32	0	1.475
1	128	1	3	467	32	0	0.946
1	129	1	3	236	32	0	1.431
1	130	2	2	404	31	0	0.982
1	131	2	4	507	31	1	0.976
1	132	2	4	454	31	1	0.979
1	133	1	1	521	33	1	0.970
1	134	1	3	348	33	0	0.801
1	135	2	2	296	31	0	0.930
1	136	2	2	527	31	0	0.931
1	137	1	3	538	31	1	1.919
1	138	1	1	10	32	1	1.456
1	139	2	4	399	31	1	1.017
1	140	2	2	510	31	0	0.681
1	141	2	4	390	31	1	0.758
1	142	2	2	28	33	1	1.657
1	143	1	1	191	31	0	1.036
1	144	2	4	403	31	1	1.100
1	145	2	4	149	31	1	2.255
1	146	2	4	387	31	1	1.353
1	147	1	3	177	33	0	1.272
1	148	1	3	401	32	0	0.654
1	149	1	3	133	31	1	1.901
1	150	2	2	490	31	0	0.824
1	151	1	1	194	32	1	0.653
1	152	2	4	422	31	1	0.985
1	153	2	2	374	31	0	1.452
1	154	1	3	378	33	0	0.895
1	155	2	2	506	32	1	0.806
1	156	2	4	509	31	1	1.917
1	157	2	4	325	30	1	1.199
1	158	1	1	254	32	1	1.327
1	159	1	1	112	32	1	0.963
1	160	2	4	208	31	1	1.006
1	161	2	4	222	31	1	0.890
1	162	1	1	373	30	0	2.886
1	163	2	2	106	31	0	1.075
1	164	2	4	312	31	1	0.829
1	165	2	2	453	30	0	0.980
1	166	1	3	215	33	0	0.919
1	167	1	1	383	32	1	0.487
1	168	1	1	448	32	1	0.773
1	169	1	1	197	33	1	0.588
1	170	1	1	285	33	1	0.904
1	171	2	4	372	31	1	0.934
1	172	1	3	417	33	0	0.647
1	173	1	3	233	32	0	0.787
1	174	2	2	460	31	0	1.141
1	175	1	3	35	32	0	0.632
1	176	2	4	60	31	1	0.960
1	177	1	3	145	33	0	0.771
1	178	1	1	143	32	1	0.544
1	179	2	2	206	31	0	0.820
1	180	1	1	414	32	1	0.513
1	181	2	4	444	30	1	1.748
1	182	2	2	247	32	1	1.957
1	183	1	3	363	32	0	1.491
1	184	2	2	441	31	0	1.177
1	185	1	1	33	33	1	0.910
1	186	2	2	452	31	0	1.294
1	187	1	3	460	32	0	1.093
1	188	2	4	6	31	1	0.807
1	189	2	4	393	31	1	1.102
1	190	1	3	481	32	0	1.009
1	191	1	3	372	32	0	0.949
1	192	2	2	345	31	0	0.863
1	193	2	4	243	30	1	0.853
1	194	2	4	57	30	1	1.139
1	195	1	3	485	33	0	1.206
1	196	2	2	253	32	1	1.033
1	197	1	1	173	32	1	1.571
1	198	1	1	359	32	1	5.543
1	199	1	3	443	32	0	1.094
1	200	2	4	319	30	1	1.265
