
*********************************************
* Sustained Attention and Recognition Memory Experiment - Sustained Attention Task v.1.0
* Date/Time: 03-Feb-2015 10:34:46
* Seed: 208940.9467
* Subject Number: 63
* Subject Name: AA
* Run Number: 1
* debug: 0
*********************************************

run	trl	tdf	sct	simg	crsp	rsp	acc	rt
1	1	0.012	1	55	11	11	1	0.628
1	2	0.012	1	158	11	13	0	0.716
1	3	0.013	1	496	11	11	1	0.740
1	4	0.013	1	135	11	11	1	0.650
1	5	0.013	1	326	11	11	1	0.723
1	6	0.013	1	317	11	11	1	0.682
1	7	0.013	1	471	11	NaN	0	NaN
1	8	0.014	1	79	11	11	1	0.744
1	9	0.014	1	306	11	11	1	0.595
1	10	0.014	1	451	11	11	1	0.506
1	11	0.014	1	294	11	11	1	0.466
1	12	0.001	2	500	13	11	0	0.582
1	13	0.001	1	15	11	11	1	0.622
1	14	0.001	1	223	11	13	0	0.535
1	15	0.002	1	259	11	11	1	0.444
1	16	0.002	1	402	11	11	1	0.694
1	17	0.002	1	132	11	11	1	0.429
1	18	0.002	1	298	11	11	1	0.438
1	19	0.002	2	418	13	11	0	0.413
1	20	0.003	2	140	13	13	1	0.629
1	21	0.003	1	174	11	11	1	0.477
1	22	0.003	1	264	11	11	1	0.452
1	23	0.003	1	385	11	11	1	0.524
1	24	0.003	1	44	11	11	1	0.437
1	25	0.004	1	192	11	11	1	0.508
1	26	0.004	1	455	11	11	1	0.548
1	27	0.004	1	476	11	11	1	0.492
1	28	0.004	2	85	13	13	1	0.595
1	29	0.004	1	522	11	11	1	0.508
1	30	0.005	1	1	11	11	1	0.499
1	31	0.005	1	31	11	11	1	0.876
1	32	0.005	1	433	11	11	1	0.659
1	33	0.005	1	363	11	11	1	0.507
1	34	0.005	1	115	11	11	1	0.545
1	35	0.006	1	49	11	11	1	0.410
1	36	0.006	1	417	11	11	1	0.387
1	37	0.006	2	318	13	13	1	0.617
1	38	0.006	1	262	11	11	1	0.578
1	39	0.006	1	468	11	11	1	0.522
1	40	0.007	1	530	11	11	1	0.369
1	41	0.007	2	69	13	13	1	0.520
1	42	0.007	1	183	11	11	1	0.641
1	43	0.007	1	439	11	11	1	0.490
1	44	0.007	1	164	11	11	1	0.416
1	45	0.007	1	347	11	11	1	0.649
1	46	0.008	1	227	11	11	1	0.512
1	47	0.008	1	472	11	11	1	0.392
1	48	0.008	1	222	11	11	1	0.416
1	49	0.008	1	47	11	11	1	0.358
1	50	0.008	1	374	11	11	1	0.479
1	51	0.009	1	322	11	11	1	0.438
1	52	0.009	1	422	11	11	1	0.382
1	53	0.009	1	101	11	11	1	0.359
1	54	0.009	1	414	11	11	1	0.413
1	55	0.009	1	229	11	11	1	0.389
1	56	0.010	1	466	11	11	1	0.397
1	57	0.010	1	333	11	11	1	0.389
1	58	0.010	1	19	11	11	1	0.413
1	59	0.010	1	65	11	11	1	0.404
1	60	0.010	1	415	11	11	1	0.813
1	61	0.011	1	537	11	11	1	0.533
1	62	0.011	1	252	11	11	1	0.461
1	63	0.011	1	72	11	11	1	0.452
1	64	0.011	1	531	11	11	1	0.461
1	65	0.011	1	413	11	11	1	0.420
1	66	0.012	2	297	13	13	1	0.555
1	67	0.012	1	316	11	11	1	0.644
1	68	0.012	1	369	11	11	1	0.652
1	69	0.012	1	148	11	11	1	0.484
1	70	0.012	1	515	11	11	1	0.634
1	71	0.012	1	163	11	11	1	0.563
1	72	0.013	1	453	11	11	1	0.619
1	73	0.013	1	489	11	11	1	0.612
1	74	0.013	1	525	11	11	1	0.713
1	75	0.013	1	186	11	11	1	0.642
1	76	0.013	1	198	11	NaN	0	NaN
1	77	0.014	1	391	11	11	1	0.643
1	78	0.014	1	125	11	11	1	0.682
1	79	0.014	1	169	11	11	1	0.544
1	80	0.014	1	437	11	11	1	0.666
1	81	0.001	1	91	11	11	1	0.560
1	82	0.001	1	191	11	11	1	0.855
1	83	0.001	2	7	13	11	0	0.543
1	84	0.002	1	207	11	11	1	0.405
1	85	0.002	2	10	13	13	1	0.527
1	86	0.002	1	210	11	11	1	0.326
1	87	0.002	1	354	11	11	1	0.270
1	88	0.002	1	447	11	11	1	0.422
1	89	0.003	1	344	11	11	1	0.445
1	90	0.003	1	70	11	11	1	0.406
1	91	0.003	1	535	11	11	1	0.316
1	92	0.003	1	38	11	11	1	0.293
1	93	0.003	1	102	11	11	1	0.363
1	94	0.004	1	220	11	11	1	0.227
1	95	0.004	1	124	11	11	1	0.363
1	96	0.004	1	290	11	11	1	0.386
1	97	0.004	1	534	11	11	1	0.362
1	98	0.004	1	341	11	11	1	0.338
1	99	0.005	1	285	11	11	1	0.475
1	100	0.005	1	147	11	11	1	0.370
1	101	0.005	1	361	11	11	1	0.347
1	102	0.005	1	42	11	11	1	0.369
1	103	0.005	1	478	11	11	1	0.410
1	104	0.006	1	265	11	11	1	0.306
1	105	0.006	1	103	11	11	1	0.329
1	106	0.006	1	292	11	11	1	0.257
1	107	0.006	1	75	11	11	1	0.249
1	108	0.006	1	305	11	11	1	0.209
1	109	0.007	1	39	11	11	1	0.425
1	110	0.007	1	539	11	11	1	0.385
1	111	0.007	1	98	11	11	1	0.487
1	112	0.007	1	140	11	11	1	0.417
1	113	0.007	1	77	11	11	1	0.407
1	114	0.007	1	470	11	11	1	0.607
1	115	0.008	1	89	11	11	1	0.423
1	116	0.008	2	402	13	13	1	0.559
1	117	0.008	1	57	11	11	1	0.393
1	118	0.008	1	508	11	11	1	0.336
1	119	0.008	1	458	11	11	1	0.248
1	120	0.009	1	297	11	11	1	0.335
1	121	0.009	1	255	11	11	1	0.326
1	122	0.009	1	429	11	11	1	0.269
1	123	0.009	1	256	11	11	1	0.278
1	124	0.009	1	540	11	11	1	0.349
1	125	0.010	1	473	11	11	1	0.359
1	126	0.010	1	345	11	11	1	0.541
1	127	0.010	1	60	11	11	1	0.485
1	128	0.010	1	412	11	11	1	0.445
1	129	0.010	1	11	11	11	1	0.500
1	130	0.011	1	400	11	11	1	0.462
1	131	0.011	1	10	11	11	1	0.469
1	132	0.011	2	423	13	13	1	0.606
1	133	0.011	1	393	11	11	1	0.612
1	134	0.011	1	536	11	11	1	0.476
1	135	0.012	1	432	11	11	1	0.549
1	136	0.012	1	90	11	11	1	0.426
1	137	0.012	1	465	11	11	1	0.323
1	138	0.012	1	502	11	11	1	0.411
1	139	0.012	1	232	11	11	1	0.402
1	140	0.013	1	293	11	11	1	0.346
1	141	0.013	1	67	11	11	1	0.292
1	142	0.013	1	110	11	11	1	0.282
1	143	0.013	1	154	11	11	1	0.308
1	144	0.013	1	349	11	11	1	0.345
1	145	0.013	1	366	11	11	1	0.483
1	146	0.014	1	254	11	11	1	0.441
1	147	0.014	1	36	11	11	1	0.498
1	148	0.014	1	404	11	11	1	0.376
1	149	0.014	1	327	11	11	1	0.448
1	150	0.001	1	425	11	11	1	0.406
1	151	0.001	2	172	13	11	0	0.317
1	152	0.001	1	76	11	11	1	0.182
1	153	0.001	1	250	11	11	1	0.125
1	154	0.002	1	168	11	11	1	0.039
1	155	0.002	1	231	11	11	1	0.157
1	156	0.002	1	460	11	11	1	0.197
1	157	0.002	1	420	11	11	1	0.253
1	158	0.003	1	376	11	11	1	0.324
1	159	0.003	1	324	11	11	1	0.286
1	160	0.003	1	523	11	11	1	0.676
1	161	0.003	1	118	11	11	1	0.509
1	162	0.003	1	301	11	11	1	0.468
1	163	0.004	1	544	11	11	1	0.428
1	164	0.004	1	217	11	11	1	0.437
1	165	0.004	1	175	11	11	1	0.397
1	166	0.004	1	205	11	11	1	0.339
1	167	0.004	1	143	11	11	1	0.347
1	168	0.005	1	95	11	11	1	0.385
1	169	0.005	1	152	11	11	1	0.315
1	170	0.005	1	88	11	11	1	0.306
1	171	0.005	1	398	11	11	1	0.314
1	172	0.005	1	533	11	11	1	0.354
1	173	0.006	1	312	11	11	1	0.427
1	174	0.006	1	109	11	11	1	0.418
1	175	0.006	1	296	11	11	1	0.473
1	176	0.006	1	483	11	11	1	0.562
1	177	0.006	1	464	11	11	1	0.490
1	178	0.007	1	206	11	11	1	0.480
1	179	0.007	1	454	11	11	1	0.423
1	180	0.007	1	59	11	11	1	0.352
1	181	0.007	1	150	11	11	1	0.344
1	182	0.007	1	69	11	11	1	0.304
1	183	0.007	1	160	11	11	1	0.328
1	184	0.008	1	419	11	11	1	0.368
1	185	0.008	1	221	11	11	1	0.247
1	186	0.008	1	52	11	11	1	0.096
1	187	0.008	1	242	11	11	1	0.247
1	188	0.008	1	517	11	11	1	0.320
1	189	0.008	1	62	11	11	1	0.344
1	190	0.009	1	14	11	11	1	0.336
1	191	0.009	2	233	13	11	0	0.310
1	192	0.009	1	418	11	11	1	0.351
1	193	0.009	1	495	11	11	1	0.278
1	194	0.010	1	86	11	11	1	0.284
1	195	0.010	2	26	13	11	0	0.263
1	196	0.010	1	3	11	11	1	0.493
1	197	0.010	1	83	11	11	1	0.470
1	198	0.010	1	283	11	11	1	0.476
1	199	0.011	1	503	11	11	1	0.454
1	200	0.011	1	120	11	11	1	0.397
1	201	0.011	1	238	11	11	1	0.467
1	202	0.011	1	524	11	11	1	0.395
1	203	0.011	1	388	11	11	1	0.372
1	204	0.012	2	508	13	13	1	0.588
1	205	0.012	1	318	11	11	1	0.469
1	206	0.012	1	342	11	11	1	0.379
1	207	0.012	1	213	11	11	1	0.323
1	208	0.012	1	248	11	11	1	0.396
1	209	0.012	1	546	11	11	1	0.579
1	210	0.013	1	145	11	11	1	0.459
1	211	0.013	1	21	11	11	1	0.514
1	212	0.013	1	431	11	11	1	0.395
1	213	0.013	1	203	11	11	1	0.465
1	214	0.013	1	202	11	11	1	0.459
1	215	0.014	2	189	13	13	1	0.642
1	216	0.014	2	145	13	13	1	0.713
1	217	0.014	1	9	11	11	1	0.579
1	218	0.014	2	482	13	13	1	0.632
1	219	0.001	1	512	11	11	1	0.526
1	220	0.001	1	261	11	11	1	0.325
1	221	0.001	2	356	13	13	1	0.479
1	222	0.002	1	28	11	11	1	0.421
1	223	0.002	1	491	11	11	1	0.527
1	224	0.002	1	291	11	11	1	0.788
1	225	0.002	1	26	11	11	1	0.462
1	226	0.002	1	548	11	11	1	0.342
1	227	0.003	1	497	11	11	1	0.381
1	228	0.003	1	179	11	11	1	0.356
1	229	0.003	1	410	11	11	1	0.364
1	230	0.003	1	41	11	11	1	0.325
1	231	0.003	1	441	11	11	1	0.364
1	232	0.004	1	171	11	11	1	0.371
1	233	0.004	1	300	11	11	1	0.348
1	234	0.004	1	146	11	11	1	0.260
1	235	0.004	1	56	11	11	1	0.268
1	236	0.004	2	240	13	11	0	0.243
1	237	0.005	1	396	11	11	1	0.362
1	238	0.005	1	469	11	11	1	0.387
1	239	0.005	1	386	11	11	1	0.345
1	240	0.005	1	189	11	11	1	0.642
1	241	0.005	1	381	11	11	1	0.491
1	242	0.006	2	44	13	11	0	0.353
1	243	0.006	1	54	11	11	1	0.409
1	244	0.006	1	443	11	11	1	0.401
1	245	0.006	1	190	11	11	1	0.330
1	246	0.006	1	389	11	11	1	0.385
1	247	0.006	1	494	11	11	1	0.393
1	248	0.007	1	173	11	11	1	0.432
1	249	0.007	1	287	11	11	1	0.488
1	250	0.007	1	387	11	11	1	0.496
1	251	0.007	1	48	11	11	1	0.472
1	252	0.007	1	505	11	11	1	0.561
1	253	0.008	1	35	11	11	1	0.408
1	254	0.008	1	178	11	11	1	0.384
1	255	0.008	1	428	11	11	1	0.423
1	256	0.008	1	216	11	11	1	0.703
1	257	0.008	1	302	11	11	1	0.583
1	258	0.009	1	330	11	11	1	0.638
1	259	0.009	1	378	11	11	1	0.517
1	260	0.009	1	170	11	11	1	0.463
1	261	0.009	1	368	11	11	1	0.054
1	262	0.009	1	506	11	11	1	0.799
1	263	0.010	1	224	11	11	1	0.598
1	264	0.010	1	395	11	11	1	0.492
1	265	0.010	2	445	13	13	1	0.550
1	266	0.010	1	321	11	11	1	0.813
1	267	0.010	1	5	11	11	1	0.565
1	268	0.011	1	233	11	11	1	0.397
1	269	0.011	1	340	11	11	1	0.388
1	270	0.011	1	467	11	11	1	0.429
1	271	0.011	1	547	11	11	1	0.452
1	272	0.011	1	543	11	11	1	0.459
1	273	0.012	2	312	13	13	1	0.629
1	274	0.012	1	475	11	11	1	0.428
1	275	0.012	1	542	11	11	1	0.436
1	276	0.012	1	32	11	11	1	0.476
1	277	0.012	1	372	11	11	1	0.340
1	278	0.012	1	379	11	11	1	0.506
1	279	0.013	1	165	11	11	1	0.418
1	280	0.013	1	16	11	11	1	0.411
1	281	0.013	1	367	11	11	1	0.355
1	282	0.013	1	407	11	11	1	0.442
1	283	0.013	1	263	11	11	1	0.353
1	284	0.014	1	161	11	11	1	0.553
1	285	0.014	1	309	11	11	1	0.641
1	286	0.014	1	130	11	11	1	0.505
1	287	0.014	2	218	13	13	1	0.544
1	288	0.001	1	4	11	11	1	0.407
1	289	0.001	1	58	11	11	1	0.334
1	290	0.001	1	46	11	11	1	0.343
1	291	0.002	1	278	11	11	1	0.254
1	292	0.002	1	457	11	11	1	0.293
1	293	0.002	1	133	11	11	1	0.348
1	294	0.002	1	134	11	11	1	0.309
1	295	0.002	1	477	11	11	1	0.317
1	296	0.003	1	138	11	11	1	0.358
1	297	0.003	1	119	11	11	1	0.366
1	298	0.003	1	106	11	11	1	0.421
1	299	0.003	1	382	11	11	1	0.381
1	300	0.003	1	446	11	11	1	0.371
1	301	0.004	1	127	11	11	1	0.378
1	302	0.004	1	375	11	11	1	0.339
1	303	0.004	1	194	11	11	1	0.346
1	304	0.004	1	43	11	11	1	0.387
1	305	0.004	1	12	11	11	1	0.396
1	306	0.005	1	121	11	11	1	0.372
1	307	0.005	1	488	11	11	1	0.522
1	308	0.005	1	266	11	11	1	0.465
1	309	0.005	1	37	11	11	1	0.412
1	310	0.005	1	177	11	11	1	0.402
1	311	0.005	1	337	11	11	1	0.377
1	312	0.006	1	401	11	11	1	0.387
1	313	0.006	2	491	13	13	1	0.584
1	314	0.006	1	267	11	11	1	0.673
1	315	0.006	1	320	11	11	1	0.618
1	316	0.006	2	480	13	13	1	0.673
1	317	0.007	1	142	11	11	1	0.503
1	318	0.007	1	87	11	11	1	0.498
1	319	0.007	1	22	11	11	1	0.426
1	320	0.007	1	27	11	11	1	0.385
1	321	0.007	1	332	11	11	1	0.455
1	322	0.008	1	462	11	11	1	0.367
1	323	0.008	1	490	11	11	1	0.248
1	324	0.008	1	481	11	11	1	0.288
1	325	0.008	1	513	11	11	1	0.807
1	326	0.008	1	195	11	11	1	0.559
1	327	0.009	1	7	11	11	1	0.503
1	328	0.009	1	314	11	11	1	0.512
1	329	0.009	1	532	11	11	1	0.501
1	330	0.009	1	141	11	11	1	0.445
1	331	0.009	1	529	11	11	1	0.408
1	332	0.010	2	321	13	11	0	0.349
1	333	0.010	1	315	11	11	1	0.325
1	334	0.010	1	545	11	11	1	0.367
1	335	0.010	2	349	13	13	1	0.484
1	336	0.010	1	51	11	11	1	0.334
1	337	0.011	1	246	11	11	1	0.324
1	338	0.011	1	244	11	11	1	0.381
1	339	0.011	1	84	11	11	1	0.293
1	340	0.011	1	311	11	11	1	0.315
1	341	0.011	1	193	11	11	1	0.467
1	342	0.012	1	459	11	11	1	0.491
1	343	0.012	1	241	11	11	1	0.436
1	344	0.012	1	370	11	11	1	0.460
1	345	0.012	1	380	11	11	1	0.483
1	346	0.012	1	299	11	11	1	0.332
1	347	0.013	1	541	11	11	1	0.290
1	348	0.013	1	280	11	11	1	0.220
1	349	0.013	1	258	11	11	1	0.193
1	350	0.013	1	151	11	11	1	0.073
1	351	0.013	1	66	11	11	1	0.050
1	352	0.013	1	112	11	11	1	0.827
1	353	0.014	1	527	11	11	1	0.561
1	354	0.014	1	364	11	11	1	0.410
1	355	0.014	1	409	11	11	1	0.370
1	356	0.014	1	392	11	11	1	0.361
1	357	0.001	1	461	11	11	1	0.415
1	358	0.001	1	204	11	11	1	0.357
1	359	0.001	1	230	11	11	1	0.318
1	360	0.002	1	245	11	11	1	0.326
1	361	0.002	1	129	11	11	1	0.334
1	362	0.002	1	8	11	11	1	0.341
1	363	0.002	1	549	11	11	1	0.460
1	364	0.002	1	434	11	11	1	0.470
1	365	0.003	1	34	11	11	1	0.476
1	366	0.003	1	99	11	11	1	0.501
1	367	0.003	1	239	11	11	1	0.443
1	368	0.003	1	353	11	11	1	0.421
1	369	0.003	1	277	11	11	1	0.427
1	370	0.004	1	394	11	11	1	0.500
1	371	0.004	1	281	11	11	1	0.523
1	372	0.004	1	358	11	11	1	0.467
1	373	0.004	1	399	11	11	1	0.460
1	374	0.004	2	467	13	13	1	0.532
1	375	0.005	1	104	11	11	1	0.539
1	376	0.005	1	64	11	11	1	0.498
1	377	0.005	1	114	11	11	1	0.458
1	378	0.005	1	373	11	11	1	0.434
1	379	0.005	1	487	11	11	1	0.443
1	380	0.006	2	169	13	13	1	0.626
1	381	0.006	1	123	11	11	1	0.474
1	382	0.006	1	514	11	11	1	0.434
1	383	0.006	1	276	11	11	1	0.505
1	384	0.006	1	435	11	11	1	0.418
1	385	0.007	1	521	11	11	1	0.424
1	386	0.007	1	397	11	11	1	0.385
1	387	0.007	1	157	11	11	1	0.488
1	388	0.007	1	61	11	11	1	0.337
1	389	0.007	2	234	13	11	0	0.281
1	390	0.007	2	341	13	11	0	0.319
1	391	0.008	1	288	11	11	1	0.376
1	392	0.008	1	313	11	11	1	0.416
1	393	0.008	1	93	11	11	1	0.519
1	394	0.008	1	390	11	11	1	0.546
1	395	0.008	1	234	11	11	1	0.552
1	396	0.009	1	408	11	11	1	0.510
1	397	0.009	1	53	11	11	1	0.391
1	398	0.009	1	271	11	11	1	0.335
1	399	0.009	1	518	11	11	1	0.311
1	400	0.009	2	415	13	11	0	0.269
1	401	0.010	1	507	11	11	1	0.294
1	402	0.010	1	499	11	11	1	0.335
1	403	0.010	1	493	11	11	1	0.342
1	404	0.010	2	130	13	11	0	0.302
1	405	0.010	1	498	11	11	1	0.406
1	406	0.011	1	209	11	11	1	0.398
1	407	0.011	1	360	11	11	1	0.630
1	408	0.011	1	201	11	11	1	0.588
1	409	0.011	1	359	11	11	1	0.452
1	410	0.011	1	181	11	11	1	0.445
1	411	0.012	2	251	13	13	1	0.691
1	412	0.012	1	436	11	11	1	0.603
1	413	0.012	1	348	11	11	1	0.469
1	414	0.012	1	185	11	11	1	0.410
1	415	0.012	1	350	11	11	1	0.323
1	416	0.013	1	520	11	11	1	0.361
1	417	0.013	2	177	13	11	0	0.339
1	418	0.013	1	24	11	11	1	0.395
1	419	0.013	1	126	11	11	1	0.274
1	420	0.013	1	180	11	11	1	0.363
1	421	0.014	1	2	11	11	1	0.322
1	422	0.014	2	37	13	11	0	0.249
1	423	0.014	1	113	11	11	1	0.385
1	424	0.014	1	108	11	11	1	0.393
1	425	0.001	1	357	11	11	1	0.400
1	426	0.001	1	371	11	11	1	0.278
1	427	0.001	2	358	13	13	1	0.654
1	428	0.001	1	463	11	11	1	0.661
1	429	0.002	1	352	11	11	1	0.622
1	430	0.002	1	310	11	11	1	0.484
1	431	0.002	1	270	11	11	1	0.446
1	432	0.002	2	484	13	13	1	0.709
1	433	0.003	1	416	11	11	1	0.524
1	434	0.003	1	196	11	11	1	0.406
1	435	0.003	1	269	11	11	1	0.318
1	436	0.003	1	45	11	11	1	0.275
1	437	0.003	1	176	11	11	1	0.317
1	438	0.003	1	184	11	11	1	0.675
1	439	0.004	1	25	11	11	1	0.491
1	440	0.004	1	162	11	11	1	0.420
1	441	0.004	1	50	11	11	1	0.426
1	442	0.004	1	452	11	11	1	0.403
1	443	0.004	1	219	11	11	1	0.412
1	444	0.005	1	510	11	11	1	0.322
1	445	0.005	1	438	11	11	1	0.650
1	446	0.005	2	521	13	13	1	0.627
1	447	0.005	1	78	11	11	1	0.556
1	448	0.005	2	42	13	13	1	0.577
1	449	0.006	1	485	11	11	1	0.473
1	450	0.006	1	116	11	11	1	0.418
1	451	0.006	1	511	11	11	1	0.361
1	452	0.006	1	440	11	11	1	0.609
1	453	0.006	1	23	11	11	1	0.457
1	454	0.007	1	304	11	11	1	0.386
1	455	0.007	1	68	11	11	1	0.313
1	456	0.007	1	236	11	11	1	0.384
1	457	0.007	1	240	11	11	1	0.138
1	458	0.007	1	159	11	NaN	0	NaN
1	459	0.008	1	484	11	11	1	0.073
1	460	0.008	1	105	11	11	1	0.176
1	461	0.008	1	153	11	11	1	0.264
1	462	0.008	1	13	11	11	1	0.256
1	463	0.008	1	199	11	11	1	0.230
1	464	0.008	1	211	11	11	1	0.255
1	465	0.009	1	479	11	11	1	0.231
1	466	0.009	2	303	13	11	0	0.256
1	467	0.009	1	30	11	11	1	0.296
1	468	0.009	1	492	11	11	1	0.559
1	469	0.009	1	430	11	11	1	0.551
1	470	0.010	2	188	13	13	1	0.735
1	471	0.010	1	247	11	11	1	0.694
1	472	0.010	1	208	11	11	1	0.653
1	473	0.010	1	200	11	11	1	0.678
1	474	0.010	1	449	11	11	1	0.606
1	475	0.011	1	20	11	11	1	0.613
1	476	0.011	2	63	13	13	1	0.510
1	477	0.011	1	284	11	11	1	0.437
1	478	0.011	1	188	11	11	1	0.364
1	479	0.011	1	182	11	11	1	0.325
1	480	0.012	1	501	11	11	1	0.348
1	481	0.012	1	214	11	11	1	0.339
1	482	0.012	1	307	11	11	1	0.410
1	483	0.012	2	532	13	13	1	0.483
1	484	0.012	2	472	13	11	0	0.394
1	485	0.013	1	81	11	11	1	0.353
1	486	0.013	1	504	11	11	1	0.314
1	487	0.013	2	453	13	11	0	0.307
1	488	0.013	2	235	13	11	0	0.441
1	489	0.013	1	384	11	11	1	0.451
1	490	0.014	1	225	11	11	1	0.490
1	491	0.014	1	137	11	11	1	0.449
1	492	0.014	1	335	11	11	1	0.409
1	493	0.014	2	27	13	13	1	0.529
1	494	0.001	1	257	11	11	1	0.550
1	495	0.001	1	187	11	11	1	0.510
1	496	0.001	1	85	11	11	1	0.550
1	497	0.001	1	226	11	11	1	0.477
1	498	0.002	2	287	13	13	1	0.565
1	499	0.002	1	411	11	11	1	0.670
1	500	0.002	1	289	11	11	1	0.693

*********************************************
* Sustained Attention and Recognition Memory Experiment - Memory Test v.1.0
* Date/Time: 03-Feb-2015 10:45:52
* Seed: 210120.23
* Subject Number: 63
* Subject Name: AA
* Run Number: 1
* debug: 0
*********************************************

1	1	2	2	402	30	0	5.717
1	2	1	1	140	32	1	4.869
1	3	1	1	508	33	1	3.175
1	4	2	4	271	30	1	1.573
1	5	2	2	500	33	1	1.975
1	6	1	1	527	31	0	2.948
1	7	2	4	181	31	1	1.697
1	8	1	3	516	31	1	1.718
1	9	1	3	63	33	0	3.424
1	10	1	3	351	32	0	1.122
1	11	2	4	538	33	0	5.164
1	12	1	3	249	33	0	2.742
1	13	1	1	56	32	1	1.463
1	14	2	2	7	30	0	3.775
1	15	2	4	383	30	1	2.680
1	16	1	3	212	30	1	3.015
1	17	1	3	486	31	1	2.008
1	18	1	1	358	32	1	2.914
1	19	1	3	29	30	1	1.851
1	20	2	2	44	33	1	5.103
1	21	2	4	315	31	1	3.292
1	22	2	4	57	30	1	1.744
1	23	1	1	397	33	1	1.479
1	24	1	1	178	32	1	2.463
1	25	1	1	88	32	1	1.792
1	26	1	1	395	33	1	1.549
1	27	2	4	416	30	1	1.799
1	28	2	4	263	31	1	2.090
1	29	2	2	467	32	1	1.516
1	30	1	3	18	31	1	1.630
1	31	2	2	508	33	1	2.510
1	32	2	2	521	33	1	0.774
1	33	1	1	490	33	1	1.194
1	34	2	4	527	30	1	1.709
1	35	1	1	234	30	0	1.284
1	36	2	2	10	32	1	2.899
1	37	2	2	27	33	1	1.217
1	38	1	1	62	32	1	1.255
1	39	2	2	145	32	1	1.805
1	40	1	1	270	31	0	1.614
1	41	1	3	308	32	0	1.521
1	42	1	3	482	30	1	1.570
1	43	1	3	331	30	1	2.048
1	44	1	1	306	32	1	1.437
1	45	2	2	234	30	0	1.573
1	46	2	4	39	33	0	1.133
1	47	2	2	169	33	1	1.069
1	48	2	4	205	30	1	1.364
1	49	1	1	42	33	1	1.338
1	50	1	1	489	32	1	1.235
1	51	2	4	440	30	1	1.520
1	52	2	4	450	32	0	1.679
1	53	2	2	235	32	1	2.641
1	54	1	1	68	32	1	1.408
1	55	2	2	130	30	0	1.155
1	56	1	1	494	30	0	2.434
1	57	1	1	433	32	1	3.191
1	58	1	3	40	30	1	3.688
1	59	1	1	314	30	0	1.361
1	60	1	1	288	32	1	2.273
1	61	2	4	534	31	1	1.231
1	62	2	4	28	31	1	0.852
1	63	2	2	189	33	1	2.200
1	64	2	4	443	31	1	3.255
1	65	1	1	391	33	1	1.218
1	66	2	4	150	30	1	1.510
1	67	1	3	444	30	1	1.260
1	68	2	2	312	30	0	1.631
1	69	1	1	418	30	0	0.775
1	70	2	2	177	32	1	1.758
1	71	1	1	457	32	1	1.151
1	72	2	2	140	33	1	1.618
1	73	2	2	349	32	1	2.805
1	74	1	1	51	32	1	2.143
1	75	1	3	94	32	0	2.895
1	76	2	4	192	31	1	1.864
1	77	1	3	100	31	1	0.925
1	78	1	3	319	33	0	1.645
1	79	1	1	101	33	1	1.118
1	80	1	3	156	32	0	1.568
1	81	1	3	282	31	1	3.596
1	82	1	1	300	30	0	1.692
1	83	2	2	472	30	0	1.391
1	84	1	3	336	30	1	2.374
1	85	1	3	450	30	1	0.955
1	86	1	1	246	32	1	1.607
1	87	1	1	70	30	0	1.237
1	88	2	4	449	33	0	1.429
1	89	2	2	69	33	1	1.155
1	90	2	2	63	30	0	1.286
1	91	2	2	482	33	1	1.234
1	92	1	3	117	30	1	1.193
1	93	1	3	528	30	1	1.129
1	94	2	2	341	30	0	1.725
1	95	1	3	166	30	1	1.776
1	96	2	4	490	30	1	1.016
1	97	1	3	275	31	1	1.891
1	98	1	1	298	31	0	1.546
1	99	2	4	499	30	1	1.926
1	100	2	4	295	30	1	0.902
1	101	1	1	535	30	0	1.467
1	102	1	1	146	32	1	1.519
1	103	2	2	445	33	1	0.938
1	104	2	2	532	33	1	1.111
1	105	2	2	318	33	1	0.953
1	106	2	2	415	31	0	1.927
1	107	2	4	84	30	1	2.007
1	108	2	4	227	30	1	1.292
1	109	1	3	406	30	1	3.615
1	110	1	3	243	32	0	2.229
1	111	2	2	37	30	0	1.088
1	112	1	3	519	32	0	1.881
1	113	1	1	105	33	1	2.210
1	114	1	1	360	32	1	2.141
1	115	1	1	315	31	0	1.357
1	116	1	1	153	30	0	2.238
1	117	2	2	453	33	1	1.329
1	118	1	3	448	32	0	2.184
1	119	1	3	172	33	0	1.566
1	120	1	1	460	32	1	1.070
1	121	1	3	80	33	0	1.280
1	122	2	4	91	30	1	1.831
1	123	2	4	77	30	1	1.416
1	124	2	2	287	33	1	1.732
1	125	2	4	310	32	0	1.984
1	126	2	4	311	30	1	1.327
1	127	2	4	523	30	1	1.412
1	128	2	2	85	33	1	1.340
1	129	1	1	126	32	1	1.953
1	130	1	3	215	32	0	1.542
1	131	2	4	457	30	1	1.251
1	132	1	3	155	30	1	1.141
1	133	1	1	161	30	0	1.535
1	134	2	2	233	32	1	1.566
1	135	2	2	303	31	0	1.967
1	136	1	1	182	33	1	1.287
1	137	2	4	214	31	1	3.909
1	138	1	3	338	32	0	0.960
1	139	1	1	335	33	1	1.388
1	140	1	3	136	33	0	0.976
1	141	2	2	26	30	0	1.588
1	142	2	4	33	30	1	1.170
1	143	1	3	427	30	1	1.383
1	144	2	4	281	32	0	2.414
1	145	2	4	403	30	1	1.348
1	146	1	3	538	30	1	1.296
1	147	2	2	240	30	0	0.917
1	148	2	4	391	30	1	0.872
1	149	2	2	358	30	0	2.015
1	150	2	4	430	32	0	1.694
1	151	2	2	188	32	1	0.943
1	152	2	2	172	32	1	1.312
1	153	2	4	155	32	0	1.541
1	154	1	1	350	32	1	5.977
1	155	2	4	76	30	1	2.483
1	156	1	3	167	30	1	1.248
1	157	1	1	186	33	1	1.437
1	158	2	2	480	33	1	1.054
1	159	2	4	533	31	1	2.134
1	160	1	3	442	32	0	1.332
1	161	2	2	42	32	1	1.316
1	162	2	4	78	30	1	1.073
1	163	1	1	69	32	1	1.414
1	164	2	2	484	30	0	1.439
1	165	2	2	218	33	1	1.168
1	166	1	3	328	33	0	1.288
1	167	2	2	491	31	0	1.938
1	168	2	4	477	31	1	1.369
1	169	2	4	129	33	0	1.204
1	170	1	3	362	31	1	3.165
1	171	2	2	251	30	0	1.142
1	172	1	1	50	32	1	3.889
1	173	2	2	297	33	1	2.292
1	174	1	3	456	30	1	1.857
1	175	2	4	531	30	1	1.548
1	176	2	2	356	32	1	1.813
1	177	1	1	109	32	1	1.118
1	178	2	2	418	30	0	1.582
1	179	1	3	526	31	1	1.408
1	180	1	3	131	31	1	1.091
1	181	2	4	16	31	1	0.769
1	182	2	4	387	30	1	1.332
1	183	1	3	228	33	0	1.564
1	184	1	3	74	30	1	1.936
1	185	1	3	377	31	1	2.338
1	186	2	2	423	33	1	1.930
1	187	1	3	323	30	1	3.801
1	188	2	4	159	32	0	1.634
1	189	1	1	179	33	1	1.337
1	190	1	3	6	30	1	4.306
1	191	1	1	238	33	1	1.221
1	192	1	3	500	30	1	1.250
1	193	2	2	321	33	1	1.616
1	194	2	4	262	32	0	1.361
1	195	2	4	226	30	1	3.153
1	196	2	4	220	30	1	1.265
1	197	1	1	207	33	1	1.264
1	198	2	4	388	32	0	1.041
1	199	1	3	303	30	1	1.510
1	200	1	1	517	33	1	1.493
