
*********************************************
* Sustained Attention and Recognition Memory Experiment - Sustained Attention Task v.1.0
* Date/Time: 30-Dec-2014 12:00:46
* Seed: 209427.4354
* Subject Number: 51
* Subject Name: CC
* Run Number: 1
* debug: 0
*********************************************

run	trl	tdf	sct	simg	crsp	rsp	acc	rt
1	1	0.013	1	433	11	11	1	0.729
1	2	0.013	1	520	11	11	1	0.804
1	3	0.013	1	184	11	NaN	0	NaN
1	4	0.014	1	319	11	NaN	0	NaN
1	5	0.014	1	499	11	11	1	0.266
1	6	0.014	1	189	11	11	1	0.562
1	7	0.014	1	376	11	11	1	0.506
1	8	0.001	2	69	13	13	1	0.718
1	9	0.001	1	325	11	11	1	0.821
1	10	0.001	1	362	11	11	1	0.671
1	11	0.001	1	514	11	11	1	0.678
1	12	0.002	1	420	11	11	1	0.701
1	13	0.002	1	152	11	11	1	0.679
1	14	0.002	1	66	11	11	1	0.574
1	15	0.002	1	48	11	11	1	0.646
1	16	0.002	1	358	11	11	1	0.572
1	17	0.003	1	52	11	11	1	0.614
1	18	0.003	1	253	11	11	1	0.590
1	19	0.003	1	536	11	11	1	0.566
1	20	0.003	1	264	11	11	1	0.861
1	21	0.003	1	172	11	11	1	0.724
1	22	0.004	1	298	11	11	1	0.716
1	23	0.004	1	87	11	11	1	0.549
1	24	0.004	1	532	11	11	1	0.459
1	25	0.004	1	103	11	11	1	0.483
1	26	0.004	1	284	11	11	1	0.604
1	27	0.005	1	215	11	11	1	0.596
1	28	0.005	1	4	11	11	1	0.523
1	29	0.005	1	214	11	11	1	0.626
1	30	0.005	1	465	11	11	1	0.524
1	31	0.005	1	227	11	11	1	0.499
1	32	0.006	2	77	13	13	1	0.747
1	33	0.006	1	289	11	11	1	0.801
1	34	0.006	1	225	11	11	1	0.713
1	35	0.006	1	90	11	11	1	0.706
1	36	0.006	1	3	11	11	1	0.632
1	37	0.006	1	408	11	11	1	0.594
1	38	0.007	1	430	11	11	1	0.698
1	39	0.007	1	254	11	11	1	0.641
1	40	0.007	1	509	11	11	1	0.649
1	41	0.007	2	508	13	13	1	0.640
1	42	0.007	1	105	11	11	1	0.680
1	43	0.008	1	113	11	11	1	0.783
1	44	0.008	2	194	13	13	1	0.631
1	45	0.008	1	163	11	11	1	0.575
1	46	0.008	2	275	13	13	1	0.552
1	47	0.008	1	231	11	11	1	0.480
1	48	0.009	1	112	11	11	1	0.584
1	49	0.009	1	128	11	11	1	0.560
1	50	0.009	1	508	11	11	1	0.615
1	51	0.009	1	142	11	11	1	0.638
1	52	0.010	1	64	11	11	1	0.487
1	53	0.010	1	143	11	11	1	0.527
1	54	0.010	1	21	11	11	1	0.567
1	55	0.010	2	39	13	11	0	0.588
1	56	0.010	1	28	11	NaN	0	NaN
1	57	0.010	1	122	11	NaN	0	NaN
1	58	0.011	1	478	11	11	1	0.468
1	59	0.011	1	181	11	11	1	0.621
1	60	0.011	1	232	11	11	1	0.565
1	61	0.011	1	518	11	11	1	0.605
1	62	0.011	1	251	11	11	1	0.677
1	63	0.012	1	550	11	11	1	0.715
1	64	0.012	1	219	11	11	1	0.739
1	65	0.012	1	118	11	11	1	0.795
1	66	0.012	1	84	11	11	1	0.819
1	67	0.012	1	526	11	NaN	0	NaN
1	68	0.012	1	119	11	NaN	0	NaN
1	69	0.013	2	369	13	11	0	0.043
1	70	0.013	1	417	11	11	1	0.594
1	71	0.013	1	339	11	11	1	0.570
1	72	0.013	1	197	11	11	1	0.578
1	73	0.013	1	343	11	11	1	0.571
1	74	0.014	1	19	11	11	1	0.755
1	75	0.014	2	395	13	13	1	0.555
1	76	0.001	1	86	11	11	1	0.528
1	77	0.001	1	491	11	11	1	0.549
1	78	0.001	1	481	11	11	1	0.590
1	79	0.001	1	22	11	11	1	0.581
1	80	0.002	1	313	11	11	1	0.638
1	81	0.002	1	242	11	11	1	0.693
1	82	0.002	1	447	11	11	1	0.589
1	83	0.002	1	67	11	11	1	0.758
1	84	0.002	1	124	11	11	1	0.669
1	85	0.002	1	5	11	11	1	0.644
1	86	0.003	1	250	11	11	1	0.462
1	87	0.003	1	486	11	11	1	0.580
1	88	0.003	1	26	11	11	1	0.572
1	89	0.003	1	110	11	11	1	0.484
1	90	0.003	1	169	11	11	1	0.573
1	91	0.004	1	406	11	11	1	0.660
1	92	0.004	1	77	11	11	1	0.651
1	93	0.004	2	460	13	13	1	0.500
1	94	0.004	1	492	11	11	1	0.507
1	95	0.005	2	282	13	13	1	0.628
1	96	0.005	1	274	11	11	1	0.778
1	97	0.005	1	38	11	11	1	0.722
1	98	0.005	1	436	11	11	1	0.570
1	99	0.005	1	445	11	11	1	0.514
1	100	0.005	1	276	11	11	1	0.473
1	101	0.006	1	503	11	11	1	0.497
1	102	0.006	1	166	11	11	1	0.491
1	103	0.006	1	365	11	11	1	0.594
1	104	0.006	1	170	11	11	1	0.506
1	105	0.006	2	525	13	13	1	0.608
1	106	0.007	1	147	11	11	1	0.424
1	107	0.007	2	474	13	13	1	0.674
1	108	0.007	1	519	11	13	0	0.553
1	109	0.007	1	434	11	11	1	0.687
1	110	0.007	1	32	11	11	1	0.649
1	111	0.008	1	285	11	11	1	0.784
1	112	0.008	1	190	11	NaN	0	NaN
1	113	0.008	1	374	11	11	1	0.816
1	114	0.008	1	350	11	11	1	0.776
1	115	0.008	1	545	11	11	1	0.751
1	116	0.009	1	218	11	11	1	0.630
1	117	0.009	1	223	11	11	1	0.703
1	118	0.009	1	236	11	11	1	0.679
1	119	0.009	1	424	11	11	1	0.638
1	120	0.009	1	304	11	11	1	0.678
1	121	0.010	2	159	13	13	1	0.638
1	122	0.010	1	76	11	11	1	0.566
1	123	0.010	1	31	11	11	1	0.510
1	124	0.010	1	33	11	11	1	0.741
1	125	0.010	1	330	11	11	1	0.813
1	126	0.011	1	127	11	11	1	0.820
1	127	0.011	1	117	11	11	1	0.700
1	128	0.011	1	360	11	11	1	0.597
1	129	0.011	1	272	11	11	1	0.571
1	130	0.011	1	354	11	11	1	0.532
1	131	0.012	1	281	11	11	1	0.573
1	132	0.012	1	131	11	11	1	0.515
1	133	0.012	2	51	13	13	1	0.619
1	134	0.012	2	146	13	13	1	0.517
1	135	0.012	1	7	11	11	1	0.603
1	136	0.012	1	435	11	11	1	0.469
1	137	0.013	1	94	11	11	1	0.636
1	138	0.013	1	240	11	11	1	0.596
1	139	0.013	1	81	11	11	1	0.618
1	140	0.013	1	542	11	11	1	0.579
1	141	0.013	1	8	11	11	1	0.553
1	142	0.014	1	229	11	11	1	0.513
1	143	0.014	1	134	11	11	1	0.731
1	144	0.014	1	413	11	11	1	0.642
1	145	0.014	1	230	11	11	1	0.729
1	146	0.001	2	119	13	13	1	0.672
1	147	0.001	1	425	11	11	1	0.631
1	148	0.001	1	171	11	11	1	0.526
1	149	0.001	1	211	11	11	1	0.552
1	150	0.002	1	460	11	11	1	0.495
1	151	0.002	2	143	13	13	1	0.598
1	152	0.002	1	448	11	11	1	0.702
1	153	0.002	2	326	13	13	1	0.742
1	154	0.003	1	454	11	11	1	0.556
1	155	0.003	2	210	13	13	1	0.598
1	156	0.003	1	463	11	11	1	0.508
1	157	0.003	1	61	11	11	1	0.534
1	158	0.003	1	324	11	11	1	0.540
1	159	0.003	1	27	11	11	1	0.532
1	160	0.004	1	99	11	11	1	0.300
1	161	0.004	1	442	11	11	1	0.292
1	162	0.004	1	36	11	11	1	0.348
1	163	0.004	1	210	11	11	1	0.308
1	164	0.004	1	249	11	11	1	0.266
1	165	0.005	1	501	11	11	1	0.260
1	166	0.005	1	462	11	11	1	0.298
1	167	0.005	1	297	11	11	1	0.354
1	168	0.005	1	380	11	11	1	0.459
1	169	0.005	1	476	11	11	1	0.466
1	170	0.006	2	102	13	11	0	0.379
1	171	0.006	1	247	11	11	1	0.482
1	172	0.006	1	306	11	11	1	0.457
1	173	0.006	1	202	11	11	1	0.432
1	174	0.007	1	393	11	11	1	0.600
1	175	0.006	2	501	13	13	1	0.482
1	176	0.007	1	187	11	11	1	0.538
1	177	0.007	1	456	11	11	1	0.464
1	178	0.007	1	533	11	11	1	0.602
1	179	0.007	1	14	11	11	1	0.449
1	180	0.007	1	80	11	11	1	0.535
1	181	0.008	1	29	11	11	1	0.641
1	182	0.008	1	241	11	11	1	0.520
1	183	0.008	1	340	11	11	1	0.672
1	184	0.008	1	327	11	11	1	0.422
1	185	0.009	1	426	11	11	1	0.494
1	186	0.009	1	275	11	11	1	0.472
1	187	0.009	1	370	11	11	1	0.592
1	188	0.009	1	292	11	11	1	0.791
1	189	0.009	1	158	11	11	1	0.702
1	190	0.010	1	458	11	11	1	0.599
1	191	0.010	1	17	11	11	1	0.542
1	192	0.010	1	206	11	11	1	0.580
1	193	0.010	1	392	11	11	1	0.525
1	194	0.010	2	493	13	13	1	0.567
1	195	0.010	1	389	11	11	1	0.445
1	196	0.011	1	92	11	11	1	0.467
1	197	0.011	1	203	11	11	1	0.350
1	198	0.011	1	234	11	11	1	0.324
1	199	0.011	1	511	11	11	1	0.269
1	200	0.011	1	461	11	11	1	0.357
1	201	0.012	1	258	11	11	1	0.364
1	202	0.012	1	523	11	11	1	0.418
1	203	0.012	1	540	11	11	1	0.348
1	204	0.012	1	521	11	11	1	0.323
1	205	0.012	1	37	11	11	1	0.331
1	206	0.013	1	528	11	11	1	0.434
1	207	0.013	1	301	11	11	1	0.491
1	208	0.013	1	421	11	11	1	0.404
1	209	0.013	1	136	11	11	1	0.474
1	210	0.013	1	305	11	11	1	0.483
1	211	0.013	1	416	11	11	1	0.491
1	212	0.014	1	404	11	11	1	0.465
1	213	0.014	1	49	11	11	1	0.442
1	214	0.014	1	2	11	11	1	0.465
1	215	0.001	1	401	11	11	1	0.455
1	216	0.001	1	146	11	11	1	0.621
1	217	0.001	1	391	11	11	1	0.533
1	218	0.002	1	405	11	11	1	0.510
1	219	0.002	1	83	11	11	1	0.757
1	220	0.002	2	1	13	13	1	0.621
1	221	0.002	1	449	11	11	1	0.454
1	222	0.002	1	63	11	11	1	0.431
1	223	0.002	1	515	11	11	1	0.630
1	224	0.003	1	115	11	11	1	0.542
1	225	0.003	1	329	11	11	1	0.438
1	226	0.003	1	525	11	11	1	0.493
1	227	0.003	1	109	11	11	1	0.387
1	228	0.004	1	409	11	11	1	0.347
1	229	0.004	1	266	11	11	1	0.373
1	230	0.004	1	473	11	11	1	0.524
1	231	0.004	1	477	11	11	1	0.468
1	232	0.004	1	269	11	11	1	0.524
1	233	0.004	1	213	11	11	1	0.516
1	234	0.005	1	68	11	11	1	0.427
1	235	0.005	1	200	11	11	1	0.420
1	236	0.005	2	240	13	11	0	0.348
1	237	0.005	1	132	11	11	1	0.481
1	238	0.005	1	24	11	11	1	0.409
1	239	0.006	1	144	11	11	1	0.465
1	240	0.006	1	209	11	11	1	0.553
1	241	0.006	1	495	11	11	1	0.658
1	242	0.006	1	192	11	11	1	0.505
1	243	0.006	1	394	11	11	1	0.418
1	244	0.007	1	183	11	11	1	0.393
1	245	0.007	1	54	11	11	1	0.369
1	246	0.007	1	347	11	11	1	0.183
1	247	0.007	1	177	11	11	1	0.576
1	248	0.007	2	247	13	13	1	0.649
1	249	0.007	1	341	11	11	1	0.449
1	250	0.008	1	263	11	11	1	0.424
1	251	0.008	1	512	11	11	1	0.544
1	252	0.008	1	309	11	11	1	0.823
1	253	0.008	1	500	11	11	1	0.543
1	254	0.009	1	11	11	11	1	0.599
1	255	0.009	1	111	11	11	1	0.527
1	256	0.009	1	335	11	11	1	0.519
1	257	0.009	1	102	11	11	1	0.543
1	258	0.009	1	238	11	11	1	0.550
1	259	0.010	1	539	11	11	1	0.717
1	260	0.010	1	312	11	11	1	0.615
1	261	0.010	2	50	13	13	1	0.574
1	262	0.010	1	74	11	11	1	0.454
1	263	0.010	2	511	13	11	0	0.349
1	264	0.011	1	452	11	11	1	0.645
1	265	0.011	1	159	11	11	1	0.541
1	266	0.011	1	293	11	11	1	0.612
1	267	0.011	1	302	11	11	1	0.603
1	268	0.011	1	422	11	11	1	0.467
1	269	0.012	1	244	11	11	1	0.461
1	270	0.012	1	104	11	11	1	0.388
1	271	0.012	1	126	11	11	1	0.556
1	272	0.012	1	69	11	11	1	0.453
1	273	0.012	1	373	11	11	1	0.572
1	274	0.012	1	153	11	11	1	0.883
1	275	0.013	1	129	11	11	1	0.508
1	276	0.013	2	407	13	13	1	0.628
1	277	0.013	1	419	11	11	1	0.556
1	278	0.013	1	78	11	11	1	0.451
1	279	0.013	1	355	11	11	1	0.347
1	280	0.013	1	91	11	11	1	0.353
1	281	0.014	1	440	11	11	1	0.331
1	282	0.014	1	25	11	11	1	0.419
1	283	0.014	1	546	11	11	1	0.329
1	284	0.001	2	19	13	11	0	0.352
1	285	0.001	1	145	11	11	1	0.551
1	286	0.001	1	62	11	11	1	0.494
1	287	0.002	1	538	11	11	1	0.469
1	288	0.002	1	243	11	11	1	0.511
1	289	0.002	1	125	11	11	1	0.437
1	290	0.002	1	155	11	11	1	0.556
1	291	0.002	1	259	11	11	1	0.469
1	292	0.002	1	268	11	11	1	0.540
1	293	0.003	2	135	13	13	1	0.500
1	294	0.003	1	226	11	11	1	0.412
1	295	0.003	1	180	11	11	1	0.357
1	296	0.003	1	191	11	11	1	0.444
1	297	0.003	1	470	11	11	1	0.468
1	298	0.004	1	58	11	11	1	0.445
1	299	0.004	1	315	11	11	1	0.675
1	300	0.004	1	504	11	11	1	0.522
1	301	0.004	1	59	11	11	1	0.500
1	302	0.004	1	471	11	11	1	0.395
1	303	0.005	1	453	11	11	1	0.548
1	304	0.005	1	151	11	11	1	0.827
1	305	0.005	1	186	11	11	1	0.707
1	306	0.005	1	441	11	11	1	0.730
1	307	0.006	1	496	11	11	1	0.753
1	308	0.006	1	57	11	11	1	0.585
1	309	0.006	1	415	11	11	1	0.515
1	310	0.006	1	472	11	11	1	0.490
1	311	0.006	1	451	11	11	1	0.530
1	312	0.006	1	82	11	11	1	0.362
1	313	0.007	1	479	11	11	1	0.432
1	314	0.007	1	71	11	11	1	0.409
1	315	0.007	1	427	11	11	1	0.528
1	316	0.007	1	222	11	11	1	0.473
1	317	0.007	1	513	11	11	1	0.384
1	318	0.008	1	156	11	11	1	0.359
1	319	0.008	1	397	11	11	1	0.417
1	320	0.008	1	482	11	11	1	0.727
1	321	0.008	1	207	11	11	1	0.558
1	322	0.008	1	483	11	11	1	0.457
1	323	0.009	1	123	11	11	1	0.462
1	324	0.009	1	40	11	11	1	0.374
1	325	0.009	1	544	11	11	1	0.783
1	326	0.009	1	239	11	11	1	0.455
1	327	0.009	1	51	11	11	1	0.461
1	328	0.010	1	431	11	11	1	0.375
1	329	0.010	1	390	11	11	1	0.351
1	330	0.010	1	245	11	11	1	0.374
1	331	0.010	2	265	13	11	0	0.348
1	332	0.010	1	359	11	11	1	0.565
1	333	0.010	1	331	11	11	1	0.492
1	334	0.011	1	432	11	11	1	0.502
1	335	0.011	1	107	11	11	1	0.430
1	336	0.011	1	252	11	11	1	0.437
1	337	0.011	1	507	11	11	1	0.299
1	338	0.011	1	75	11	11	1	0.276
1	339	0.012	1	333	11	11	1	0.316
1	340	0.012	1	161	11	11	1	0.389
1	341	0.012	1	318	11	11	1	0.428
1	342	0.012	1	455	11	11	1	0.611
1	343	0.012	1	23	11	11	1	0.587
1	344	0.013	1	261	11	11	1	0.419
1	345	0.013	1	100	11	11	1	0.507
1	346	0.013	1	167	11	11	1	0.659
1	347	0.013	1	108	11	11	1	0.571
1	348	0.013	1	10	11	11	1	0.546
1	349	0.013	1	457	11	11	1	0.586
1	350	0.014	1	375	11	11	1	0.594
1	351	0.014	1	165	11	11	1	0.507
1	352	0.014	2	70	13	13	1	0.594
1	353	0.001	1	42	11	11	1	0.536
1	354	0.001	1	47	11	11	1	0.432
1	355	0.001	1	387	11	11	1	0.407
1	356	0.001	1	412	11	11	1	0.478
1	357	0.002	1	1	11	11	1	0.452
1	358	0.002	2	468	13	13	1	0.590
1	359	0.002	1	502	11	11	1	0.373
1	360	0.002	1	411	11	11	1	0.317
1	361	0.002	1	543	11	11	1	0.500
1	362	0.003	1	342	11	11	1	0.445
1	363	0.003	2	423	13	13	1	0.710
1	364	0.003	2	14	13	13	1	0.829
1	365	0.003	1	73	11	NaN	0	NaN
1	366	0.003	1	34	11	11	1	0.636
1	367	0.004	1	248	11	11	1	0.531
1	368	0.004	1	114	11	11	1	0.490
1	369	0.004	2	406	13	13	1	0.467
1	370	0.004	1	548	11	11	1	0.445
1	371	0.005	1	217	11	11	1	0.531
1	372	0.005	1	497	11	11	1	0.443
1	373	0.005	1	212	11	11	1	0.609
1	374	0.005	1	494	11	11	1	0.521
1	375	0.005	1	446	11	11	1	0.722
1	376	0.005	1	283	11	11	1	0.651
1	377	0.006	1	260	11	11	1	0.769
1	378	0.006	1	280	11	11	1	0.633
1	379	0.006	2	380	13	13	1	0.642
1	380	0.006	1	310	11	11	1	0.523
1	381	0.007	2	426	13	13	1	0.448
1	382	0.007	1	96	11	11	1	0.504
1	383	0.007	1	15	11	11	1	0.447
1	384	0.007	1	337	11	11	1	0.425
1	385	0.007	1	322	11	11	1	0.464
1	386	0.007	1	510	11	11	1	0.423
1	387	0.008	1	267	11	11	1	0.447
1	388	0.008	2	49	13	13	1	0.551
1	389	0.008	1	300	11	11	1	0.608
1	390	0.008	1	344	11	11	1	0.615
1	391	0.008	1	43	11	11	1	0.624
1	392	0.009	1	149	11	11	1	0.600
1	393	0.009	1	176	11	11	1	0.528
1	394	0.009	1	257	11	11	1	0.535
1	395	0.009	2	33	13	13	1	0.527
1	396	0.009	1	490	11	11	1	0.502
1	397	0.010	1	480	11	11	1	0.365
1	398	0.010	1	174	11	11	1	0.372
1	399	0.010	1	541	11	11	1	0.383
1	400	0.010	1	346	11	11	1	0.405
1	401	0.010	1	443	11	11	1	0.428
1	402	0.011	1	295	11	11	1	0.341
1	403	0.011	2	378	13	13	1	0.589
1	404	0.011	1	16	11	11	1	0.358
1	405	0.011	1	535	11	11	1	0.347
1	406	0.011	1	164	11	11	1	0.292
1	407	0.012	1	157	11	11	1	0.301
1	408	0.012	1	368	11	11	1	0.516
1	409	0.012	2	297	13	13	1	0.700
1	410	0.012	1	410	11	11	1	0.484
1	411	0.012	1	53	11	11	1	0.380
1	412	0.013	1	294	11	11	1	0.388
1	413	0.013	1	140	11	11	1	0.444
1	414	0.013	2	296	13	13	1	0.611
1	415	0.013	1	195	11	11	1	0.476
1	416	0.013	1	348	11	11	1	0.515
1	417	0.013	1	85	11	11	1	0.361
1	418	0.014	1	60	11	11	1	0.370
1	419	0.014	1	97	11	11	1	0.459
1	420	0.014	1	262	11	11	1	0.433
1	421	0.001	1	194	11	11	1	0.374
1	422	0.001	1	468	11	11	1	0.448
1	423	0.001	1	173	11	11	1	0.406
1	424	0.001	1	235	11	11	1	0.397
1	425	0.002	2	523	13	13	1	0.599
1	426	0.002	1	338	11	11	1	0.477
1	427	0.002	1	439	11	11	1	0.535
1	428	0.002	1	70	11	11	1	0.476
1	429	0.002	1	316	11	11	1	0.452
1	430	0.003	1	378	11	11	1	0.526
1	431	0.003	1	537	11	11	1	0.451
1	432	0.003	1	41	11	11	1	0.382
1	433	0.003	1	485	11	11	1	0.452
1	434	0.003	1	95	11	11	1	0.413
1	435	0.004	1	139	11	11	1	0.372
1	436	0.004	1	321	11	11	1	0.491
1	437	0.004	1	372	11	11	1	0.435
1	438	0.004	1	527	11	11	1	0.428
1	439	0.004	1	414	11	11	1	0.450
1	440	0.005	1	493	11	11	1	0.396
1	441	0.005	1	516	11	11	1	0.322
1	442	0.005	1	182	11	11	1	0.394
1	443	0.005	1	524	11	11	1	0.307
1	444	0.005	1	356	11	11	1	0.411
1	445	0.006	1	351	11	11	1	0.370
1	446	0.006	1	101	11	11	1	0.361
1	447	0.006	1	196	11	11	1	0.306
1	448	0.006	1	336	11	11	1	0.329
1	449	0.006	1	18	11	11	1	0.321
1	450	0.007	1	399	11	11	1	0.312
1	451	0.007	1	208	11	11	1	0.386
1	452	0.007	1	487	11	11	1	0.394
1	453	0.007	1	549	11	11	1	0.385
1	454	0.007	1	6	11	11	1	0.456
1	455	0.008	1	270	11	11	1	0.351
1	456	0.008	1	50	11	11	1	0.536
1	457	0.008	1	193	11	11	1	0.528
1	458	0.008	1	381	11	11	1	0.439
1	459	0.008	1	233	11	11	1	0.462
1	460	0.008	1	162	11	11	1	0.376
1	461	0.009	1	224	11	11	1	0.368
1	462	0.009	1	121	11	11	1	0.407
1	463	0.009	1	279	11	11	1	0.477
1	464	0.009	2	424	13	11	0	0.487
1	465	0.009	1	55	11	11	1	0.591
1	466	0.010	1	366	11	11	1	0.485
1	467	0.010	1	141	11	11	1	0.557
1	468	0.010	1	386	11	11	1	0.453
1	469	0.010	1	271	11	11	1	0.509
1	470	0.010	1	488	11	11	1	0.469
1	471	0.011	1	403	11	11	1	0.476
1	472	0.011	1	317	11	11	1	0.420
1	473	0.011	2	544	13	13	1	0.573
1	474	0.011	1	65	11	11	1	0.501
1	475	0.011	1	464	11	11	1	0.476
1	476	0.012	1	364	11	11	1	0.452
1	477	0.012	1	534	11	11	1	0.523
1	478	0.012	1	363	11	11	1	0.579
1	479	0.012	2	261	13	13	1	0.651
1	480	0.012	1	255	11	11	1	0.354
1	481	0.012	1	137	11	11	1	0.523
1	482	0.013	1	98	11	11	1	0.578
1	483	0.013	1	237	11	11	1	0.506
1	484	0.013	1	353	11	11	1	0.498
1	485	0.013	1	398	11	11	1	0.491
1	486	0.013	1	308	11	11	1	0.465
1	487	0.014	2	435	13	13	1	0.636
1	488	0.014	1	400	11	11	1	0.402
1	489	0.014	2	325	13	13	1	0.618
1	490	0.001	1	201	11	11	1	0.448
1	491	0.001	1	246	11	11	1	0.616
1	492	0.001	1	30	11	11	1	0.495
1	493	0.002	1	56	11	11	1	0.486
1	494	0.002	1	277	11	11	1	0.430
1	495	0.002	2	373	13	13	1	0.517
1	496	0.002	1	120	11	11	1	0.493
1	497	0.002	1	505	11	11	1	0.421
1	498	0.002	1	357	11	11	1	0.380
1	499	0.002	1	39	11	11	1	0.341
1	500	0.003	1	459	11	11	1	0.430

*********************************************
* Sustained Attention and Recognition Memory Experiment - Memory Test v.1.0
* Date/Time: 30-Dec-2014 12:12:09
* Seed: 212790.581
* Subject Number: 51
* Subject Name: CC
* Run Number: 1
* debug: 0
*********************************************

1	1	1	3	418	30	1	3.616
1	2	1	1	176	33	1	6.307
1	3	1	3	444	30	1	2.450
1	4	2	4	251	30	1	2.271
1	5	1	1	99	31	0	2.266
1	6	2	2	424	33	1	1.581
1	7	1	3	489	31	1	1.708
1	8	1	1	69	32	1	1.523
1	9	1	1	449	32	1	2.345
1	10	1	3	216	31	1	1.951
1	11	1	1	537	32	1	1.876
1	12	1	3	530	31	1	3.542
1	13	2	2	282	33	1	2.429
1	14	1	3	154	31	1	1.465
1	15	1	1	251	31	0	1.864
1	16	2	4	312	31	1	3.404
1	17	2	4	359	30	1	2.840
1	18	2	2	508	32	1	1.609
1	19	1	1	358	33	1	1.687
1	20	2	4	371	31	1	1.511
1	21	1	1	47	31	0	3.762
1	22	1	1	354	31	0	2.259
1	23	2	2	1	30	0	3.283
1	24	2	2	70	31	0	3.977
1	25	2	2	373	33	1	2.998
1	26	2	4	293	30	1	2.268
1	27	2	4	428	30	1	1.729
1	28	1	3	484	30	1	2.778
1	29	1	3	328	31	1	1.828
1	30	2	4	398	31	1	2.031
1	31	2	2	146	33	1	1.795
1	32	2	2	261	33	1	1.642
1	33	1	3	168	31	1	1.693
1	34	2	4	197	31	1	1.454
1	35	2	2	474	33	1	1.568
1	36	2	2	33	33	1	1.209
1	37	1	3	88	30	1	3.527
1	38	1	3	498	32	0	2.166
1	39	1	1	61	31	0	2.230
1	40	1	3	371	31	1	1.744
1	41	2	4	183	30	1	3.227
1	42	1	1	252	31	0	3.123
1	43	2	4	545	30	1	2.488
1	44	1	1	348	32	1	1.619
1	45	1	3	323	31	1	2.932
1	46	2	4	461	31	1	1.796
1	47	1	3	79	31	1	2.030
1	48	2	4	231	30	1	1.743
1	49	1	1	386	33	1	1.686
1	50	2	4	244	30	1	1.957
1	51	2	2	77	31	0	2.439
1	52	1	3	130	31	1	1.885
1	53	2	4	524	31	1	4.257
1	54	1	1	341	33	1	1.795
1	55	1	3	44	31	1	2.235
1	56	1	1	480	32	1	2.657
1	57	1	3	466	31	1	2.733
1	58	1	3	228	30	1	2.595
1	59	2	2	14	31	0	3.317
1	60	2	4	52	32	0	3.592
1	61	2	2	69	31	0	1.720
1	62	2	4	185	31	1	2.192
1	63	1	1	203	31	0	2.038
1	64	1	1	212	31	0	2.381
1	65	2	2	50	32	1	1.591
1	66	2	2	369	31	0	2.799
1	67	2	2	378	33	1	1.760
1	68	2	4	235	32	0	2.290
1	69	2	2	275	33	1	1.317
1	70	1	1	274	33	1	1.385
1	71	1	3	396	31	1	1.368
1	72	1	3	9	30	1	2.214
1	73	1	3	150	31	1	2.649
1	74	2	4	349	31	1	1.575
1	75	1	3	290	31	1	2.601
1	76	2	4	12	30	1	3.358
1	77	2	2	194	33	1	1.283
1	78	2	4	383	31	1	1.715
1	79	2	2	407	32	1	1.751
1	80	2	2	51	30	0	2.019
1	81	2	4	476	32	0	1.550
1	82	2	2	511	30	0	1.282
1	83	1	3	429	32	0	5.170
1	84	1	3	438	30	1	1.291
1	85	2	2	423	32	1	2.163
1	86	2	2	395	30	0	1.273
1	87	2	4	351	31	1	5.400
1	88	1	3	93	30	1	1.960
1	89	2	2	297	32	1	1.731
1	90	1	3	385	30	1	4.073
1	91	1	3	529	31	1	1.996
1	92	1	3	72	30	1	2.108
1	93	1	1	29	32	1	1.490
1	94	2	2	143	32	1	1.760
1	95	2	4	48	31	1	2.308
1	96	1	1	193	31	0	1.429
1	97	2	4	31	31	1	1.227
1	98	1	1	58	31	0	2.653
1	99	2	4	44	30	1	2.895
1	100	1	1	22	31	0	2.258
1	101	1	1	209	30	0	1.812
1	102	2	2	210	32	1	1.581
1	103	2	4	75	30	1	1.555
1	104	2	4	539	32	0	1.501
1	105	2	4	254	30	1	2.289
1	106	2	4	480	31	1	1.675
1	107	1	1	424	31	0	2.159
1	108	2	4	208	31	1	1.540
1	109	1	3	531	32	0	1.487
1	110	2	2	460	32	1	2.885
1	111	2	2	493	33	1	1.253
1	112	1	1	91	31	0	1.818
1	113	2	2	135	33	1	1.231
1	114	2	4	496	31	1	1.862
1	115	1	3	314	30	1	3.091
1	116	1	1	276	32	1	1.503
1	117	2	2	102	31	0	3.655
1	118	1	3	287	30	1	2.682
1	119	1	1	19	33	1	1.094
1	120	2	4	110	30	1	1.638
1	121	2	2	49	31	0	1.094
1	122	2	4	372	31	1	1.495
1	123	2	4	57	30	1	1.625
1	124	1	1	108	33	1	1.108
1	125	2	2	265	31	0	1.247
1	126	1	1	144	31	0	1.901
1	127	2	4	439	31	1	1.559
1	128	2	2	240	32	1	2.103
1	129	2	2	523	32	1	0.934
1	130	2	4	62	31	1	1.339
1	131	1	3	407	31	1	5.216
1	132	1	3	256	30	1	1.706
1	133	2	2	119	32	1	1.380
1	134	1	1	464	31	0	1.223
1	135	1	1	51	31	0	1.166
1	136	1	1	295	32	1	1.255
1	137	2	4	490	30	1	1.984
1	138	1	3	199	30	1	1.791
1	139	2	2	39	31	0	1.170
1	140	1	3	13	31	1	1.694
1	141	2	2	326	32	1	1.076
1	142	2	2	406	32	1	1.047
1	143	1	1	14	31	0	1.293
1	144	1	3	361	32	0	1.751
1	145	2	2	501	31	0	1.933
1	146	2	4	141	31	1	1.373
1	147	1	1	479	31	0	1.864
1	148	2	4	362	32	0	1.191
1	149	2	4	220	32	0	2.420
1	150	1	1	305	33	1	1.399
1	151	1	1	406	33	1	0.936
1	152	1	3	379	30	1	1.523
1	153	2	4	288	32	0	1.836
1	154	2	2	380	32	1	1.175
1	155	2	2	159	32	1	1.269
1	156	1	3	221	31	1	1.524
1	157	1	1	518	31	0	1.074
1	158	1	3	106	30	1	2.061
1	159	2	2	426	32	1	1.377
1	160	2	2	19	31	0	1.604
1	161	1	1	417	33	1	1.652
1	162	2	4	294	30	1	1.789
1	163	1	1	459	32	1	1.935
1	164	1	3	220	31	1	1.124
1	165	1	3	377	31	1	1.597
1	166	1	3	299	31	1	1.460
1	167	1	1	245	31	0	0.917
1	168	1	3	35	31	1	0.844
1	169	1	1	366	30	0	1.181
1	170	2	4	214	31	1	2.677
1	171	1	3	46	30	1	2.180
1	172	1	3	179	31	1	2.244
1	173	1	1	236	31	0	1.969
1	174	1	3	506	32	0	3.758
1	175	2	2	325	32	1	0.982
1	176	1	1	503	31	0	1.161
1	177	1	1	362	33	1	0.927
1	178	2	4	309	31	1	1.794
1	179	2	4	314	31	1	1.198
1	180	2	2	247	31	0	0.959
1	181	1	1	425	30	0	1.252
1	182	1	1	315	30	0	1.268
1	183	2	2	525	32	1	1.248
1	184	2	4	215	30	1	2.055
1	185	1	3	89	30	1	1.625
1	186	2	2	435	31	0	1.575
1	187	1	3	326	31	1	0.911
1	188	1	1	548	33	1	1.110
1	189	1	1	18	31	0	1.089
1	190	2	2	544	31	0	1.643
1	191	2	4	243	30	1	1.876
1	192	1	3	135	30	1	1.321
1	193	1	3	303	31	1	1.174
1	194	2	2	468	32	1	0.933
1	195	2	4	250	31	1	1.360
1	196	1	1	70	31	0	1.288
1	197	1	1	125	31	0	1.366
1	198	2	2	296	32	1	0.951
1	199	2	4	348	31	1	1.332
1	200	2	4	317	31	1	1.044
