
*********************************************
* Sustained Attention and Recognition Memory Experiment - Sustained Attention Task v.1.0
* Date/Time: 03-Feb-2015 12:31:49
* Seed: 209604.2702
* Subject Number: 65
* Subject Name: LM
* Run Number: 1
* debug: 0
*********************************************

run	trl	tdf	sct	simg	crsp	rsp	acc	rt
1	1	0.012	1	65	11	11	1	0.705
1	2	0.012	2	273	13	13	1	0.730
1	3	0.013	1	418	11	11	1	0.834
1	4	0.013	1	23	11	NaN	0	NaN
1	5	0.013	1	12	11	11	1	0.096
1	6	0.013	1	70	11	11	1	0.857
1	7	0.013	1	366	11	11	1	0.785
1	8	0.014	1	529	11	NaN	0	NaN
1	9	0.014	1	95	11	11	1	0.767
1	10	0.014	1	358	11	11	1	0.809
1	11	0.014	1	144	11	11	1	0.736
1	12	0.001	1	210	11	11	1	0.885
1	13	0.001	1	159	11	11	1	0.876
1	14	0.001	2	431	13	13	1	0.724
1	15	0.002	1	131	11	11	1	0.667
1	16	0.002	1	374	11	11	1	0.693
1	17	0.002	1	224	11	11	1	0.812
1	18	0.002	1	397	11	11	1	0.757
1	19	0.002	2	149	13	NaN	0	NaN
1	20	0.003	1	307	11	13	0	0.227
1	21	0.003	1	425	11	NaN	0	NaN
1	22	0.003	1	192	11	11	1	0.068
1	23	0.003	1	279	11	11	1	0.524
1	24	0.003	1	198	11	NaN	0	NaN
1	25	0.004	1	459	11	11	1	0.761
1	26	0.004	1	99	11	11	1	0.818
1	27	0.004	1	466	11	NaN	0	NaN
1	28	0.004	1	128	11	NaN	0	NaN
1	29	0.004	1	112	11	11	1	0.009
1	30	0.005	1	170	11	11	1	0.624
1	31	0.005	1	110	11	11	1	0.696
1	32	0.005	1	443	11	NaN	0	NaN
1	33	0.005	1	91	11	NaN	0	NaN
1	34	0.005	1	168	11	11	1	0.336
1	35	0.006	1	126	11	11	1	0.472
1	36	0.006	2	227	13	11	0	0.623
1	37	0.006	1	410	11	11	1	0.791
1	38	0.006	1	501	11	11	1	0.753
1	39	0.006	1	310	11	11	1	0.806
1	40	0.006	1	211	11	11	1	0.846
1	41	0.007	1	13	11	11	1	0.727
1	42	0.007	1	28	11	11	1	0.718
1	43	0.007	2	427	13	13	1	0.694
1	44	0.007	1	109	11	11	1	0.734
1	45	0.007	1	433	11	11	1	0.630
1	46	0.008	1	256	11	11	1	0.559
1	47	0.008	1	282	11	11	1	0.725
1	48	0.008	1	218	11	11	1	0.799
1	49	0.008	2	104	13	NaN	0	NaN
1	50	0.008	1	88	11	11	1	0.877
1	51	0.009	1	370	11	11	1	0.709
1	52	0.009	1	344	11	11	1	0.732
1	53	0.009	1	152	11	NaN	0	NaN
1	54	0.009	1	396	11	13	0	0.717
1	55	0.009	1	78	11	NaN	0	NaN
1	56	0.010	1	369	11	11	1	0.603
1	57	0.010	1	304	11	11	1	0.533
1	58	0.010	1	7	11	11	1	0.475
1	59	0.010	1	514	11	11	1	0.581
1	60	0.010	1	37	11	11	1	0.827
1	61	0.011	1	50	11	11	1	0.707
1	62	0.011	1	422	11	11	1	0.636
1	63	0.011	1	136	11	11	1	0.739
1	64	0.011	1	92	11	11	1	0.698
1	65	0.011	1	292	11	NaN	0	NaN
1	66	0.012	1	294	11	11	1	0.745
1	67	0.012	1	544	11	11	1	0.737
1	68	0.012	1	479	11	NaN	0	NaN
1	69	0.012	1	35	11	11	1	0.802
1	70	0.012	1	333	11	11	1	0.682
1	71	0.012	1	367	11	11	1	0.690
1	72	0.013	1	120	11	11	1	0.601
1	73	0.013	1	140	11	11	1	0.833
1	74	0.013	1	171	11	11	1	0.616
1	75	0.013	1	17	11	11	1	0.577
1	76	0.013	1	235	11	11	1	0.647
1	77	0.014	1	255	11	11	1	0.705
1	78	0.014	1	372	11	11	1	0.536
1	79	0.014	1	382	11	11	1	0.592
1	80	0.014	1	158	11	11	1	0.615
1	81	0.001	1	483	11	11	1	0.635
1	82	0.001	1	217	11	11	1	0.643
1	83	0.001	2	274	13	13	1	0.651
1	84	0.002	1	536	11	11	1	0.533
1	85	0.002	1	549	11	11	1	0.668
1	86	0.002	1	182	11	11	1	0.547
1	87	0.002	2	250	13	13	1	0.748
1	88	0.002	1	436	11	11	1	0.612
1	89	0.003	1	74	11	11	1	0.698
1	90	0.003	1	163	11	11	1	0.610
1	91	0.003	1	259	11	11	1	0.570
1	92	0.003	1	413	11	11	1	0.675
1	93	0.003	1	491	11	11	1	0.682
1	94	0.004	1	81	11	11	1	0.578
1	95	0.004	1	515	11	11	1	0.618
1	96	0.004	1	395	11	11	1	0.512
1	97	0.004	1	306	11	11	1	0.491
1	98	0.004	1	325	11	11	1	0.450
1	99	0.005	1	59	11	11	1	0.441
1	100	0.005	1	122	11	11	1	0.482
1	101	0.005	1	538	11	11	1	0.600
1	102	0.005	1	2	11	11	1	0.578
1	103	0.005	1	318	11	11	1	0.553
1	104	0.006	1	412	11	11	1	0.479
1	105	0.006	1	132	11	11	1	0.504
1	106	0.006	1	36	11	11	1	0.462
1	107	0.006	1	303	11	11	1	0.359
1	108	0.006	1	265	11	11	1	0.335
1	109	0.006	1	234	11	11	1	0.391
1	110	0.007	2	524	13	13	1	0.654
1	111	0.007	1	321	11	11	1	0.568
1	112	0.007	1	281	11	11	1	0.590
1	113	0.007	1	460	11	11	1	0.597
1	114	0.007	2	237	13	13	1	0.638
1	115	0.008	1	482	11	11	1	0.726
1	116	0.008	2	453	13	13	1	0.669
1	117	0.008	1	156	11	11	1	0.612
1	118	0.008	1	428	11	11	1	0.748
1	119	0.008	1	264	11	11	1	0.757
1	120	0.009	1	177	11	11	1	0.717
1	121	0.009	1	190	11	11	1	0.598
1	122	0.009	1	417	11	11	1	0.572
1	123	0.009	1	189	11	11	1	0.628
1	124	0.009	1	134	11	11	1	0.668
1	125	0.010	1	102	11	11	1	0.629
1	126	0.010	1	139	11	11	1	0.651
1	127	0.010	1	378	11	11	1	0.693
1	128	0.010	1	315	11	13	0	0.844
1	129	0.010	1	104	11	11	1	0.563
1	130	0.011	1	94	11	11	1	0.378
1	131	0.011	1	473	11	11	1	0.402
1	132	0.011	1	263	11	11	1	0.443
1	133	0.011	1	431	11	11	1	0.484
1	134	0.011	1	530	11	11	1	0.537
1	135	0.011	1	326	11	11	1	0.641
1	136	0.012	1	550	11	11	1	0.459
1	137	0.012	2	92	13	11	0	0.627
1	138	0.012	1	319	11	11	1	0.507
1	139	0.012	1	116	11	11	1	0.609
1	140	0.012	1	437	11	11	1	0.538
1	141	0.013	2	474	13	13	1	0.720
1	142	0.013	1	511	11	11	1	0.569
1	143	0.013	1	489	11	11	1	0.546
1	144	0.013	1	4	11	11	1	0.472
1	145	0.013	1	427	11	11	1	0.591
1	146	0.014	1	362	11	11	1	0.584
1	147	0.014	1	63	11	11	1	0.591
1	148	0.014	1	30	11	11	1	0.551
1	149	0.014	1	73	11	11	1	0.544
1	150	0.001	1	150	11	11	1	0.549
1	151	0.001	2	6	13	13	1	0.604
1	152	0.001	1	87	11	11	1	0.547
1	153	0.002	1	124	11	11	1	0.588
1	154	0.002	2	398	13	13	1	0.676
1	155	0.002	1	101	11	11	1	0.571
1	156	0.002	1	220	11	11	1	0.547
1	157	0.002	1	342	11	11	1	0.652
1	158	0.003	1	162	11	11	1	0.691
1	159	0.003	1	385	11	11	1	0.764
1	160	0.003	2	332	13	13	1	0.835
1	161	0.003	1	267	11	11	1	0.746
1	162	0.003	1	89	11	11	1	0.642
1	163	0.004	1	518	11	11	1	0.635
1	164	0.004	1	381	11	11	1	0.688
1	165	0.004	1	146	11	11	1	0.858
1	166	0.004	1	181	11	11	1	0.882
1	167	0.004	1	185	11	11	1	0.778
1	168	0.005	1	546	11	NaN	0	NaN
1	169	0.005	2	448	13	13	1	0.665
1	170	0.005	1	135	11	11	1	0.690
1	171	0.005	1	237	11	11	1	0.712
1	172	0.005	1	312	11	11	1	0.674
1	173	0.006	1	165	11	11	1	0.600
1	174	0.006	1	302	11	11	1	0.495
1	175	0.006	2	513	13	11	0	0.599
1	176	0.006	1	442	11	11	1	0.767
1	177	0.006	2	458	13	13	1	0.662
1	178	0.006	1	493	11	11	1	0.558
1	179	0.007	1	509	11	11	1	0.518
1	180	0.007	1	167	11	11	1	0.782
1	181	0.007	1	21	11	NaN	0	NaN
1	182	0.007	1	61	11	NaN	0	NaN
1	183	0.007	1	345	11	11	1	0.054
1	184	0.008	1	471	11	11	1	0.798
1	185	0.008	1	440	11	11	1	0.743
1	186	0.008	1	54	11	11	1	0.750
1	187	0.008	1	16	11	11	1	0.693
1	188	0.008	1	439	11	11	1	0.572
1	189	0.009	1	232	11	11	1	0.614
1	190	0.009	1	184	11	13	0	0.846
1	191	0.009	1	454	11	11	1	0.564
1	192	0.009	1	60	11	11	1	0.413
1	193	0.009	1	209	11	11	1	0.516
1	194	0.010	1	6	11	11	1	0.635
1	195	0.010	1	316	11	11	1	0.531
1	196	0.010	1	500	11	11	1	0.461
1	197	0.010	1	75	11	11	1	0.498
1	198	0.010	1	375	11	11	1	0.636
1	199	0.011	1	206	11	NaN	0	NaN
1	200	0.011	1	430	11	11	1	0.155
1	201	0.011	1	138	11	11	1	0.243
1	202	0.011	1	46	11	11	1	0.330
1	203	0.011	1	404	11	11	1	0.644
1	204	0.012	1	32	11	11	1	0.555
1	205	0.012	1	176	11	11	1	0.785
1	206	0.012	1	229	11	11	1	0.744
1	207	0.012	1	438	11	11	1	0.689
1	208	0.012	1	429	11	11	1	0.666
1	209	0.012	1	96	11	11	1	0.722
1	210	0.013	1	14	11	11	1	0.697
1	211	0.013	1	111	11	11	1	0.641
1	212	0.013	1	301	11	11	1	0.761
1	213	0.013	1	520	11	11	1	0.671
1	214	0.013	1	469	11	11	1	0.537
1	215	0.014	1	519	11	NaN	0	NaN
1	216	0.014	2	197	13	13	1	0.695
1	217	0.014	1	39	11	11	1	0.465
1	218	0.014	2	331	13	11	0	0.471
1	219	0.001	1	247	11	11	1	0.477
1	220	0.001	1	432	11	11	1	0.500
1	221	0.001	1	517	11	11	1	0.508
1	222	0.002	1	486	11	11	1	0.467
1	223	0.002	1	44	11	11	1	0.413
1	224	0.002	2	484	13	11	0	0.466
1	225	0.002	1	262	11	11	1	0.589
1	226	0.002	1	331	11	11	1	0.516
1	227	0.003	1	334	11	11	1	0.556
1	228	0.003	1	137	11	11	1	0.532
1	229	0.003	1	38	11	11	1	0.633
1	230	0.003	1	174	11	11	1	0.691
1	231	0.003	1	248	11	11	1	0.619
1	232	0.003	1	97	11	11	1	0.721
1	233	0.004	1	468	11	11	1	0.651
1	234	0.004	2	545	13	13	1	0.801
1	235	0.004	1	204	11	11	1	0.650
1	236	0.004	1	450	11	11	1	0.624
1	237	0.005	1	451	11	11	1	0.633
1	238	0.005	1	368	11	11	1	0.576
1	239	0.005	1	280	11	11	1	0.584
1	240	0.005	1	275	11	11	1	0.465
1	241	0.005	1	384	11	11	1	0.457
1	242	0.006	1	53	11	11	1	0.415
1	243	0.006	1	202	11	11	1	0.375
1	244	0.006	2	347	13	11	0	0.351
1	245	0.006	1	343	11	11	1	0.408
1	246	0.006	1	231	11	11	1	0.561
1	247	0.007	1	484	11	11	1	0.759
1	248	0.007	1	79	11	NaN	0	NaN
1	249	0.007	1	335	11	11	1	0.232
1	250	0.007	1	214	11	11	1	0.431
1	251	0.007	1	424	11	11	1	0.469
1	252	0.007	1	337	11	11	1	0.398
1	253	0.008	1	453	11	11	1	0.389
1	254	0.008	1	278	11	11	1	0.493
1	255	0.008	2	537	13	13	1	0.645
1	256	0.008	1	246	11	11	1	0.399
1	257	0.008	1	329	11	11	1	0.374
1	258	0.009	1	219	11	11	1	0.301
1	259	0.009	1	328	11	11	1	0.389
1	260	0.009	1	533	11	11	1	0.396
1	261	0.009	1	283	11	11	1	0.517
1	262	0.009	1	191	11	11	1	0.477
1	263	0.010	2	59	13	11	0	0.500
1	264	0.010	1	298	11	11	1	0.539
1	265	0.010	1	347	11	11	1	0.405
1	266	0.010	1	93	11	11	1	0.507
1	267	0.010	1	207	11	11	1	0.565
1	268	0.011	1	477	11	11	1	0.507
1	269	0.011	1	399	11	11	1	0.578
1	270	0.011	1	522	11	11	1	0.569
1	271	0.011	1	41	11	11	1	0.659
1	272	0.011	1	113	11	11	1	0.572
1	273	0.012	1	495	11	11	1	0.610
1	274	0.012	1	173	11	11	1	0.634
1	275	0.012	1	43	11	NaN	0	NaN
1	276	0.012	1	273	11	11	1	0.089
1	277	0.012	1	284	11	11	1	0.689
1	278	0.012	1	141	11	11	1	0.730
1	279	0.013	1	355	11	NaN	0	NaN
1	280	0.013	1	296	11	11	1	0.729
1	281	0.013	1	512	11	11	1	0.576
1	282	0.013	2	433	13	13	1	0.631
1	283	0.013	2	373	13	13	1	0.640
1	284	0.014	1	258	11	11	1	0.696
1	285	0.014	2	383	13	13	1	0.575
1	286	0.014	1	154	11	11	1	0.598
1	287	0.014	1	3	11	11	1	0.543
1	288	0.001	2	240	13	13	1	0.612
1	289	0.001	1	394	11	11	1	0.540
1	290	0.001	1	502	11	11	1	0.659
1	291	0.002	1	56	11	11	1	0.523
1	292	0.002	1	286	11	11	1	0.532
1	293	0.002	1	317	11	11	1	0.604
1	294	0.002	1	157	11	11	1	0.596
1	295	0.002	1	269	11	11	1	0.572
1	296	0.003	1	240	11	11	1	0.723
1	297	0.003	1	449	11	11	1	0.842
1	298	0.003	1	100	11	11	1	0.785
1	299	0.003	1	311	11	11	1	0.715
1	300	0.003	1	84	11	11	1	0.753
1	301	0.004	1	513	11	11	1	0.699
1	302	0.004	1	142	11	11	1	0.643
1	303	0.004	1	532	11	11	1	0.585
1	304	0.004	1	180	11	11	1	0.593
1	305	0.004	1	291	11	11	1	0.523
1	306	0.005	2	324	13	13	1	0.562
1	307	0.005	1	490	11	11	1	0.536
1	308	0.005	1	373	11	11	1	0.512
1	309	0.005	1	419	11	11	1	0.474
1	310	0.005	1	107	11	11	1	0.578
1	311	0.006	1	379	11	11	1	0.633
1	312	0.006	1	186	11	11	1	0.591
1	313	0.006	1	236	11	11	1	0.598
1	314	0.006	2	525	13	13	1	0.625
1	315	0.006	1	402	11	11	1	0.455
1	316	0.007	1	504	11	11	1	0.366
1	317	0.007	2	30	13	11	0	0.375
1	318	0.007	1	151	11	11	1	0.415
1	319	0.007	1	510	11	11	1	0.488
1	320	0.007	1	434	11	11	1	0.382
1	321	0.007	1	243	11	11	1	0.453
1	322	0.008	1	179	11	11	1	0.430
1	323	0.008	1	497	11	11	1	0.439
1	324	0.008	1	365	11	11	1	0.463
1	325	0.008	1	455	11	11	1	0.567
1	326	0.008	1	463	11	11	1	0.492
1	327	0.009	1	531	11	11	1	0.405
1	328	0.009	1	230	11	11	1	0.316
1	329	0.009	1	160	11	11	1	0.260
1	330	0.009	1	336	11	11	1	0.189
1	331	0.009	1	225	11	11	1	0.404
1	332	0.010	1	201	11	11	1	0.412
1	333	0.010	1	320	11	11	1	0.373
1	334	0.010	2	265	13	13	1	0.589
1	335	0.010	1	105	11	11	1	0.610
1	336	0.010	1	299	11	11	1	0.555
1	337	0.011	1	470	11	11	1	0.500
1	338	0.011	1	492	11	11	1	0.491
1	339	0.011	2	195	13	13	1	0.852
1	340	0.011	1	164	11	11	1	0.619
1	341	0.011	1	447	11	11	1	0.529
1	342	0.012	1	503	11	11	1	0.665
1	343	0.012	1	287	11	11	1	0.514
1	344	0.012	1	363	11	11	1	0.427
1	345	0.012	1	260	11	11	1	0.530
1	346	0.012	1	117	11	11	1	0.409
1	347	0.013	1	421	11	11	1	0.466
1	348	0.013	1	47	11	11	1	0.426
1	349	0.013	1	376	11	11	1	0.433
1	350	0.013	2	456	13	11	0	0.378
1	351	0.013	1	525	11	11	1	0.529
1	352	0.013	1	228	11	11	1	0.441
1	353	0.014	1	313	11	11	1	0.352
1	354	0.014	1	388	11	11	1	0.313
1	355	0.014	1	467	11	11	1	0.463
1	356	0.014	1	130	11	11	1	0.457
1	357	0.001	1	488	11	11	1	0.492
1	358	0.001	1	108	11	11	1	0.563
1	359	0.001	1	322	11	11	1	0.507
1	360	0.002	1	507	11	11	1	0.484
1	361	0.002	1	526	11	11	1	0.571
1	362	0.002	1	464	11	11	1	0.500
1	363	0.002	1	371	11	11	1	0.570
1	364	0.002	1	239	11	11	1	0.485
1	365	0.003	2	479	13	13	1	0.588
1	366	0.003	1	548	11	11	1	0.787
1	367	0.003	1	475	11	11	1	0.682
1	368	0.003	1	408	11	11	1	0.596
1	369	0.003	1	196	11	11	1	0.587
1	370	0.003	1	66	11	NaN	0	NaN
1	371	0.004	2	91	13	13	1	0.699
1	372	0.004	1	361	11	11	1	0.498
1	373	0.004	1	24	11	11	1	0.457
1	374	0.004	1	153	11	11	1	0.418
1	375	0.005	1	216	11	11	1	0.650
1	376	0.005	1	233	11	11	1	0.528
1	377	0.005	1	42	11	11	1	0.888
1	378	0.005	1	535	11	11	1	0.816
1	379	0.005	1	169	11	11	1	0.744
1	380	0.006	2	454	13	13	1	0.817
1	381	0.006	1	338	11	11	1	0.679
1	382	0.006	1	332	11	11	1	0.608
1	383	0.006	1	83	11	11	1	0.711
1	384	0.006	2	8	13	11	0	0.656
1	385	0.007	1	403	11	11	1	0.630
1	386	0.007	1	155	11	11	1	0.528
1	387	0.007	1	161	11	11	1	0.439
1	388	0.007	1	462	11	11	1	0.544
1	389	0.007	1	485	11	11	1	0.551
1	390	0.007	1	305	11	11	1	0.446
1	391	0.008	1	129	11	11	1	0.503
1	392	0.008	1	193	11	11	1	0.446
1	393	0.008	1	245	11	11	1	0.582
1	394	0.008	1	540	11	11	1	0.428
1	395	0.008	1	254	11	11	1	0.326
1	396	0.009	1	288	11	11	1	0.364
1	397	0.009	1	409	11	11	1	0.309
1	398	0.009	1	121	11	11	1	0.267
1	399	0.009	1	534	11	11	1	0.438
1	400	0.009	1	18	11	11	1	0.412
1	401	0.010	1	383	11	11	1	0.469
1	402	0.010	1	516	11	11	1	0.555
1	403	0.010	1	172	11	11	1	0.579
1	404	0.010	1	444	11	11	1	0.540
1	405	0.010	1	405	11	11	1	0.531
1	406	0.011	1	277	11	11	1	0.507
1	407	0.011	1	360	11	11	1	0.644
1	408	0.011	1	496	11	11	1	0.587
1	409	0.011	1	400	11	11	1	0.483
1	410	0.011	2	339	13	11	0	0.683
1	411	0.012	1	349	11	11	1	0.530
1	412	0.012	1	133	11	11	1	0.458
1	413	0.012	1	423	11	11	1	0.291
1	414	0.012	1	85	11	11	1	0.266
1	415	0.012	1	80	11	11	1	0.242
1	416	0.013	1	199	11	11	1	0.568
1	417	0.013	1	125	11	11	1	0.529
1	418	0.013	1	40	11	11	1	0.553
1	419	0.013	1	250	11	11	1	0.482
1	420	0.013	2	409	13	13	1	0.585
1	421	0.013	1	297	11	11	1	0.529
1	422	0.014	1	76	11	11	1	0.647
1	423	0.014	1	364	11	11	1	0.640
1	424	0.014	1	527	11	11	1	0.631
1	425	0.014	1	115	11	11	1	0.639
1	426	0.001	1	481	11	11	1	0.612
1	427	0.001	1	401	11	11	1	0.587
1	428	0.001	1	52	11	11	1	0.453
1	429	0.002	2	131	13	13	1	0.716
1	430	0.002	1	251	11	11	1	0.564
1	431	0.002	1	359	11	11	1	0.555
1	432	0.002	1	545	11	11	1	0.628
1	433	0.002	1	461	11	11	1	0.603
1	434	0.003	1	523	11	11	1	0.547
1	435	0.003	2	55	13	13	1	0.586
1	436	0.003	1	476	11	11	1	0.404
1	437	0.003	1	285	11	11	1	0.395
1	438	0.003	1	314	11	11	1	0.593
1	439	0.004	1	188	11	11	1	0.793
1	440	0.004	1	323	11	11	1	0.627
1	441	0.004	1	82	11	11	1	0.489
1	442	0.004	1	398	11	11	1	0.658
1	443	0.004	1	543	11	11	1	0.601
1	444	0.005	1	390	11	11	1	0.466
1	445	0.005	1	227	11	11	1	0.569
1	446	0.005	1	51	11	11	1	0.527
1	447	0.005	2	160	13	13	1	0.600
1	448	0.005	1	19	11	11	1	0.432
1	449	0.006	1	69	11	11	1	0.424
1	450	0.006	1	505	11	11	1	0.385
1	451	0.006	1	57	11	11	1	0.408
1	452	0.006	1	253	11	11	1	0.367
1	453	0.006	1	187	11	11	1	0.343
1	454	0.007	1	348	11	11	1	0.401
1	455	0.007	1	445	11	11	1	0.374
1	456	0.007	1	389	11	11	1	0.416
1	457	0.007	1	11	11	11	1	0.438
1	458	0.007	1	407	11	11	1	0.415
1	459	0.008	1	341	11	11	1	0.422
1	460	0.008	1	386	11	11	1	0.447
1	461	0.008	2	550	13	13	1	0.614
1	462	0.008	1	55	11	11	1	0.636
1	463	0.008	1	346	11	11	1	0.518
1	464	0.008	1	324	11	11	1	0.494
1	465	0.009	2	199	13	13	1	0.596
1	466	0.009	1	524	11	11	1	0.412
1	467	0.009	1	350	11	11	1	0.357
1	468	0.009	2	41	13	11	0	0.334
1	469	0.009	1	435	11	11	1	0.324
1	470	0.010	1	166	11	11	1	0.331
1	471	0.010	1	68	11	11	1	0.389
1	472	0.010	1	308	11	11	1	0.475
1	473	0.010	1	547	11	11	1	0.532
1	474	0.010	1	340	11	11	1	0.491
1	475	0.011	2	362	13	13	1	0.628
1	476	0.011	1	64	11	11	1	0.492
1	477	0.011	1	203	11	11	1	0.674
1	478	0.011	1	351	11	11	1	0.555
1	479	0.011	2	226	13	11	0	0.467
1	480	0.012	1	487	11	11	1	0.427
1	481	0.012	1	357	11	11	1	0.416
1	482	0.012	1	377	11	11	1	0.457
1	483	0.012	1	354	11	11	1	0.499
1	484	0.012	1	457	11	11	1	0.489
1	485	0.012	1	441	11	11	1	0.384
1	486	0.013	1	456	11	11	1	0.441
1	487	0.013	1	194	11	11	1	0.401
1	488	0.013	1	387	11	11	1	0.344
1	489	0.013	1	380	11	11	1	0.241
1	490	0.013	1	145	11	11	1	0.311
1	491	0.014	1	205	11	11	1	0.305
1	492	0.014	1	391	11	11	1	0.327
1	493	0.014	1	290	11	11	1	0.303
1	494	0.014	1	271	11	11	1	0.343
1	495	0.001	1	77	11	11	1	0.429
1	496	0.001	1	528	11	11	1	0.323
1	497	0.002	1	353	11	11	1	0.318
1	498	0.002	1	20	11	11	1	0.340
1	499	0.002	1	25	11	11	1	0.331
1	500	0.002	1	426	11	11	1	0.530

*********************************************
* Sustained Attention and Recognition Memory Experiment - Memory Test v.1.0
* Date/Time: 03-Feb-2015 12:42:53
* Seed: 211306.4624
* Subject Number: 65
* Subject Name: LM
* Run Number: 1
* debug: 0
*********************************************

1	1	2	2	324	33	1	6.575
1	2	2	4	134	30	1	1.929
1	3	1	3	289	32	0	3.345
1	4	1	1	442	30	0	1.679
1	5	2	4	101	31	1	3.137
1	6	1	1	198	33	1	2.014
1	7	2	4	21	30	1	1.411
1	8	2	2	59	33	1	1.541
1	9	1	3	62	31	1	3.556
1	10	2	4	392	30	1	1.846
1	11	1	3	213	30	1	2.249
1	12	2	2	273	32	1	2.639
1	13	1	1	186	33	1	1.821
1	14	1	1	443	32	1	3.101
1	15	1	3	195	32	0	1.716
1	16	1	1	351	33	1	1.635
1	17	1	3	90	32	0	1.805
1	18	1	1	280	30	0	2.600
1	19	2	2	545	31	0	4.200
1	20	1	3	416	31	1	6.584
1	21	2	2	104	33	1	2.080
1	22	2	4	338	31	1	2.293
1	23	1	3	9	30	1	2.178
1	24	1	3	1	30	1	2.656
1	25	2	2	409	33	1	1.489
1	26	2	4	44	31	1	3.225
1	27	2	2	537	33	1	1.935
1	28	1	1	449	33	1	1.265
1	29	2	2	453	31	0	3.064
1	30	1	3	472	31	1	1.521
1	31	2	4	114	31	1	2.466
1	32	2	4	193	30	1	1.678
1	33	1	3	420	31	1	2.560
1	34	2	4	186	32	0	1.936
1	35	1	1	285	33	1	1.481
1	36	1	1	391	32	1	2.051
1	37	2	2	427	33	1	1.553
1	38	1	1	526	31	0	2.257
1	39	1	1	179	33	1	1.110
1	40	1	3	241	31	1	1.620
1	41	2	4	214	31	1	1.916
1	42	1	3	446	30	1	1.118
1	43	1	3	103	31	1	1.255
1	44	2	4	455	30	1	1.393
1	45	2	4	27	31	1	1.553
1	46	1	3	537	32	0	1.877
1	47	1	1	527	32	1	1.538
1	48	2	2	92	31	0	2.523
1	49	2	4	477	31	1	1.478
1	50	1	1	378	31	0	2.384
1	51	2	2	227	33	1	1.335
1	52	2	2	250	30	0	2.306
1	53	2	2	383	33	1	0.964
1	54	1	3	506	31	1	1.796
1	55	1	3	478	32	0	1.287
1	56	1	3	414	30	1	1.671
1	57	1	3	149	30	1	1.134
1	58	2	2	332	33	1	1.414
1	59	2	2	484	32	1	1.606
1	60	1	1	513	33	1	0.912
1	61	1	3	222	33	0	1.052
1	62	1	1	489	31	0	3.425
1	63	1	3	26	32	0	0.951
1	64	1	1	74	31	0	1.380
1	65	2	4	58	31	1	2.338
1	66	1	3	10	33	0	2.008
1	67	2	4	539	31	1	0.975
1	68	2	2	331	32	1	1.663
1	69	2	2	160	30	0	1.918
1	70	2	2	373	31	0	2.385
1	71	1	3	499	33	0	2.927
1	72	2	2	347	31	0	1.112
1	73	2	2	398	31	0	1.203
1	74	1	1	451	33	1	2.056
1	75	1	3	268	32	0	1.011
1	76	1	3	178	31	1	1.393
1	77	1	1	218	33	1	0.984
1	78	1	1	470	31	0	2.786
1	79	1	3	411	31	1	1.360
1	80	2	2	8	32	1	1.604
1	81	1	3	465	32	0	1.438
1	82	2	4	471	32	0	2.254
1	83	1	1	207	30	0	2.115
1	84	1	3	98	30	1	1.422
1	85	1	1	42	33	1	4.455
1	86	2	2	525	32	1	1.588
1	87	2	4	109	31	1	1.633
1	88	1	3	212	30	1	1.365
1	89	1	1	162	31	0	1.039
1	90	1	1	23	32	1	1.420
1	91	1	1	100	32	1	1.528
1	92	1	1	397	33	1	3.040
1	93	2	4	437	31	1	1.218
1	94	1	3	452	32	0	1.320
1	95	2	2	265	33	1	1.073
1	96	1	1	444	31	0	1.464
1	97	2	4	546	31	1	1.497
1	98	2	4	313	31	1	1.494
1	99	1	3	249	31	1	1.714
1	100	2	2	458	30	0	2.022
1	101	2	4	28	30	1	1.256
1	102	1	1	512	32	1	2.212
1	103	2	2	362	31	0	2.147
1	104	2	2	55	33	1	1.120
1	105	1	3	197	31	1	1.729
1	106	1	1	543	31	0	1.080
1	107	1	1	185	32	1	1.442
1	108	1	1	510	31	0	1.505
1	109	1	1	229	30	0	1.189
1	110	2	2	550	30	0	1.459
1	111	2	4	451	31	1	1.800
1	112	2	2	433	32	1	1.610
1	113	2	4	361	32	0	2.196
1	114	1	3	200	32	0	1.376
1	115	2	4	187	30	1	1.269
1	116	1	1	340	31	0	1.822
1	117	2	4	258	30	1	1.344
1	118	2	4	294	30	1	1.294
1	119	2	4	277	30	1	0.887
1	120	2	4	380	30	1	2.030
1	121	2	2	513	31	0	1.804
1	122	2	4	217	31	1	0.768
1	123	1	1	39	32	1	1.174
1	124	2	4	177	31	1	1.153
1	125	2	2	479	32	1	1.136
1	126	2	2	274	32	1	0.834
1	127	2	2	41	33	1	1.111
1	128	2	4	255	32	0	0.797
1	129	2	2	454	30	0	1.678
1	130	2	4	530	30	1	1.429
1	131	2	2	149	30	0	1.123
1	132	2	4	119	31	1	1.831
1	133	1	1	482	33	1	1.382
1	134	1	3	58	30	1	1.296
1	135	2	2	30	30	0	1.739
1	136	2	4	386	30	1	0.926
1	137	2	2	456	30	0	1.024
1	138	1	3	274	33	0	1.464
1	139	2	4	66	31	1	1.472
1	140	1	1	430	32	1	1.538
1	141	1	3	539	32	0	0.782
1	142	1	3	15	33	0	0.848
1	143	1	1	462	33	1	0.655
1	144	2	4	465	32	0	1.666
1	145	1	3	183	31	1	1.761
1	146	1	3	221	30	1	1.683
1	147	1	1	412	30	0	1.624
1	148	2	4	96	33	0	1.045
1	149	1	1	376	32	1	1.956
1	150	1	3	31	30	1	1.299
1	151	2	4	33	30	1	1.101
1	152	1	1	187	30	0	1.773
1	153	1	1	532	31	0	1.231
1	154	1	3	270	31	1	1.720
1	155	2	2	448	30	0	1.662
1	156	1	1	28	32	1	1.368
1	157	1	3	118	30	1	1.039
1	158	2	2	226	30	0	2.116
1	159	2	4	423	30	1	1.117
1	160	2	2	431	32	1	2.687
1	161	1	1	292	30	0	1.600
1	162	2	2	237	31	0	1.588
1	163	1	1	396	30	0	1.125
1	164	2	2	131	33	1	1.205
1	165	2	4	420	31	1	1.297
1	166	2	4	376	31	1	2.290
1	167	1	3	8	31	1	0.880
1	168	1	3	474	31	1	0.751
1	169	2	4	166	30	1	1.026
1	170	2	2	240	31	0	2.260
1	171	2	2	474	31	0	1.128
1	172	1	3	272	30	1	1.359
1	173	2	2	197	31	0	1.232
1	174	1	3	339	30	1	1.111
1	175	2	2	91	30	0	0.921
1	176	2	4	156	30	1	0.977
1	177	2	2	339	30	0	1.484
1	178	2	4	48	31	1	1.932
1	179	1	3	300	31	1	2.579
1	180	2	4	11	31	1	1.287
1	181	1	1	190	31	0	1.543
1	182	1	3	223	31	1	1.277
1	183	2	4	301	31	1	2.783
1	184	1	3	215	30	1	1.384
1	185	1	3	276	30	1	1.145
1	186	1	1	359	30	0	1.125
1	187	2	2	524	31	0	2.040
1	188	1	3	147	31	1	2.388
1	189	2	2	199	32	1	1.747
1	190	2	4	43	30	1	1.581
1	191	2	4	371	30	1	0.867
1	192	2	2	195	30	0	1.251
1	193	1	1	466	32	1	1.901
1	194	2	2	6	33	1	1.459
1	195	1	1	301	30	0	1.489
1	196	1	1	323	33	1	1.570
1	197	2	4	508	30	1	1.551
1	198	2	4	105	30	1	0.984
1	199	1	1	111	30	0	0.706
1	200	1	1	16	32	1	1.232
