
*********************************************
* Sustained Attention and Recognition Memory Experiment - Sustained Attention Task v.1.0
* Date/Time: 16-Feb-2015 13:31:55
* Seed: 211632.603
* Subject Number: 75
* Subject Name: TR
* Run Number: 1
* debug: 0
*********************************************

run	trl	tdf	sct	simg	crsp	rsp	acc	rt
1	1	0.012	1	403	11	11	1	0.586
1	2	0.013	2	194	13	13	1	0.577
1	3	0.013	1	528	11	13	0	0.443
1	4	0.013	1	545	11	13	0	0.466
1	5	0.013	1	201	11	11	1	0.859
1	6	0.013	1	462	11	11	1	0.531
1	7	0.013	1	316	11	11	1	0.490
1	8	0.014	1	511	11	11	1	0.370
1	9	0.014	1	38	11	11	1	0.552
1	10	0.014	1	497	11	11	1	0.434
1	11	0.014	1	251	11	11	1	0.536
1	12	0.001	1	79	11	11	1	0.415
1	13	0.001	1	303	11	11	1	0.358
1	14	0.001	1	174	11	11	1	0.348
1	15	0.002	1	313	11	11	1	0.582
1	16	0.002	1	314	11	11	1	0.511
1	17	0.002	1	447	11	11	1	0.372
1	18	0.002	2	339	13	13	1	0.412
1	19	0.002	1	115	11	11	1	0.515
1	20	0.003	1	4	11	11	1	0.412
1	21	0.003	1	421	11	11	1	0.324
1	22	0.003	2	82	13	13	1	0.396
1	23	0.003	1	182	11	11	1	0.532
1	24	0.003	1	318	11	11	1	0.541
1	25	0.004	1	458	11	11	1	0.418
1	26	0.004	1	489	11	11	1	0.299
1	27	0.004	1	276	11	11	1	0.387
1	28	0.004	1	455	11	11	1	0.394
1	29	0.004	1	476	11	11	1	0.403
1	30	0.005	1	133	11	11	1	0.363
1	31	0.005	1	192	11	11	1	0.338
1	32	0.005	1	319	11	11	1	0.314
1	33	0.005	1	120	11	11	1	0.306
1	34	0.005	1	78	11	11	1	0.377
1	35	0.006	1	433	11	11	1	0.353
1	36	0.006	1	72	11	11	1	0.298
1	37	0.006	1	534	11	11	1	0.338
1	38	0.006	1	348	11	11	1	0.392
1	39	0.006	1	66	11	11	1	0.304
1	40	0.007	1	478	11	11	1	0.346
1	41	0.007	1	117	11	13	0	0.385
1	42	0.007	1	24	11	11	1	0.569
1	43	0.007	1	389	11	11	1	0.527
1	44	0.007	1	199	11	11	1	0.407
1	45	0.007	2	272	13	11	0	0.449
1	46	0.008	1	440	11	11	1	0.455
1	47	0.008	1	446	11	11	1	0.431
1	48	0.008	1	122	11	11	1	0.376
1	49	0.008	1	140	11	11	1	0.400
1	50	0.008	1	369	11	11	1	0.328
1	51	0.009	2	229	13	11	0	0.335
1	52	0.009	1	55	11	11	1	0.582
1	53	0.009	1	410	11	11	1	0.557
1	54	0.009	1	193	11	11	1	0.372
1	55	0.009	2	353	13	13	1	0.462
1	56	0.010	1	385	11	11	1	0.438
1	57	0.010	1	541	11	11	1	0.557
1	58	0.010	1	474	11	11	1	0.628
1	59	0.010	1	467	11	11	1	0.588
1	60	0.010	1	9	11	11	1	0.436
1	61	0.011	1	547	11	11	1	0.397
1	62	0.011	1	172	11	11	1	0.435
1	63	0.011	1	223	11	11	1	0.396
1	64	0.011	1	230	11	11	1	0.357
1	65	0.011	1	393	11	11	1	0.555
1	66	0.012	1	144	11	11	1	0.450
1	67	0.012	1	378	11	11	1	0.364
1	68	0.012	1	111	11	11	1	0.402
1	69	0.012	1	168	11	11	1	0.332
1	70	0.012	1	274	11	11	1	0.385
1	71	0.012	2	39	13	13	1	0.474
1	72	0.013	1	175	11	11	1	0.610
1	73	0.013	2	226	13	13	1	0.747
1	74	0.013	1	349	11	11	1	0.561
1	75	0.013	1	407	11	11	1	0.521
1	76	0.013	1	452	11	11	1	0.608
1	77	0.014	1	218	11	11	1	0.490
1	78	0.014	1	100	11	11	1	0.434
1	79	0.014	1	359	11	11	1	0.362
1	80	0.014	1	416	11	11	1	0.320
1	81	0.001	1	238	11	11	1	0.327
1	82	0.001	2	496	13	13	1	0.493
1	83	0.001	1	47	11	11	1	0.453
1	84	0.002	1	521	11	11	1	0.750
1	85	0.002	1	150	11	11	1	0.612
1	86	0.002	2	548	13	13	1	0.526
1	87	0.002	1	493	11	11	1	0.516
1	88	0.002	1	252	11	11	1	0.556
1	89	0.003	1	469	11	11	1	0.500
1	90	0.003	1	329	11	11	1	0.398
1	91	0.003	1	26	11	11	1	0.387
1	92	0.003	1	350	11	11	1	0.332
1	93	0.003	1	323	11	11	1	0.531
1	94	0.004	1	141	11	11	1	0.523
1	95	0.004	2	150	13	11	0	0.499
1	96	0.004	1	324	11	11	1	0.426
1	97	0.004	1	244	11	11	1	0.435
1	98	0.004	2	517	13	13	1	0.491
1	99	0.005	2	49	13	13	1	0.435
1	100	0.005	1	540	11	11	1	0.363
1	101	0.005	1	453	11	11	1	0.401
1	102	0.005	1	198	11	11	1	0.619
1	103	0.005	1	73	11	11	1	0.546
1	104	0.006	1	408	11	11	1	0.459
1	105	0.006	1	282	11	11	1	0.385
1	106	0.006	1	171	11	11	1	0.490
1	107	0.006	1	249	11	11	1	0.434
1	108	0.006	1	67	11	11	1	0.392
1	109	0.007	1	519	11	11	1	0.448
1	110	0.007	1	484	11	13	0	0.506
1	111	0.007	1	514	11	11	1	0.704
1	112	0.007	1	46	11	11	1	0.584
1	113	0.007	1	358	11	11	1	0.478
1	114	0.007	1	424	11	11	1	0.504
1	115	0.008	1	291	11	11	1	0.432
1	116	0.008	1	42	11	11	1	0.406
1	117	0.008	1	352	11	11	1	0.622
1	118	0.008	1	94	11	11	1	0.599
1	119	0.008	1	307	11	11	1	0.495
1	120	0.009	1	464	11	11	1	0.518
1	121	0.009	1	202	11	11	1	0.478
1	122	0.009	1	516	11	11	1	0.581
1	123	0.009	1	87	11	11	1	0.559
1	124	0.009	1	60	11	11	1	0.437
1	125	0.010	1	186	11	11	1	0.413
1	126	0.010	1	322	11	11	1	0.390
1	127	0.010	1	81	11	11	1	0.348
1	128	0.010	1	267	11	11	1	0.339
1	129	0.010	2	175	13	13	1	0.477
1	130	0.011	1	480	11	11	1	0.404
1	131	0.011	1	253	11	11	1	0.365
1	132	0.011	1	189	11	11	1	0.437
1	133	0.011	1	526	11	11	1	0.523
1	134	0.011	1	327	11	11	1	0.453
1	135	0.012	1	434	11	11	1	0.443
1	136	0.012	1	345	11	11	1	0.388
1	137	0.012	1	264	11	11	1	0.410
1	138	0.012	1	300	11	11	1	0.372
1	139	0.012	1	266	11	11	1	0.395
1	140	0.013	1	320	11	11	1	0.642
1	141	0.013	1	48	11	11	1	0.586
1	142	0.013	1	102	11	11	1	0.515
1	143	0.013	1	398	11	11	1	0.459
1	144	0.013	1	422	11	11	1	0.417
1	145	0.014	1	151	11	11	1	0.473
1	146	0.014	1	203	11	11	1	0.402
1	147	0.014	1	265	11	11	1	0.265
1	148	0.014	1	310	11	11	1	0.402
1	149	0.014	2	465	13	13	1	0.649
1	150	0.001	1	113	11	11	1	0.557
1	151	0.001	1	532	11	11	1	0.500
1	152	0.001	1	212	11	11	1	0.431
1	153	0.002	1	343	11	11	1	0.324
1	154	0.002	1	269	11	11	1	0.268
1	155	0.002	2	454	13	11	0	0.244
1	156	0.002	1	33	11	11	1	0.382
1	157	0.002	1	374	11	11	1	0.422
1	158	0.003	1	506	11	11	1	0.364
1	159	0.003	1	241	11	11	1	0.468
1	160	0.003	1	356	11	11	1	0.380
1	161	0.003	1	441	11	11	1	0.373
1	162	0.003	1	245	11	11	1	0.397
1	163	0.004	1	70	11	11	1	0.373
1	164	0.004	1	119	11	11	1	0.378
1	165	0.004	1	370	11	11	1	0.372
1	166	0.004	1	550	11	11	1	0.331
1	167	0.004	1	232	11	11	1	0.386
1	168	0.005	1	353	11	11	1	0.297
1	169	0.005	1	288	11	11	1	0.305
1	170	0.005	1	50	11	11	1	0.282
1	171	0.005	1	190	11	11	1	0.306
1	172	0.005	1	548	11	11	1	0.379
1	173	0.006	1	456	11	11	1	0.306
1	174	0.006	1	305	11	11	1	0.312
1	175	0.006	1	429	11	11	1	0.322
1	176	0.006	1	86	11	11	1	0.281
1	177	0.006	1	391	11	11	1	0.353
1	178	0.007	1	205	11	11	1	0.312
1	179	0.007	2	58	13	13	1	0.415
1	180	0.007	2	88	13	13	1	0.504
1	181	0.007	1	3	11	11	1	0.432
1	182	0.007	2	132	13	11	0	0.376
1	183	0.008	1	13	11	11	1	0.479
1	184	0.008	2	195	13	13	1	0.502
1	185	0.008	1	277	11	11	1	0.481
1	186	0.008	1	233	11	11	1	0.392
1	187	0.008	1	272	11	11	1	0.415
1	188	0.008	1	527	11	11	1	0.390
1	189	0.009	1	243	11	11	1	0.398
1	190	0.009	1	177	11	11	1	0.359
1	191	0.009	1	390	11	11	1	0.382
1	192	0.009	1	148	11	11	1	0.359
1	193	0.009	1	278	11	11	1	0.350
1	194	0.010	1	44	11	11	1	0.358
1	195	0.010	1	235	11	11	1	0.318
1	196	0.010	1	360	11	11	1	0.325
1	197	0.010	1	280	11	11	1	0.332
1	198	0.010	2	203	13	11	0	0.436
1	199	0.011	1	118	11	11	1	0.445
1	200	0.011	1	116	11	11	1	0.406
1	201	0.011	1	176	11	11	1	0.302
1	202	0.011	1	549	11	11	1	0.403
1	203	0.011	1	465	11	11	1	0.330
1	204	0.012	1	64	11	11	1	0.293
1	205	0.012	1	461	11	11	1	0.426
1	206	0.012	1	108	11	11	1	0.372
1	207	0.012	1	488	11	11	1	0.426
1	208	0.012	1	262	11	11	1	0.452
1	209	0.013	1	135	11	11	1	0.409
1	210	0.013	1	388	11	11	1	0.451
1	211	0.013	1	355	11	NaN	0	NaN
1	212	0.013	1	183	11	11	1	0.867
1	213	0.013	1	263	11	11	1	0.777
1	214	0.013	1	51	11	11	1	0.643
1	215	0.014	1	216	11	11	1	0.504
1	216	0.014	1	279	11	11	1	0.497
1	217	0.014	1	425	11	11	1	0.424
1	218	0.001	2	106	13	13	1	0.462
1	219	0.001	1	438	11	11	1	0.503
1	220	0.001	1	161	11	11	1	0.463
1	221	0.001	1	454	11	11	1	0.518
1	222	0.002	1	432	11	11	1	0.508
1	223	0.002	1	509	11	11	1	0.437
1	224	0.002	1	88	11	11	1	0.380
1	225	0.002	1	215	11	11	1	0.436
1	226	0.002	1	380	11	11	1	0.380
1	227	0.003	1	159	11	11	1	0.372
1	228	0.003	1	93	11	11	1	0.363
1	229	0.003	1	20	11	11	1	0.293
1	230	0.003	2	408	13	13	1	0.493
1	231	0.003	1	107	11	11	1	0.482
1	232	0.004	1	12	11	11	1	0.426
1	233	0.004	1	397	11	11	1	0.403
1	234	0.004	2	514	13	13	1	0.427
1	235	0.004	1	525	11	11	1	0.452
1	236	0.004	1	57	11	11	1	0.378
1	237	0.005	2	64	13	11	0	0.450
1	238	0.005	2	36	13	11	0	0.362
1	239	0.005	1	8	11	11	1	0.450
1	240	0.005	1	18	11	11	1	0.346
1	241	0.005	1	153	11	11	1	0.355
1	242	0.006	1	413	11	11	1	0.330
1	243	0.006	1	392	11	11	1	0.320
1	244	0.006	2	464	13	13	1	0.472
1	245	0.006	1	466	11	11	1	0.402
1	246	0.006	1	409	11	11	1	0.378
1	247	0.007	1	143	11	11	1	0.386
1	248	0.007	1	56	11	11	1	0.407
1	249	0.007	1	236	11	11	1	0.384
1	250	0.007	1	213	11	11	1	0.327
1	251	0.007	1	285	11	11	1	0.400
1	252	0.008	2	429	13	11	0	0.391
1	253	0.008	1	463	11	11	1	0.384
1	254	0.008	1	155	11	11	1	0.647
1	255	0.008	1	260	11	11	1	0.543
1	256	0.008	1	331	11	11	1	0.454
1	257	0.008	1	450	11	11	1	0.478
1	258	0.009	1	257	11	11	1	0.422
1	259	0.009	2	253	13	13	1	0.414
1	260	0.009	1	214	11	11	1	0.342
1	261	0.009	1	75	11	11	1	0.511
1	262	0.009	1	247	11	11	1	0.455
1	263	0.010	1	90	11	11	1	0.365
1	264	0.010	1	294	11	11	1	0.388
1	265	0.010	1	332	11	11	1	0.334
1	266	0.010	1	417	11	11	1	0.483
1	267	0.010	1	184	11	11	1	0.396
1	268	0.011	1	361	11	11	1	0.389
1	269	0.011	1	500	11	11	1	0.348
1	270	0.011	1	157	11	11	1	0.324
1	271	0.011	1	512	11	11	1	0.283
1	272	0.011	1	376	11	11	1	0.340
1	273	0.012	1	146	11	11	1	0.347
1	274	0.012	1	104	11	11	1	0.290
1	275	0.012	1	301	11	11	1	0.220
1	276	0.012	2	406	13	11	0	0.275
1	277	0.012	1	231	11	11	1	0.409
1	278	0.013	1	167	11	11	1	0.324
1	279	0.013	1	127	11	11	1	0.330
1	280	0.013	1	222	11	11	1	0.307
1	281	0.013	1	170	11	11	1	0.347
1	282	0.013	1	415	11	11	1	0.385
1	283	0.014	1	103	11	11	1	0.698
1	284	0.014	1	542	11	11	1	0.577
1	285	0.014	1	375	11	11	1	0.489
1	286	0.014	1	414	11	11	1	0.466
1	287	0.001	1	206	11	11	1	0.854
1	288	0.001	1	92	11	11	1	0.605
1	289	0.001	1	271	11	11	1	0.438
1	290	0.002	1	152	11	11	1	0.412
1	291	0.002	1	539	11	11	1	0.375
1	292	0.002	1	185	11	11	1	0.349
1	293	0.002	1	246	11	11	1	0.356
1	294	0.002	1	68	11	11	1	0.379
1	295	0.002	1	29	11	11	1	0.453
1	296	0.003	1	401	11	11	1	0.460
1	297	0.003	1	384	11	11	1	0.435
1	298	0.003	1	160	11	11	1	0.380
1	299	0.003	1	137	11	11	1	0.435
1	300	0.003	1	334	11	13	0	0.523
1	301	0.004	2	469	13	13	1	0.531
1	302	0.004	1	473	11	11	1	0.491
1	303	0.004	1	40	11	11	1	0.628
1	304	0.004	1	197	11	11	1	0.506
1	305	0.004	1	7	11	11	1	0.339
1	306	0.005	1	428	11	11	1	0.313
1	307	0.005	1	11	11	11	1	0.516
1	308	0.005	1	281	11	11	1	0.443
1	309	0.005	1	367	11	11	1	0.417
1	310	0.005	1	406	11	11	1	0.424
1	311	0.006	1	39	11	11	1	0.354
1	312	0.006	1	537	11	11	1	0.392
1	313	0.006	1	250	11	11	1	0.592
1	314	0.006	1	518	11	11	1	0.538
1	315	0.006	1	89	11	11	1	0.450
1	316	0.006	1	308	11	11	1	0.408
1	317	0.007	1	147	11	11	1	0.400
1	318	0.007	1	191	11	11	1	0.393
1	319	0.007	1	80	11	11	1	0.385
1	320	0.007	1	179	11	11	1	0.358
1	321	0.008	1	289	11	11	1	0.337
1	322	0.008	1	126	11	11	1	0.360
1	323	0.008	1	295	11	11	1	0.350
1	324	0.008	1	62	11	11	1	0.342
1	325	0.008	1	256	11	11	1	0.302
1	326	0.009	1	341	11	11	1	0.373
1	327	0.009	1	372	11	11	1	0.384
1	328	0.009	1	210	11	11	1	0.421
1	329	0.009	1	481	11	11	1	0.446
1	330	0.009	1	522	11	11	1	0.439
1	331	0.009	1	273	11	11	1	0.414
1	332	0.010	1	498	11	11	1	0.358
1	333	0.010	1	491	11	11	1	0.382
1	334	0.010	1	105	11	11	1	0.805
1	335	0.010	1	448	11	11	1	0.588
1	336	0.010	1	482	11	11	1	0.452
1	337	0.011	1	217	11	11	1	0.333
1	338	0.011	1	124	11	11	1	0.307
1	339	0.011	1	41	11	11	1	0.299
1	340	0.011	1	287	11	11	1	0.323
1	341	0.011	1	483	11	11	1	0.413
1	342	0.012	1	37	11	11	1	0.338
1	343	0.012	1	27	11	11	1	0.252
1	344	0.012	1	248	11	11	1	0.194
1	345	0.012	1	188	11	11	1	0.332
1	346	0.012	1	371	11	11	1	0.290
1	347	0.012	1	472	11	11	1	0.233
1	348	0.013	1	221	11	11	1	0.241
1	349	0.013	1	486	11	11	1	0.267
1	350	0.013	1	2	11	11	1	0.323
1	351	0.013	1	330	11	11	1	0.377
1	352	0.014	1	399	11	11	1	0.322
1	353	0.014	1	339	11	11	1	0.393
1	354	0.014	1	227	11	11	1	0.386
1	355	0.014	1	363	11	11	1	0.361
1	356	0.001	1	338	11	11	1	0.336
1	357	0.001	1	475	11	11	1	0.293
1	358	0.001	2	498	13	11	0	0.302
1	359	0.001	1	418	11	11	1	0.373
1	360	0.002	1	96	11	11	1	0.573
1	361	0.002	1	328	11	11	1	0.470
1	362	0.002	1	337	11	11	1	0.350
1	363	0.002	1	297	11	11	1	0.325
1	364	0.003	1	101	11	11	1	0.332
1	365	0.003	1	114	11	11	1	0.275
1	366	0.003	1	211	11	11	1	0.268
1	367	0.003	1	383	11	11	1	0.292
1	368	0.003	1	364	11	11	1	0.363
1	369	0.003	1	342	11	11	1	0.307
1	370	0.004	1	411	11	11	1	0.300
1	371	0.004	2	157	13	11	0	0.291
1	372	0.004	1	354	11	11	1	0.347
1	373	0.004	1	169	11	11	1	0.355
1	374	0.004	1	381	11	11	1	0.297
1	375	0.005	1	420	11	11	1	0.276
1	376	0.005	1	523	11	11	1	0.265
1	377	0.005	2	75	13	11	0	0.274
1	378	0.005	1	196	11	11	1	0.282
1	379	0.005	1	164	11	11	1	0.274
1	380	0.006	1	387	11	11	1	0.249
1	381	0.006	1	194	11	11	1	0.304
1	382	0.006	1	259	11	11	1	0.299
1	383	0.006	2	247	13	11	0	0.241
1	384	0.006	2	258	13	13	1	0.568
1	385	0.006	2	148	13	13	1	0.481
1	386	0.007	1	49	11	11	1	0.409
1	387	0.007	1	496	11	11	1	0.464
1	388	0.007	1	255	11	11	1	0.393
1	389	0.007	1	76	11	11	1	0.560
1	390	0.008	1	439	11	11	1	0.456
1	391	0.008	2	317	13	13	1	0.415
1	392	0.008	1	444	11	13	0	0.439
1	393	0.008	1	536	11	11	1	0.526
1	394	0.008	1	490	11	11	1	0.424
1	395	0.009	1	187	11	11	1	0.431
1	396	0.009	1	426	11	11	1	0.438
1	397	0.009	1	83	11	11	1	0.511
1	398	0.009	1	43	11	11	1	0.549
1	399	0.009	1	145	11	11	1	0.493
1	400	0.009	2	174	13	13	1	0.551
1	401	0.010	1	162	11	11	1	0.525
1	402	0.010	1	1	11	11	1	0.532
1	403	0.010	1	208	11	11	1	0.444
1	404	0.010	1	19	11	11	1	0.438
1	405	0.010	1	412	11	11	1	0.428
1	406	0.011	1	368	11	11	1	0.372
1	407	0.011	2	1	13	13	1	0.460
1	408	0.011	1	386	11	11	1	0.532
1	409	0.011	1	224	11	11	1	0.524
1	410	0.011	1	325	11	11	1	0.485
1	411	0.012	1	293	11	11	1	0.427
1	412	0.012	1	443	11	13	0	0.515
1	413	0.012	1	427	11	11	1	0.570
1	414	0.012	1	309	11	11	1	0.451
1	415	0.012	1	365	11	11	1	0.540
1	416	0.013	1	109	11	11	1	0.418
1	417	0.013	1	531	11	11	1	0.362
1	418	0.013	2	287	13	11	0	0.388
1	419	0.013	2	425	13	13	1	0.538
1	420	0.013	1	91	11	11	1	0.514
1	421	0.014	1	357	11	11	1	0.618
1	422	0.014	1	63	11	11	1	0.578
1	423	0.014	1	229	11	11	1	0.473
1	424	0.014	1	404	11	11	1	0.481
1	425	0.001	1	131	11	11	1	0.471
1	426	0.001	1	134	11	11	1	0.479
1	427	0.001	1	394	11	11	1	0.469
1	428	0.002	1	396	11	11	1	0.462
1	429	0.002	1	59	11	11	1	0.437
1	430	0.002	2	310	13	13	1	0.588
1	431	0.002	1	296	11	11	1	0.532
1	432	0.002	1	97	11	11	1	0.494
1	433	0.003	1	225	11	11	1	0.420
1	434	0.003	2	27	13	13	1	0.444
1	435	0.003	1	445	11	11	1	0.356
1	436	0.003	1	437	11	11	1	0.412
1	437	0.003	1	16	11	11	1	0.372
1	438	0.003	1	286	11	11	1	0.365
1	439	0.004	1	492	11	11	1	0.386
1	440	0.004	1	149	11	11	1	0.346
1	441	0.004	2	73	13	13	1	0.513
1	442	0.004	1	283	11	11	1	0.763
1	443	0.004	1	459	11	11	1	0.659
1	444	0.005	1	405	11	11	1	0.603
1	445	0.005	1	220	11	11	1	0.468
1	446	0.005	1	431	11	11	1	0.618
1	447	0.005	1	449	11	11	1	0.531
1	448	0.005	1	123	11	11	1	0.392
1	449	0.006	1	470	11	11	1	0.321
1	450	0.006	1	173	11	11	1	0.282
1	451	0.006	1	471	11	11	1	0.305
1	452	0.006	2	539	13	11	0	0.312
1	453	0.006	1	317	11	11	1	0.369
1	454	0.006	1	234	11	11	1	0.408
1	455	0.007	2	149	13	13	1	0.465
1	456	0.007	1	468	11	11	1	0.439
1	457	0.007	1	195	11	11	1	0.432
1	458	0.007	1	275	11	11	1	0.377
1	459	0.007	1	200	11	11	1	0.463
1	460	0.008	1	85	11	11	1	0.391
1	461	0.008	1	335	11	11	1	0.367
1	462	0.008	1	35	11	11	1	0.392
1	463	0.008	2	415	13	13	1	0.510
1	464	0.009	1	58	11	11	1	0.470
1	465	0.009	1	304	11	11	1	0.397
1	466	0.009	1	106	11	11	1	0.454
1	467	0.009	1	507	11	11	1	0.429
1	468	0.009	1	460	11	11	1	0.437
1	469	0.009	1	487	11	11	1	0.348
1	470	0.010	1	457	11	11	1	0.390
1	471	0.010	1	226	11	11	1	0.398
1	472	0.010	1	166	11	11	1	0.404
1	473	0.010	2	225	13	11	0	0.491
1	474	0.010	1	54	11	11	1	0.597
1	475	0.011	1	121	11	11	1	0.606
1	476	0.011	1	258	11	11	1	0.499
1	477	0.011	1	510	11	11	1	0.381
1	478	0.011	1	268	11	11	1	0.387
1	479	0.011	1	513	11	11	1	0.412
1	480	0.012	1	180	11	11	1	0.388
1	481	0.012	1	156	11	11	1	0.347
1	482	0.012	1	292	11	11	1	0.388
1	483	0.012	1	340	11	11	1	0.602
1	484	0.012	1	377	11	11	1	0.562
1	485	0.013	1	477	11	11	1	0.475
1	486	0.013	1	402	11	11	1	0.403
1	487	0.013	1	336	11	11	1	0.331
1	488	0.013	1	14	11	11	1	0.787
1	489	0.013	1	538	11	11	1	0.586
1	490	0.014	1	362	11	11	1	0.450
1	491	0.014	1	290	11	11	1	0.394
1	492	0.014	1	311	11	11	1	0.401
1	493	0.014	1	346	11	11	1	0.313
1	494	0.001	1	98	11	11	1	0.383
1	495	0.001	1	366	11	11	1	0.342
1	496	0.001	1	209	11	11	1	0.428
1	497	0.002	2	382	13	13	1	0.549
1	498	0.002	1	373	11	11	1	0.444
1	499	0.002	1	240	11	11	1	0.469
1	500	0.002	1	379	11	11	1	0.540

*********************************************
* Sustained Attention and Recognition Memory Experiment - Memory Test v.1.0
* Date/Time: 16-Feb-2015 13:42:09
* Seed: 209825.7389
* Subject Number: 75
* Subject Name: TR
* Run Number: 1
* debug: 0
*********************************************

1	1	1	3	270	31	1	2.368
1	2	1	1	48	32	1	1.397
1	3	1	3	228	32	0	1.295
1	4	2	4	33	30	1	1.026
1	5	2	4	273	32	0	1.937
1	6	1	3	423	33	0	0.845
1	7	1	1	222	32	1	1.680
1	8	2	4	100	30	1	1.302
1	9	2	2	175	32	1	1.501
1	10	2	2	425	33	1	0.864
1	11	1	3	502	33	0	0.950
1	12	1	3	395	32	0	1.345
1	13	2	4	84	30	1	1.013
1	14	2	4	446	32	0	1.842
1	15	1	3	436	31	1	1.541
1	16	2	2	64	30	0	1.303
1	17	2	4	122	31	1	1.368
1	18	2	4	292	30	1	1.349
1	19	2	2	353	31	0	1.875
1	20	2	4	246	33	0	1.793
1	21	2	4	491	31	1	1.781
1	22	2	2	454	33	1	0.942
1	23	1	3	31	32	0	1.297
1	24	1	1	487	32	1	1.377
1	25	1	3	298	31	1	1.591
1	26	1	1	144	33	1	1.555
1	27	2	4	250	30	1	1.342
1	28	2	2	27	31	0	1.209
1	29	1	3	520	32	0	1.223
1	30	1	1	143	32	1	0.884
1	31	1	3	65	33	0	0.912
1	32	2	4	532	30	1	1.159
1	33	2	4	530	31	1	1.687
1	34	1	1	46	32	1	0.980
1	35	1	1	18	31	0	0.962
1	36	2	4	176	30	1	0.963
1	37	2	2	132	32	1	1.680
1	38	2	2	82	33	1	1.390
1	39	1	1	243	32	1	1.172
1	40	1	1	537	31	0	1.526
1	41	1	1	417	30	0	1.111
1	42	2	2	406	33	1	1.256
1	43	2	4	527	30	1	0.958
1	44	1	3	254	31	1	1.221
1	45	2	4	405	31	1	1.792
1	46	2	2	194	33	1	1.638
1	47	2	4	40	32	0	1.000
1	48	1	3	136	31	1	1.517
1	49	2	2	229	33	1	1.204
1	50	1	3	154	33	0	1.587
1	51	2	4	399	30	1	1.020
1	52	1	3	10	31	1	1.105
1	53	2	2	272	33	1	1.695
1	54	2	4	356	30	1	1.182
1	55	2	2	539	31	0	2.138
1	56	1	1	444	32	1	1.102
1	57	2	4	184	33	0	1.644
1	58	2	4	236	30	1	1.299
1	59	2	4	233	30	1	1.273
1	60	1	3	508	32	0	1.101
1	61	1	3	302	31	1	1.262
1	62	1	3	299	31	1	1.409
1	63	2	4	242	33	0	1.046
1	64	1	1	386	31	0	1.456
1	65	1	1	492	32	1	0.977
1	66	1	3	36	32	0	1.489
1	67	2	2	150	30	0	1.050
1	68	1	1	448	32	1	1.791
1	69	2	2	498	33	1	1.346
1	70	2	2	253	33	1	1.004
1	71	1	3	82	33	0	1.330
1	72	1	1	201	31	0	1.237
1	73	1	3	22	32	0	1.873
1	74	2	2	149	33	1	1.045
1	75	1	3	382	32	0	1.504
1	76	1	1	103	33	1	1.063
1	77	2	2	408	33	1	0.871
1	78	2	4	296	32	0	2.097
1	79	2	2	148	33	1	1.105
1	80	2	2	39	30	0	1.239
1	81	2	2	339	33	1	1.251
1	82	1	3	501	32	0	2.273
1	83	2	2	88	30	0	0.977
1	84	2	4	210	31	1	2.168
1	85	1	1	238	32	1	1.117
1	86	1	1	60	33	1	0.992
1	87	1	1	8	32	1	1.731
1	88	1	3	344	32	0	0.834
1	89	1	1	202	32	1	1.209
1	90	2	2	310	33	1	2.177
1	91	2	4	354	30	1	1.254
1	92	1	3	435	31	1	1.448
1	93	2	2	58	32	1	2.145
1	94	1	1	540	32	1	2.685
1	95	2	4	521	30	1	1.393
1	96	2	2	469	33	1	1.439
1	97	2	2	1	32	1	1.120
1	98	1	1	171	31	0	1.546
1	99	2	2	49	31	0	1.792
1	100	2	2	157	32	1	3.049
1	101	1	3	535	31	1	2.989
1	102	1	3	129	32	0	1.763
1	103	1	1	296	33	1	0.911
1	104	2	4	352	30	1	0.933
1	105	1	1	216	33	1	1.055
1	106	1	1	403	32	1	1.170
1	107	1	3	142	32	0	1.366
1	108	2	2	287	30	0	2.027
1	109	2	2	73	33	1	1.171
1	110	1	3	71	32	0	1.207
1	111	1	3	430	31	1	1.207
1	112	2	4	321	31	1	1.803
1	113	1	1	291	31	0	1.430
1	114	2	4	141	31	1	1.715
1	115	1	1	516	31	0	1.280
1	116	2	4	104	30	1	1.977
1	117	2	2	106	32	1	1.115
1	118	2	4	466	31	1	0.844
1	119	2	2	203	32	1	1.213
1	120	1	1	97	32	1	1.843
1	121	1	3	494	31	1	1.063
1	122	1	1	297	33	1	0.960
1	123	2	4	19	33	0	0.966
1	124	1	3	23	33	0	1.942
1	125	2	2	225	30	0	0.805
1	126	2	2	464	30	0	0.934
1	127	2	4	414	30	1	0.896
1	128	2	4	544	30	1	0.932
1	129	1	3	505	32	0	1.542
1	130	2	2	174	31	0	1.333
1	131	1	3	485	31	1	1.159
1	132	1	3	315	31	1	0.833
1	133	2	2	317	33	1	1.396
1	134	2	2	226	31	0	2.292
1	135	1	3	504	32	0	1.536
1	136	1	1	281	31	0	0.975
1	137	1	3	451	31	1	1.037
1	138	2	4	45	30	1	0.948
1	139	2	2	465	30	0	0.921
1	140	1	1	380	32	1	1.057
1	141	1	1	193	31	0	1.358
1	142	1	3	242	31	1	1.419
1	143	2	2	382	33	1	0.912
1	144	1	3	495	32	0	1.130
1	145	1	3	400	32	0	0.829
1	146	1	3	132	31	1	1.748
1	147	1	3	110	33	0	1.846
1	148	2	2	75	32	1	1.737
1	149	2	4	196	31	1	1.572
1	150	1	3	139	32	0	1.097
1	151	2	4	218	30	1	1.150
1	152	1	3	181	32	0	1.091
1	153	1	1	511	32	1	1.260
1	154	1	1	287	32	1	1.311
1	155	2	2	517	33	1	2.039
1	156	1	3	351	32	0	1.277
1	157	1	1	135	32	1	1.044
1	158	2	4	140	30	1	1.068
1	159	2	2	195	33	1	1.221
1	160	2	2	247	33	1	1.286
1	161	1	3	517	31	1	1.476
1	162	2	4	223	33	0	5.922
1	163	2	2	415	4	0	3.466
1	164	2	4	259	30	1	2.128
1	165	1	1	377	33	1	5.572
1	166	2	4	168	32	0	1.376
1	167	1	1	275	32	1	1.246
1	168	2	4	24	30	1	1.442
1	169	2	2	36	32	1	1.152
1	170	1	3	84	32	0	1.747
1	171	1	1	179	32	1	1.637
1	172	1	3	178	32	0	1.322
1	173	2	2	429	33	1	1.650
1	174	1	1	229	31	0	0.881
1	175	2	2	548	32	1	2.161
1	176	2	4	208	30	1	1.409
1	177	2	4	173	31	1	0.911
1	178	1	1	308	32	1	1.030
1	179	1	1	542	32	1	1.061
1	180	1	1	446	32	1	0.862
1	181	2	4	23	30	1	1.208
1	182	2	4	398	30	1	1.254
1	183	1	1	396	32	1	1.890
1	184	1	3	515	32	0	0.646
1	185	2	2	496	31	0	0.935
1	186	2	2	514	31	0	0.810
1	187	1	1	76	31	0	1.348
1	188	2	4	52	32	0	0.975
1	189	1	1	116	33	1	1.508
1	190	2	4	543	30	1	0.986
1	191	1	1	510	33	1	0.884
1	192	2	4	155	31	1	1.385
1	193	1	1	79	33	1	1.191
1	194	1	1	141	32	1	0.867
1	195	2	2	258	31	0	1.282
1	196	1	3	546	32	0	1.363
1	197	1	1	273	32	1	0.854
1	198	2	4	323	31	1	1.398
1	199	1	1	408	32	1	0.705
1	200	1	3	74	32	0	0.725
