
*********************************************
* Sustained Attention and Recognition Memory Experiment - Sustained Attention Task v.1.0
* Date/Time: 01-Nov-2015 17:02:36
* Seed: 206651.6748
* Subject Number: 15
* Subject Name: FF
* Run Number: 1
* debug: 0
*********************************************

run	trl	tdf	sct	simg	crsp	rsp	acc	rt
1	1	0.012	1	188	11	NaN	0	NaN
1	2	0.012	1	530	11	NaN	0	NaN
1	3	0.012	1	205	11	13	0	0.026
1	4	0.013	1	66	11	11	1	0.882
1	5	0.013	2	51	13	13	1	0.769
1	6	0.013	1	495	11	11	1	0.666
1	7	0.013	1	329	11	NaN	0	NaN
1	8	0.013	1	53	11	11	1	0.769
1	9	0.013	1	281	11	11	1	0.690
1	10	0.014	1	274	11	NaN	0	NaN
1	11	0.014	1	210	11	11	1	0.825
1	12	0.014	1	464	11	11	1	0.704
1	13	0.001	1	418	11	11	1	0.590
1	14	0.001	2	254	13	11	0	0.566
1	15	0.001	1	234	11	11	1	0.638
1	16	0.002	1	544	11	11	1	0.621
1	17	0.002	1	509	11	11	1	0.669
1	18	0.002	1	435	11	11	1	0.621
1	19	0.002	1	499	11	11	1	0.541
1	20	0.002	1	372	11	11	1	0.724
1	21	0.002	1	508	11	11	1	0.676
1	22	0.003	1	30	11	11	1	0.676
1	23	0.003	1	458	11	11	1	0.588
1	24	0.003	1	29	11	11	1	0.499
1	25	0.003	1	200	11	11	1	0.379
1	26	0.003	1	466	11	11	1	0.411
1	27	0.004	1	427	11	11	1	0.379
1	28	0.004	1	202	11	11	1	0.418
1	29	0.004	2	516	13	13	1	0.434
1	30	0.004	1	171	11	11	1	0.659
1	31	0.004	1	383	11	NaN	0	NaN
1	32	0.005	1	232	11	11	1	0.370
1	33	0.005	1	147	11	11	1	0.466
1	34	0.005	1	501	11	11	1	0.345
1	35	0.005	1	74	11	11	1	0.377
1	36	0.005	1	59	11	11	1	0.410
1	37	0.006	1	101	11	11	1	0.433
1	38	0.006	1	317	11	11	1	0.377
1	39	0.006	1	283	11	11	1	0.393
1	40	0.006	1	81	11	11	1	0.376
1	41	0.006	1	540	11	11	1	0.352
1	42	0.007	1	7	11	11	1	0.344
1	43	0.007	2	519	13	11	0	0.312
1	44	0.007	1	150	11	11	1	0.304
1	45	0.007	1	167	11	11	1	0.280
1	46	0.007	1	238	11	11	1	0.280
1	47	0.007	1	82	11	11	1	0.311
1	48	0.008	1	414	11	11	1	0.440
1	49	0.008	1	242	11	11	1	0.383
1	50	0.008	2	44	13	11	0	0.375
1	51	0.008	1	183	11	11	1	0.318
1	52	0.008	1	49	11	11	1	0.342
1	53	0.009	1	404	11	11	1	0.422
1	54	0.009	1	484	11	11	1	0.389
1	55	0.009	1	34	11	11	1	0.341
1	56	0.009	1	83	11	11	1	0.325
1	57	0.009	1	250	11	11	1	0.261
1	58	0.010	1	340	11	11	1	0.269
1	59	0.010	1	175	11	11	1	0.317
1	60	0.010	1	481	11	11	1	0.253
1	61	0.010	1	306	11	11	1	0.268
1	62	0.010	1	286	11	11	1	0.260
1	63	0.011	1	216	11	11	1	0.244
1	64	0.011	1	41	11	11	1	0.236
1	65	0.011	1	300	11	11	1	0.220
1	66	0.011	1	311	11	11	1	0.260
1	67	0.011	1	93	11	11	1	0.315
1	68	0.012	1	57	11	11	1	0.363
1	69	0.012	1	17	11	11	1	0.331
1	70	0.012	1	196	11	11	1	0.370
1	71	0.012	2	78	13	13	1	0.619
1	72	0.012	1	241	11	11	1	0.467
1	73	0.012	1	451	11	11	1	0.538
1	74	0.013	1	503	11	11	1	0.570
1	75	0.013	2	267	13	13	1	0.497
1	76	0.013	1	76	11	11	1	0.458
1	77	0.013	1	266	11	11	1	0.681
1	78	0.013	1	471	11	11	1	0.586
1	79	0.014	2	87	13	11	0	0.569
1	80	0.014	1	67	11	11	1	0.585
1	81	0.014	1	122	11	11	1	0.577
1	82	0.001	1	217	11	11	1	0.678
1	83	0.001	2	109	13	11	0	0.733
1	84	0.001	1	143	11	11	1	0.678
1	85	0.002	1	38	11	11	1	0.662
1	86	0.002	1	90	11	11	1	0.701
1	87	0.002	2	5	13	13	1	0.556
1	88	0.002	1	214	11	11	1	0.525
1	89	0.002	1	389	11	11	1	0.580
1	90	0.003	1	338	11	11	1	0.780
1	91	0.003	2	167	13	13	1	0.860
1	92	0.003	1	61	11	11	1	0.644
1	93	0.003	1	44	11	11	1	0.588
1	94	0.003	1	377	11	11	1	0.515
1	95	0.003	1	393	11	11	1	0.492
1	96	0.004	1	335	11	11	1	0.443
1	97	0.004	1	42	11	13	0	0.611
1	98	0.004	1	526	11	11	1	0.346
1	99	0.004	1	129	11	11	1	0.459
1	100	0.004	1	430	11	11	1	0.451
1	101	0.005	1	235	11	11	1	0.827
1	102	0.005	1	89	11	11	1	0.658
1	103	0.005	1	513	11	11	1	0.722
1	104	0.005	2	390	13	NaN	0	NaN
1	105	0.005	1	130	11	11	1	0.593
1	106	0.006	1	70	11	13	0	0.849
1	107	0.006	1	149	11	11	1	0.825
1	108	0.006	2	337	13	13	1	0.753
1	109	0.006	1	344	11	11	1	0.577
1	110	0.006	1	302	11	11	1	0.568
1	111	0.006	1	22	11	11	1	0.465
1	112	0.007	1	336	11	11	1	0.752
1	113	0.007	1	384	11	11	1	0.687
1	114	0.007	1	11	11	11	1	0.688
1	115	0.007	1	186	11	NaN	0	NaN
1	116	0.008	1	251	11	11	1	0.543
1	117	0.008	1	163	11	11	1	0.583
1	118	0.008	1	385	11	11	1	0.639
1	119	0.008	1	264	11	11	1	0.687
1	120	0.008	1	420	11	11	1	0.734
1	121	0.009	1	294	11	11	1	0.758
1	122	0.009	1	14	11	11	1	0.758
1	123	0.009	1	370	11	11	1	0.773
1	124	0.009	1	334	11	11	1	0.694
1	125	0.009	1	428	11	11	1	0.613
1	126	0.009	1	159	11	11	1	0.661
1	127	0.010	1	531	11	11	1	0.549
1	128	0.010	1	37	11	11	1	0.501
1	129	0.010	1	387	11	11	1	0.525
1	130	0.010	1	58	11	11	1	0.453
1	131	0.010	1	293	11	11	1	0.500
1	132	0.011	1	145	11	11	1	0.516
1	133	0.011	1	541	11	11	1	0.404
1	134	0.011	1	405	11	11	1	0.380
1	135	0.011	1	450	11	11	1	0.299
1	136	0.011	2	57	13	11	0	0.387
1	137	0.011	1	255	11	11	1	0.483
1	138	0.012	1	402	11	11	1	0.499
1	139	0.012	1	523	11	NaN	0	NaN
1	140	0.012	1	444	11	11	1	0.699
1	141	0.012	1	365	11	11	1	0.706
1	142	0.013	1	517	11	11	1	0.762
1	143	0.013	1	488	11	11	1	0.786
1	144	0.013	1	125	11	11	1	0.826
1	145	0.013	2	119	13	NaN	0	NaN
1	146	0.013	1	73	11	13	0	0.034
1	147	0.013	1	455	11	11	1	0.649
1	148	0.014	1	514	11	11	1	0.505
1	149	0.014	2	264	13	11	0	0.537
1	150	0.014	1	299	11	11	1	0.545
1	151	0.001	1	268	11	11	1	0.446
1	152	0.001	1	115	11	11	1	0.430
1	153	0.001	1	52	11	11	1	0.565
1	154	0.002	1	358	11	11	1	0.502
1	155	0.002	1	62	11	11	1	0.501
1	156	0.002	1	406	11	11	1	0.445
1	157	0.002	1	333	11	11	1	0.397
1	158	0.002	1	187	11	11	1	0.380
1	159	0.003	1	215	11	11	1	0.340
1	160	0.003	2	487	13	11	0	0.292
1	161	0.003	1	410	11	11	1	0.411
1	162	0.003	1	118	11	11	1	0.635
1	163	0.003	1	394	11	11	1	0.572
1	164	0.003	1	104	11	11	1	0.563
1	165	0.004	1	445	11	11	1	0.675
1	166	0.004	1	112	11	11	1	0.787
1	167	0.004	1	245	11	11	1	0.851
1	168	0.004	2	468	13	13	1	0.770
1	169	0.004	1	106	11	11	1	0.386
1	170	0.005	1	532	11	11	1	0.426
1	171	0.005	1	8	11	11	1	0.402
1	172	0.005	1	43	11	11	1	0.570
1	173	0.005	1	339	11	11	1	0.498
1	174	0.005	1	297	11	11	1	0.513
1	175	0.006	1	239	11	11	1	0.473
1	176	0.006	1	133	11	11	1	0.385
1	177	0.006	1	176	11	11	1	0.337
1	178	0.006	1	68	11	11	1	0.336
1	179	0.006	2	46	13	13	1	0.528
1	180	0.007	1	378	11	11	1	0.312
1	181	0.007	1	86	11	11	1	0.376
1	182	0.007	1	468	11	11	1	0.416
1	183	0.007	2	148	13	13	1	0.472
1	184	0.007	1	229	11	11	1	0.255
1	185	0.008	1	307	11	11	1	0.256
1	186	0.008	1	248	11	11	1	0.263
1	187	0.008	2	145	13	11	0	0.687
1	188	0.008	1	298	11	11	1	0.671
1	189	0.008	1	60	11	11	1	0.582
1	190	0.009	1	219	11	11	1	0.558
1	191	0.009	1	382	11	11	1	0.454
1	192	0.009	1	496	11	11	1	0.510
1	193	0.009	1	546	11	11	1	0.550
1	194	0.009	1	535	11	11	1	0.477
1	195	0.009	1	534	11	11	1	0.413
1	196	0.010	1	223	11	11	1	0.573
1	197	0.010	1	72	11	11	1	0.588
1	198	0.010	1	27	11	11	1	0.645
1	199	0.010	1	453	11	11	1	0.749
1	200	0.010	1	64	11	11	1	0.684
1	201	0.011	1	313	11	11	1	0.708
1	202	0.011	2	141	13	13	1	0.580
1	203	0.011	1	24	11	11	1	0.444
1	204	0.011	1	367	11	11	1	0.492
1	205	0.011	1	309	11	11	1	0.467
1	206	0.012	1	107	11	11	1	0.468
1	207	0.012	1	213	11	11	1	0.403
1	208	0.012	1	318	11	11	1	0.331
1	209	0.012	1	291	11	11	1	0.331
1	210	0.012	2	488	13	11	0	0.290
1	211	0.013	1	322	11	11	1	0.458
1	212	0.013	1	443	11	11	1	0.482
1	213	0.013	1	490	11	13	0	0.714
1	214	0.013	1	201	11	11	1	0.458
1	215	0.013	1	261	11	11	1	0.537
1	216	0.013	1	416	11	11	1	0.425
1	217	0.014	1	486	11	11	1	0.745
1	218	0.014	1	50	11	11	1	0.601
1	219	0.014	1	519	11	11	1	0.537
1	220	0.001	1	331	11	11	1	0.446
1	221	0.001	1	226	11	11	1	0.349
1	222	0.001	1	284	11	11	1	0.357
1	223	0.002	1	105	11	11	1	0.301
1	224	0.002	2	305	13	13	1	0.604
1	225	0.002	1	326	11	11	1	0.325
1	226	0.002	1	422	11	13	0	0.565
1	227	0.002	1	178	11	11	1	0.253
1	228	0.003	1	425	11	11	1	0.477
1	229	0.003	1	506	11	11	1	0.436
1	230	0.003	1	155	11	11	1	0.468
1	231	0.003	1	359	11	11	1	0.515
1	232	0.003	1	500	11	11	1	0.491
1	233	0.004	1	2	11	11	1	0.451
1	234	0.004	1	194	11	11	1	0.771
1	235	0.004	1	289	11	11	1	0.627
1	236	0.004	1	173	11	11	1	0.618
1	237	0.004	1	448	11	11	1	0.554
1	238	0.004	1	353	11	11	1	0.538
1	239	0.005	1	354	11	11	1	0.482
1	240	0.005	1	528	11	11	1	0.426
1	241	0.005	1	413	11	11	1	0.450
1	242	0.005	1	1	11	11	1	0.393
1	243	0.005	1	69	11	11	1	0.418
1	244	0.006	1	134	11	11	1	0.449
1	245	0.006	1	330	11	11	1	0.465
1	246	0.006	1	249	11	11	1	0.473
1	247	0.006	1	415	11	11	1	0.456
1	248	0.006	1	87	11	11	1	0.449
1	249	0.007	1	32	11	11	1	0.512
1	250	0.007	1	446	11	11	1	0.448
1	251	0.007	1	462	11	11	1	0.568
1	252	0.007	1	31	11	11	1	0.464
1	253	0.007	1	51	11	11	1	0.448
1	254	0.008	1	12	11	11	1	0.415
1	255	0.008	1	275	11	11	1	0.407
1	256	0.008	1	228	11	11	1	0.359
1	257	0.008	1	476	11	11	1	0.438
1	258	0.008	1	441	11	11	1	0.407
1	259	0.008	1	269	11	11	1	0.406
1	260	0.009	1	350	11	11	1	0.350
1	261	0.009	1	285	11	11	1	0.326
1	262	0.009	1	78	11	11	1	0.286
1	263	0.009	2	249	13	11	0	0.269
1	264	0.009	1	440	11	11	1	0.437
1	265	0.010	1	325	11	11	1	0.397
1	266	0.010	1	165	11	11	1	0.324
1	267	0.010	1	45	11	11	1	0.589
1	268	0.010	1	479	11	11	1	0.461
1	269	0.010	1	110	11	11	1	0.372
1	270	0.011	1	505	11	11	1	0.300
1	271	0.011	1	472	11	11	1	0.356
1	272	0.011	1	483	11	11	1	0.355
1	273	0.011	1	179	11	11	1	0.307
1	274	0.011	1	151	11	11	1	0.404
1	275	0.012	1	108	11	11	1	0.324
1	276	0.012	1	152	11	11	1	0.411
1	277	0.012	1	9	11	11	1	0.387
1	278	0.012	1	545	11	11	1	0.378
1	279	0.012	1	347	11	11	1	0.835
1	280	0.012	1	77	11	11	1	0.570
1	281	0.013	1	47	11	11	1	0.474
1	282	0.013	2	75	13	11	0	0.498
1	283	0.013	1	518	11	11	1	0.530
1	284	0.013	1	116	11	11	1	0.634
1	285	0.013	1	380	11	11	1	0.730
1	286	0.014	2	224	13	13	1	0.649
1	287	0.014	1	388	11	11	1	0.385
1	288	0.014	1	13	11	11	1	0.337
1	289	0.001	1	457	11	11	1	0.390
1	290	0.001	1	23	11	11	1	0.597
1	291	0.001	1	88	11	11	1	0.613
1	292	0.002	1	121	11	11	1	0.597
1	293	0.002	1	364	11	11	1	0.757
1	294	0.002	2	409	13	13	1	0.653
1	295	0.002	1	181	11	11	1	0.437
1	296	0.002	1	502	11	11	1	0.396
1	297	0.002	1	94	11	11	1	0.356
1	298	0.003	1	369	11	11	1	0.451
1	299	0.003	1	128	11	11	1	0.460
1	300	0.003	1	126	11	11	1	0.612
1	301	0.003	1	92	11	11	1	0.707
1	302	0.003	1	510	11	11	1	0.611
1	303	0.004	2	56	13	13	1	0.635
1	304	0.004	1	124	11	11	1	0.427
1	305	0.004	1	390	11	11	1	0.474
1	306	0.004	1	542	11	11	1	0.443
1	307	0.004	1	368	11	11	1	0.330
1	308	0.005	1	79	11	11	1	0.306
1	309	0.005	1	433	11	11	1	0.306
1	310	0.005	2	374	13	11	0	0.242
1	311	0.005	1	197	11	11	1	0.338
1	312	0.005	1	288	11	11	1	0.329
1	313	0.006	1	99	11	11	1	0.386
1	314	0.006	1	4	11	11	1	0.369
1	315	0.006	1	56	11	11	1	0.401
1	316	0.006	1	28	11	11	1	0.552
1	317	0.006	1	392	11	11	1	0.456
1	318	0.007	1	447	11	11	1	0.440
1	319	0.007	1	492	11	11	1	0.504
1	320	0.007	1	511	11	11	1	0.415
1	321	0.007	1	192	11	13	0	0.784
1	322	0.007	1	363	11	11	1	0.648
1	323	0.008	1	259	11	11	1	0.639
1	324	0.008	2	135	13	13	1	0.695
1	325	0.008	1	515	11	11	1	0.431
1	326	0.008	1	356	11	11	1	0.463
1	327	0.008	1	221	11	11	1	0.342
1	328	0.009	1	396	11	11	1	0.423
1	329	0.009	1	211	11	11	1	0.470
1	330	0.009	1	494	11	11	1	0.534
1	331	0.009	1	230	11	11	1	0.822
1	332	0.009	1	189	11	11	1	0.621
1	333	0.010	2	286	13	11	0	0.669
1	334	0.010	1	290	11	11	1	0.661
1	335	0.010	1	158	11	11	1	0.501
1	336	0.010	1	246	11	11	1	0.549
1	337	0.010	1	277	11	11	1	0.484
1	338	0.010	1	253	11	11	1	0.508
1	339	0.011	1	278	11	11	1	0.724
1	340	0.011	1	497	11	11	1	0.508
1	341	0.011	1	97	11	11	1	0.612
1	342	0.011	1	184	11	NaN	0	NaN
1	343	0.011	1	376	11	11	1	0.083
1	344	0.012	1	438	11	11	1	0.731
1	345	0.012	1	244	11	11	1	0.643
1	346	0.012	1	164	11	11	1	0.539
1	347	0.012	1	39	11	11	1	0.506
1	348	0.012	1	550	11	11	1	0.426
1	349	0.013	1	512	11	11	1	0.378
1	350	0.013	1	243	11	11	1	0.346
1	351	0.013	1	429	11	11	1	0.330
1	352	0.013	1	100	11	11	1	0.417
1	353	0.013	1	477	11	11	1	0.393
1	354	0.013	1	137	11	11	1	0.313
1	355	0.014	1	361	11	11	1	0.281
1	356	0.014	1	357	11	11	1	0.337
1	357	0.014	2	128	13	11	0	0.313
1	358	0.001	1	195	11	11	1	0.414
1	359	0.001	1	262	11	11	1	0.285
1	360	0.001	1	119	11	11	1	0.254
1	361	0.002	1	345	11	11	1	0.253
1	362	0.002	2	100	13	11	0	0.253
1	363	0.002	1	371	11	11	1	0.548
1	364	0.002	1	10	11	11	1	0.460
1	365	0.002	1	170	11	11	1	0.580
1	366	0.003	1	146	11	11	1	0.501
1	367	0.003	1	315	11	11	1	0.420
1	368	0.003	1	174	11	11	1	0.356
1	369	0.003	1	366	11	11	1	0.267
1	370	0.003	1	379	11	11	1	0.203
1	371	0.004	2	176	13	11	0	0.227
1	372	0.004	1	467	11	11	1	0.443
1	373	0.004	1	485	11	11	1	0.435
1	374	0.004	1	19	11	11	1	0.643
1	375	0.004	1	332	11	11	1	0.539
1	376	0.004	1	36	11	11	1	0.530
1	377	0.005	1	113	11	11	1	0.530
1	378	0.005	1	397	11	11	1	0.442
1	379	0.005	1	280	11	11	1	0.506
1	380	0.005	1	362	11	11	1	0.546
1	381	0.005	1	279	11	11	1	0.586
1	382	0.006	1	395	11	11	1	0.657
1	383	0.006	1	162	11	11	1	0.641
1	384	0.006	2	272	13	13	1	0.489
1	385	0.006	1	469	11	11	1	0.256
1	386	0.006	1	328	11	11	1	0.424
1	387	0.007	1	254	11	11	1	0.376
1	388	0.007	1	470	11	11	1	0.408
1	389	0.007	1	346	11	11	1	0.384
1	390	0.007	1	461	11	11	1	0.359
1	391	0.007	1	527	11	11	1	0.375
1	392	0.008	1	263	11	11	1	0.415
1	393	0.008	1	198	11	11	1	0.423
1	394	0.008	1	525	11	11	1	0.535
1	395	0.008	1	314	11	11	1	0.542
1	396	0.008	1	21	11	11	1	0.582
1	397	0.009	1	482	11	11	1	0.494
1	398	0.009	1	25	11	11	1	0.470
1	399	0.009	1	381	11	11	1	0.390
1	400	0.009	1	260	11	11	1	0.397
1	401	0.009	1	166	11	11	1	0.381
1	402	0.009	1	224	11	11	1	0.589
1	403	0.010	1	360	11	11	1	0.589
1	404	0.010	1	303	11	11	1	0.620
1	405	0.010	1	391	11	11	1	0.621
1	406	0.010	2	433	13	13	1	0.565
1	407	0.010	1	271	11	11	1	0.388
1	408	0.011	1	111	11	11	1	0.284
1	409	0.011	1	227	11	11	1	0.292
1	410	0.011	1	75	11	11	1	0.299
1	411	0.011	2	28	13	11	0	0.379
1	412	0.011	1	15	11	11	1	0.499
1	413	0.012	1	247	11	11	1	0.579
1	414	0.012	1	127	11	11	1	0.547
1	415	0.012	1	432	11	11	1	0.571
1	416	0.012	1	55	11	11	1	0.579
1	417	0.012	1	84	11	11	1	0.474
1	418	0.012	1	473	11	11	1	0.458
1	419	0.013	1	139	11	11	1	0.474
1	420	0.013	1	109	11	11	1	0.522
1	421	0.013	1	26	11	11	1	0.450
1	422	0.013	1	323	11	11	1	0.545
1	423	0.013	1	421	11	11	1	0.393
1	424	0.014	1	543	11	11	1	0.314
1	425	0.014	1	348	11	11	1	0.289
1	426	0.014	1	160	11	11	1	0.353
1	427	0.001	1	434	11	11	1	0.366
1	428	0.001	1	131	11	11	1	0.429
1	429	0.001	1	320	11	11	1	0.462
1	430	0.002	1	225	11	11	1	0.461
1	431	0.002	1	3	11	11	1	0.525
1	432	0.002	1	423	11	11	1	0.541
1	433	0.002	1	547	11	11	1	0.677
1	434	0.002	1	138	11	11	1	0.540
1	435	0.002	1	212	11	11	1	0.452
1	436	0.003	1	257	11	11	1	0.428
1	437	0.003	1	538	11	11	1	0.412
1	438	0.003	1	135	11	11	1	0.387
1	439	0.003	1	190	11	11	1	0.332
1	440	0.004	1	222	11	11	1	0.459
1	441	0.004	1	439	11	11	1	0.379
1	442	0.004	1	419	11	11	1	0.514
1	443	0.004	1	436	11	11	1	0.498
1	444	0.004	1	132	11	11	1	0.466
1	445	0.004	1	258	11	11	1	0.362
1	446	0.005	1	478	11	11	1	0.330
1	447	0.005	1	529	11	11	1	0.330
1	448	0.005	1	185	11	11	1	0.370
1	449	0.005	1	96	11	11	1	0.490
1	450	0.005	1	301	11	11	1	0.393
1	451	0.006	1	352	11	11	1	0.497
1	452	0.006	1	491	11	11	1	0.569
1	453	0.006	1	324	11	11	1	0.489
1	454	0.006	2	256	13	13	1	0.864
1	455	0.006	1	220	11	11	1	0.448
1	456	0.007	1	172	11	11	1	0.432
1	457	0.007	1	549	11	11	1	0.552
1	458	0.007	1	507	11	11	1	0.840
1	459	0.007	1	459	11	11	1	0.511
1	460	0.007	2	13	13	13	1	0.647
1	461	0.008	1	85	11	11	1	0.295
1	462	0.008	1	341	11	11	1	0.271
1	463	0.008	1	351	11	11	1	0.543
1	464	0.008	2	198	13	11	0	0.439
1	465	0.008	1	493	11	11	1	0.366
1	466	0.009	1	296	11	11	1	0.358
1	467	0.009	1	48	11	11	1	0.422
1	468	0.009	1	5	11	11	1	0.342
1	469	0.009	1	349	11	11	1	0.317
1	470	0.009	2	486	13	11	0	0.397
1	471	0.010	1	516	11	11	1	0.389
1	472	0.010	1	282	11	11	1	0.421
1	473	0.010	1	16	11	11	1	0.445
1	474	0.010	1	256	11	11	1	0.437
1	475	0.010	1	141	11	11	1	0.396
1	476	0.010	1	454	11	11	1	0.397
1	477	0.011	1	236	11	11	1	0.548
1	478	0.011	1	539	11	11	1	0.524
1	479	0.011	1	398	11	11	1	0.716
1	480	0.011	2	239	13	11	0	0.844
1	481	0.011	1	460	11	11	1	0.771
1	482	0.012	1	218	11	11	1	0.579
1	483	0.012	2	203	13	13	1	0.643
1	484	0.012	1	524	11	11	1	0.418
1	485	0.012	1	520	11	11	1	0.451
1	486	0.012	1	431	11	11	1	0.635
1	487	0.012	1	18	11	11	1	0.554
1	488	0.013	1	46	11	11	1	0.634
1	489	0.013	2	360	13	13	1	0.570
1	490	0.013	2	386	13	11	0	0.265
1	491	0.013	1	386	11	11	1	0.361
1	492	0.013	1	456	11	11	1	0.265
1	493	0.014	1	522	11	11	1	0.249
1	494	0.014	1	375	11	11	1	0.297
1	495	0.014	1	123	11	11	1	0.177
1	496	0.001	1	154	11	11	1	0.053
1	497	0.001	1	191	11	11	1	0.053
1	498	0.001	1	204	11	11	1	0.077
1	499	0.002	1	182	11	11	1	0.085
1	500	0.002	1	140	11	11	1	0.053

*********************************************
* Sustained Attention and Recognition Memory Experiment - Memory Test v.1.0
* Date/Time: 01-Nov-2015 17:13:52
* Seed: 205969.5166
* Subject Number: 15
* Subject Name: FF
* Run Number: 1
* debug: 0
*********************************************

1	1	2	2	433	33	1	2.138
1	2	2	2	337	32	1	2.988
1	3	1	1	481	32	1	1.763
1	4	2	4	96	32	0	2.427
1	5	2	4	231	30	1	1.732
1	6	2	4	98	31	1	3.039
1	7	2	2	28	33	1	2.513
1	8	2	2	305	33	1	1.165
1	9	1	3	169	32	0	2.303
1	10	2	2	141	33	1	1.428
1	11	1	3	35	31	1	1.843
1	12	2	4	544	30	1	1.925
1	13	2	2	203	33	1	1.541
1	14	2	4	160	30	1	2.575
1	15	2	2	119	30	0	2.556
1	16	1	3	80	32	0	2.241
1	17	2	4	293	30	1	1.962
1	18	2	2	249	32	1	1.919
1	19	1	3	206	31	1	2.993
1	20	1	3	209	31	1	2.585
1	21	1	3	295	32	0	1.864
1	22	1	1	325	31	0	2.506
1	23	2	2	198	31	0	1.913
1	24	2	2	75	33	1	2.251
1	25	1	1	256	32	1	2.341
1	26	2	4	492	32	0	1.775
1	27	1	3	20	31	1	4.052
1	28	1	3	342	31	1	1.837
1	29	2	4	497	30	1	2.135
1	30	2	4	323	32	0	3.172
1	31	1	1	187	33	1	2.299
1	32	1	1	369	33	1	1.251
1	33	1	3	426	31	1	2.055
1	34	1	3	71	30	1	1.788
1	35	1	1	379	32	1	2.662
1	36	1	1	526	31	0	2.973
1	37	1	1	34	33	1	1.568
1	38	2	2	487	31	0	1.852
1	39	2	4	74	30	1	5.686
1	40	1	1	285	31	0	3.368
1	41	2	4	94	30	1	2.551
1	42	1	3	252	31	1	1.969
1	43	1	1	455	32	1	1.786
1	44	1	3	399	31	1	3.229
1	45	1	3	272	31	1	2.438
1	46	1	1	164	32	1	1.771
1	47	2	4	407	30	1	2.987
1	48	1	1	262	31	0	3.439
1	49	2	2	374	31	0	3.167
1	50	2	2	488	32	1	3.019
1	51	2	2	46	31	0	3.421
1	52	1	3	276	30	1	2.444
1	53	2	2	519	30	0	3.030
1	54	2	4	217	30	1	2.093
1	55	2	2	409	33	1	1.583
1	56	2	2	167	33	1	1.593
1	57	1	1	334	33	1	1.118
1	58	1	3	208	32	0	2.562
1	59	1	1	311	32	1	1.452
1	60	2	4	247	31	1	2.159
1	61	2	4	192	31	1	1.406
1	62	2	4	33	31	1	2.766
1	63	2	2	264	32	1	2.618
1	64	1	1	42	32	1	1.476
1	65	1	3	312	32	0	1.438
1	66	1	1	461	33	1	1.395
1	67	1	1	348	33	1	1.192
1	68	1	1	77	32	1	1.349
1	69	1	3	536	31	1	4.207
1	70	2	2	56	32	1	2.623
1	71	1	1	370	33	1	1.301
1	72	2	4	325	33	0	2.480
1	73	2	2	386	32	1	2.844
1	74	2	4	415	30	1	2.403
1	75	1	3	156	31	1	2.688
1	76	1	1	488	32	1	1.488
1	77	1	1	191	31	0	3.969
1	78	1	3	65	31	1	2.123
1	79	2	2	272	31	0	2.579
1	80	1	3	343	30	1	2.271
1	81	1	1	150	31	0	2.686
1	82	2	4	296	30	1	2.059
1	83	1	1	501	33	1	1.575
1	84	1	1	73	31	0	1.761
1	85	2	4	308	31	1	1.322
1	86	1	1	15	33	1	1.510
1	87	2	2	109	30	0	1.374
1	88	2	2	176	31	0	2.599
1	89	2	4	262	30	1	2.077
1	90	2	2	128	33	1	3.721
1	91	1	3	287	31	1	2.533
1	92	2	4	528	31	1	1.981
1	93	2	2	254	33	1	1.236
1	94	2	4	175	30	1	3.110
1	95	2	2	51	31	0	3.531
1	96	1	3	463	32	0	1.805
1	97	1	1	438	31	0	2.038
1	98	2	4	457	30	1	1.913
1	99	2	2	57	31	0	1.523
1	100	1	3	114	31	1	2.949
1	101	1	1	302	31	0	2.479
1	102	2	4	170	32	0	2.094
1	103	1	3	40	32	0	1.539
1	104	2	2	224	33	1	1.005
1	105	2	4	113	31	1	2.311
1	106	2	2	135	31	0	2.484
1	107	1	3	54	31	1	1.099
1	108	2	4	265	31	1	2.181
1	109	2	2	390	30	0	2.623
1	110	1	1	284	31	0	2.969
1	111	2	2	5	32	1	1.681
1	112	1	1	491	31	0	3.002
1	113	2	4	491	31	1	1.922
1	114	1	1	395	31	0	1.780
1	115	2	2	468	32	1	1.459
1	116	1	3	207	31	1	1.702
1	117	1	3	310	31	1	2.227
1	118	1	1	352	33	1	2.164
1	119	1	1	26	32	1	1.811
1	120	2	4	40	31	1	1.173
1	121	1	1	396	31	0	1.360
1	122	2	2	145	30	0	2.472
1	123	2	4	375	30	1	1.742
1	124	1	3	95	30	1	3.038
1	125	1	3	177	31	1	1.832
1	126	2	4	285	30	1	4.247
1	127	1	1	247	31	0	4.283
1	128	2	2	13	44	0	8.262
1	129	2	4	127	32	0	2.908
1	130	1	3	449	31	1	3.459
1	131	2	2	360	30	0	1.815
1	132	1	3	91	31	1	2.287
1	133	1	3	533	31	1	0.950
1	134	1	3	102	31	1	2.285
1	135	1	3	180	31	1	2.301
1	136	1	3	442	31	1	0.910
1	137	1	1	467	32	1	0.897
1	138	1	3	270	31	1	0.901
1	139	1	3	305	31	1	1.030
1	140	1	1	354	32	1	1.008
1	141	1	1	522	31	0	2.285
1	142	1	1	495	31	0	1.068
1	143	1	3	98	30	1	3.054
1	144	2	4	361	31	1	3.237
1	145	1	1	525	31	0	4.191
1	146	1	1	12	33	1	1.379
1	147	2	2	44	31	0	1.205
1	148	2	4	344	31	1	1.333
1	149	2	4	37	30	1	4.362
1	150	1	3	400	30	1	1.739
1	151	1	1	324	30	0	1.363
1	152	1	3	373	30	1	1.864
1	153	2	2	256	31	0	1.207
1	154	2	4	84	30	1	1.345
1	155	1	3	265	31	1	1.433
1	156	1	1	106	30	0	1.630
1	157	2	2	486	30	0	1.322
1	158	1	3	103	30	1	1.077
1	159	2	2	239	30	0	1.182
1	160	2	2	267	30	0	1.372
1	161	1	3	199	30	1	1.062
1	162	2	2	286	30	0	0.931
1	163	2	2	148	33	1	1.706
1	164	2	2	87	30	0	2.591
1	165	1	1	511	33	1	0.999
1	166	1	1	306	33	1	2.388
1	167	2	4	269	30	1	1.573
1	168	1	1	405	33	1	0.917
1	169	2	2	78	30	0	0.935
1	170	2	2	100	31	0	1.399
1	171	1	3	233	33	0	0.926
1	172	2	4	351	30	1	2.437
1	173	1	1	313	31	0	2.138
1	174	2	4	99	30	1	1.929
1	175	1	1	416	33	1	1.073
1	176	1	3	267	31	1	2.499
1	177	2	2	516	30	0	5.589
1	178	2	4	425	30	1	1.159
1	179	2	4	333	31	1	4.115
1	180	1	3	487	31	1	1.307
1	181	1	1	458	30	0	2.362
1	182	2	4	114	30	1	3.292
1	183	1	3	452	32	0	2.299
1	184	1	3	168	32	0	0.973
1	185	1	3	157	30	1	1.677
1	186	1	3	33	30	1	1.247
1	187	2	4	130	30	1	2.771
1	188	2	4	178	30	1	1.469
1	189	2	4	451	30	1	1.544
1	190	1	1	108	33	1	1.791
1	191	2	4	259	30	1	1.622
1	192	1	1	420	30	0	2.912
