
*********************************************
* Sustained Attention and Recognition Memory Experiment - Sustained Attention Task v.1.0
* Date/Time: 03-Feb-2015 14:36:34
* Seed: 208701.6
* Subject Number: 67
* Subject Name: MB
* Run Number: 1
* debug: 0
*********************************************

run	trl	tdf	sct	simg	crsp	rsp	acc	rt
1	1	0.011	1	449	72	72	1	0.754
1	2	0.011	1	496	72	72	1	0.642
1	3	0.011	1	39	72	74	0	0.667
1	4	0.010	1	219	72	72	1	0.619
1	5	0.010	1	123	72	72	1	0.675
1	6	0.010	1	477	72	72	1	0.621
1	7	0.010	1	514	72	72	1	0.707
1	8	0.009	1	76	72	72	1	0.764
1	9	0.008	2	429	74	72	0	0.861
1	10	0.008	1	7	72	NaN	0	NaN
1	11	0.008	1	254	72	72	1	0.197
1	12	0.007	1	72	72	72	1	0.662
1	13	0.007	1	44	72	72	1	0.582
1	14	0.007	2	53	74	74	1	0.550
1	15	0.006	1	441	72	72	1	0.519
1	16	0.006	1	428	72	74	0	0.511
1	17	0.006	1	203	72	72	1	0.575
1	18	0.005	1	426	72	72	1	0.680
1	19	0.005	1	225	72	72	1	0.704
1	20	0.005	1	537	72	74	0	0.672
1	21	0.004	1	180	72	72	1	0.873
1	22	0.004	1	406	72	72	1	0.825
1	23	0.004	2	375	74	74	1	0.690
1	24	0.003	1	364	72	72	1	0.682
1	25	0.003	1	37	72	NaN	0	NaN
1	26	0.003	1	314	72	72	1	0.091
1	27	0.002	1	336	72	72	1	0.067
1	28	0.002	1	245	72	72	1	0.660
1	29	0.002	1	502	72	72	1	0.652
1	30	0.001	1	415	72	72	1	0.644
1	31	0.001	1	427	72	72	1	0.716
1	32	0.001	1	4	72	72	1	0.797
1	33	0.014	1	443	72	72	1	0.672
1	34	0.013	1	85	72	NaN	0	NaN
1	35	0.013	1	436	72	72	1	0.712
1	36	0.013	1	324	72	72	1	0.600
1	37	0.012	1	516	72	72	1	0.649
1	38	0.012	1	285	72	72	1	0.570
1	39	0.012	1	527	72	72	1	0.514
1	40	0.011	1	486	72	72	1	0.522
1	41	0.011	2	57	74	72	0	0.682
1	42	0.010	1	167	72	72	1	0.659
1	43	0.010	1	277	72	72	1	0.579
1	44	0.010	1	128	72	72	1	0.571
1	45	0.009	1	122	72	72	1	0.460
1	46	0.009	1	325	72	72	1	0.436
1	47	0.009	1	268	72	72	1	0.364
1	48	0.008	1	536	72	72	1	0.375
1	49	0.008	1	242	72	72	1	0.509
1	50	0.008	1	545	72	72	1	0.493
1	51	0.007	1	108	72	72	1	0.614
1	52	0.007	1	412	72	72	1	0.446
1	53	0.007	1	15	72	72	1	0.359
1	54	0.006	1	403	72	72	1	0.457
1	55	0.006	1	438	72	72	1	0.431
1	56	0.006	1	50	72	72	1	0.503
1	57	0.006	1	153	72	72	1	0.423
1	58	0.005	1	55	72	72	1	0.600
1	59	0.005	2	55	74	74	1	0.800
1	60	0.004	1	157	72	72	1	0.690
1	61	0.004	1	171	72	72	1	0.561
1	62	0.004	1	111	72	72	1	0.506
1	63	0.003	1	237	72	72	1	0.618
1	64	0.003	1	102	72	72	1	0.546
1	65	0.003	1	450	72	72	1	0.555
1	66	0.002	1	238	72	72	1	0.515
1	67	0.002	1	423	72	72	1	0.539
1	68	0.001	1	322	72	72	1	0.573
1	69	0.021	1	201	72	72	1	0.600
1	70	0.001	1	535	72	72	1	0.676
1	71	0.014	1	164	72	72	1	0.615
1	72	0.013	1	361	72	72	1	0.840
1	73	0.013	1	279	72	NaN	0	NaN
1	74	0.013	1	215	72	NaN	0	NaN
1	75	0.012	1	69	72	NaN	0	NaN
1	76	0.012	1	392	72	72	1	0.049
1	77	0.012	1	117	72	NaN	0	NaN
1	78	0.011	1	33	72	NaN	0	NaN
1	79	0.011	1	51	72	72	1	0.794
1	80	0.011	2	472	74	74	1	0.739
1	81	0.010	1	372	72	72	1	0.524
1	82	0.010	1	99	72	72	1	0.339
1	83	0.010	1	105	72	72	1	0.404
1	84	0.009	1	487	72	72	1	0.396
1	85	0.009	1	395	72	72	1	0.844
1	86	0.009	1	75	72	72	1	0.700
1	87	0.009	1	96	72	72	1	0.621
1	88	0.008	1	67	72	72	1	0.565
1	89	0.008	2	484	74	74	1	0.878
1	90	0.007	1	60	72	72	1	0.582
1	91	0.007	1	3	72	72	1	0.678
1	92	0.007	1	210	72	72	1	0.527
1	93	0.006	1	80	72	72	1	0.487
1	94	0.007	1	300	72	72	1	0.606
1	95	0.005	1	348	72	72	1	0.696
1	96	0.005	1	463	72	72	1	0.680
1	97	0.005	1	398	72	72	1	0.641
1	98	0.004	1	208	72	72	1	0.641
1	99	0.004	1	542	72	72	1	0.569
1	100	0.004	1	351	72	72	1	0.513
1	101	0.003	1	56	72	72	1	0.442
1	102	0.003	1	539	72	72	1	0.443
1	103	0.003	1	503	72	72	1	0.354
1	104	0.002	1	460	72	72	1	0.355
1	105	0.002	1	41	72	72	1	0.267
1	106	0.002	2	50	74	72	0	0.299
1	107	0.001	1	160	72	72	1	0.356
1	108	0.001	1	490	72	72	1	0.524
1	109	0.001	1	452	72	72	1	0.797
1	110	0.014	2	193	74	74	1	0.671
1	111	0.013	1	90	72	72	1	0.504
1	112	0.013	2	396	74	74	1	0.656
1	113	0.013	1	275	72	72	1	0.512
1	114	0.012	1	454	72	72	1	0.577
1	115	0.012	1	131	72	72	1	0.481
1	116	0.012	1	352	72	72	1	0.650
1	117	0.011	2	279	74	74	1	0.642
1	118	0.011	1	18	72	72	1	0.474
1	119	0.011	1	206	72	72	1	0.539
1	120	0.010	2	521	74	74	1	0.643
1	121	0.010	1	276	72	72	1	0.539
1	122	0.010	1	101	72	NaN	0	NaN
1	123	0.009	1	330	72	72	1	0.092
1	124	0.009	1	312	72	72	1	0.300
1	125	0.009	2	542	74	74	1	0.645
1	126	0.008	1	508	72	72	1	0.461
1	127	0.008	1	151	72	72	1	0.589
1	128	0.008	1	266	72	72	1	0.582
1	129	0.007	1	538	72	72	1	0.710
1	130	0.007	1	78	72	72	1	0.622
1	131	0.006	1	17	72	72	1	0.575
1	132	0.006	2	131	74	74	1	0.703
1	133	0.006	1	127	72	72	1	0.455
1	134	0.005	1	202	72	72	1	0.400
1	135	0.005	1	83	72	72	1	0.488
1	136	0.005	1	191	72	72	1	0.552
1	137	0.004	1	334	72	72	1	0.689
1	138	0.004	1	297	72	72	1	0.553
1	139	0.004	1	29	72	72	1	0.505
1	140	0.003	1	42	72	72	1	0.626
1	141	0.003	1	420	72	72	1	0.618
1	142	0.003	1	378	72	72	1	0.675
1	143	0.002	1	521	72	72	1	0.692
1	144	0.002	1	373	72	72	1	0.603
1	145	0.002	1	543	72	72	1	0.596
1	146	0.002	1	489	72	72	1	0.539
1	147	0.001	1	62	72	72	1	0.508
1	148	0.001	1	197	72	72	1	0.508
1	149	0.014	1	407	72	72	1	0.639
1	150	0.013	1	149	72	72	1	0.712
1	151	0.013	1	132	72	72	1	0.712
1	152	0.013	1	243	72	72	1	0.656
1	153	0.012	1	13	72	72	1	0.641
1	154	0.012	1	26	72	72	1	0.609
1	155	0.012	1	205	72	72	1	0.610
1	156	0.011	2	528	74	74	1	0.602
1	157	0.011	1	261	72	72	1	0.506
1	158	0.010	1	271	72	72	1	0.427
1	159	0.010	1	223	72	72	1	0.395
1	160	0.010	1	376	72	72	1	0.379
1	161	0.009	1	138	72	72	1	0.444
1	162	0.009	1	337	72	72	1	0.444
1	163	0.009	1	380	72	72	1	0.596
1	164	0.008	1	522	72	72	1	0.493
1	165	0.008	2	473	74	74	1	0.709
1	166	0.008	1	141	72	72	1	0.541
1	167	0.007	1	296	72	72	1	0.590
1	168	0.007	1	499	72	72	1	0.430
1	169	0.007	1	526	72	72	1	0.447
1	170	0.006	1	404	72	72	1	0.495
1	171	0.006	1	207	72	72	1	0.639
1	172	0.006	1	28	72	72	1	0.647
1	173	0.005	1	115	72	72	1	0.600
1	174	0.005	1	289	72	72	1	0.504
1	175	0.005	1	125	72	72	1	0.585
1	176	0.004	1	531	72	72	1	0.593
1	177	0.004	1	518	72	72	1	0.553
1	178	0.004	2	299	74	74	1	0.594
1	179	0.003	1	82	72	72	1	0.506
1	180	0.003	2	113	74	74	1	0.786
1	181	0.003	1	291	72	72	1	0.635
1	182	0.002	1	133	72	72	1	0.571
1	183	0.002	1	462	72	72	1	0.587
1	184	0.002	1	77	72	72	1	0.596
1	185	0.001	1	100	72	72	1	0.612
1	186	0.001	1	193	72	72	1	0.700
1	187	0.001	1	320	72	72	1	0.797
1	188	0.014	1	8	72	72	1	0.736
1	189	0.013	1	354	72	72	1	0.592
1	190	0.015	1	240	72	72	1	0.662
1	191	0.013	1	283	72	72	1	0.674
1	192	0.012	1	272	72	72	1	0.625
1	193	0.012	1	273	72	72	1	0.625
1	194	0.011	1	350	72	72	1	0.690
1	195	0.011	1	235	72	72	1	0.634
1	196	0.011	1	68	72	72	1	0.586
1	197	0.010	1	70	72	72	1	0.699
1	198	0.010	1	347	72	72	1	0.667
1	199	0.010	1	12	72	72	1	0.803
1	200	0.009	1	14	72	72	1	0.740
1	201	0.009	1	483	72	72	1	0.692
1	202	0.009	1	230	72	72	1	0.716
1	203	0.008	1	506	72	72	1	0.733
1	204	0.008	1	57	72	72	1	0.773
1	205	0.008	1	199	72	72	1	0.830
1	206	0.007	1	370	72	72	1	0.750
1	207	0.007	2	290	74	72	0	0.782
1	208	0.007	1	47	72	NaN	0	NaN
1	209	0.006	1	71	72	72	1	0.855
1	210	0.006	1	333	72	72	1	0.735
1	211	0.006	1	402	72	72	1	0.599
1	212	0.005	1	549	72	72	1	0.568
1	213	0.005	1	383	72	72	1	0.560
1	214	0.005	2	355	74	74	1	0.857
1	215	0.004	1	239	72	72	1	0.673
1	216	0.004	1	464	72	72	1	0.729
1	217	0.004	1	179	72	72	1	0.562
1	218	0.003	2	442	74	74	1	0.618
1	219	0.003	1	313	72	72	1	0.603
1	220	0.002	1	541	72	72	1	0.523
1	221	0.002	1	11	72	72	1	0.683
1	222	0.002	1	241	72	72	1	0.667
1	223	0.001	1	247	72	72	1	0.700
1	224	0.001	1	95	72	72	1	0.676
1	225	0.001	1	21	72	72	1	0.772
1	226	0.000	1	515	72	72	1	0.765
1	227	0.013	2	388	74	74	1	0.760
1	228	0.013	1	246	72	72	1	0.608
1	229	0.013	1	249	72	72	1	0.537
1	230	0.012	1	274	72	72	1	0.745
1	231	0.012	1	181	72	72	1	0.737
1	232	0.012	1	58	72	72	1	0.578
1	233	0.011	1	445	72	72	1	0.506
1	234	0.011	1	432	72	72	1	0.698
1	235	0.011	1	469	72	72	1	0.802
1	236	0.010	1	110	72	72	1	0.787
1	237	0.010	2	431	74	74	1	0.795
1	238	0.010	1	38	72	72	1	0.547
1	239	0.010	1	475	72	72	1	0.532
1	240	0.009	1	390	72	72	1	0.516
1	241	0.009	1	5	72	72	1	0.492
1	242	0.008	1	281	72	72	1	0.469
1	243	0.008	1	430	72	72	1	0.509
1	244	0.008	1	455	72	72	1	0.574
1	245	0.007	1	353	72	72	1	0.614
1	246	0.007	1	214	72	72	1	0.494
1	247	0.007	1	135	72	72	1	0.463
1	248	0.006	1	172	72	72	1	0.439
1	249	0.006	1	228	72	72	1	0.446
1	250	0.006	1	335	72	72	1	0.472
1	251	0.005	1	497	72	72	1	0.616
1	252	0.005	1	476	72	72	1	0.736
1	253	0.004	1	534	72	72	1	0.857
1	254	0.004	1	36	72	NaN	0	NaN
1	255	0.004	1	22	72	72	1	0.122
1	256	0.003	1	63	72	72	1	0.258
1	257	0.003	1	479	72	72	1	0.330
1	258	0.003	1	393	72	72	1	0.498
1	259	0.002	1	500	72	72	1	0.531
1	260	0.002	1	194	72	72	1	0.499
1	261	0.002	1	124	72	72	1	0.468
1	262	0.001	1	155	72	72	1	0.516
1	263	0.001	1	319	72	72	1	0.436
1	264	0.001	1	306	72	72	1	0.469
1	265	0.014	1	93	72	72	1	0.392
1	266	0.013	1	448	72	72	1	0.568
1	267	0.013	1	431	72	72	1	0.632
1	268	0.013	1	472	72	72	1	0.624
1	269	0.012	1	533	72	72	1	0.649
1	270	0.012	1	307	72	72	1	0.569
1	271	0.012	1	91	72	72	1	0.586
1	272	0.011	1	308	72	72	1	0.650
1	273	0.011	1	340	72	72	1	0.610
1	274	0.014	1	9	72	72	1	0.695
1	275	0.010	1	405	72	72	1	0.587
1	276	0.010	1	421	72	72	1	0.507
1	277	0.010	1	265	72	72	1	0.419
1	278	0.009	1	298	72	72	1	0.388
1	279	0.009	1	471	72	72	1	0.420
1	280	0.009	1	493	72	72	1	0.469
1	281	0.008	1	198	72	72	1	0.493
1	282	0.008	1	442	72	72	1	0.581
1	283	0.007	1	413	72	72	1	0.518
1	284	0.007	1	81	72	72	1	0.502
1	285	0.007	1	146	72	72	1	0.510
1	286	0.006	1	259	72	72	1	0.415
1	287	0.006	1	142	72	72	1	0.431
1	288	0.006	2	439	74	72	0	0.335
1	289	0.005	1	35	72	72	1	0.592
1	290	0.005	2	146	74	74	1	0.801
1	291	0.005	1	54	72	72	1	0.568
1	292	0.004	1	126	72	72	1	0.633
1	293	0.004	1	480	72	72	1	0.561
1	294	0.004	1	356	72	72	1	0.745
1	295	0.003	1	439	72	72	1	0.866
1	296	0.003	1	288	72	72	1	0.762
1	297	0.003	1	399	72	72	1	0.667
1	298	0.002	2	123	74	74	1	0.707
1	299	0.002	1	525	72	72	1	0.731
1	300	0.002	1	24	72	NaN	0	NaN
1	301	0.001	2	19	74	72	0	0.828
1	302	0.001	1	456	72	72	1	0.732
1	303	0.001	1	2	72	72	1	0.709
1	304	0.014	1	391	72	72	1	0.591
1	305	0.013	1	457	72	72	1	0.576
1	306	0.013	1	139	72	72	1	0.585
1	307	0.013	1	258	72	72	1	0.673
1	308	0.012	1	156	72	72	1	0.681
1	309	0.012	2	323	74	74	1	0.809
1	310	0.012	1	233	72	72	1	0.634
1	311	0.011	1	369	72	72	1	0.530
1	312	0.011	1	414	72	72	1	0.442
1	313	0.010	1	169	72	72	1	0.579
1	314	0.010	1	446	72	72	1	0.595
1	315	0.010	1	360	72	72	1	0.427
1	316	0.009	2	530	74	72	0	0.476
1	317	0.009	1	400	72	72	1	0.412
1	318	0.009	1	10	72	72	1	0.460
1	319	0.008	1	173	72	72	1	0.461
1	320	0.008	1	501	72	72	1	0.581
1	321	0.008	2	129	74	72	0	0.765
1	322	0.007	1	244	72	NaN	0	NaN
1	323	0.007	1	178	72	NaN	0	NaN
1	324	0.007	1	196	72	72	1	0.022
1	325	0.006	1	416	72	72	1	0.087
1	326	0.006	1	280	72	72	1	0.375
1	327	0.006	1	45	72	72	1	0.591
1	328	0.005	1	213	72	72	1	0.704
1	329	0.005	1	331	72	NaN	0	NaN
1	330	0.005	1	519	72	NaN	0	NaN
1	331	0.004	1	232	72	72	1	0.473
1	332	0.004	1	267	72	72	1	0.793
1	333	0.004	1	507	72	72	1	0.707
1	334	0.003	1	509	72	NaN	0	NaN
1	335	0.003	1	365	72	72	1	0.026
1	336	0.003	1	385	72	72	1	0.275
1	337	0.002	2	80	74	72	0	0.371
1	338	0.002	1	484	72	72	1	0.828
1	339	0.002	1	119	72	NaN	0	NaN
1	340	0.001	2	62	74	72	0	0.108
1	341	0.001	2	256	74	74	1	0.790
1	342	0.000	1	396	72	NaN	0	NaN
1	343	0.013	1	419	72	NaN	0	NaN
1	344	0.013	1	473	72	72	1	0.032
1	345	0.015	1	409	72	72	1	0.335
1	346	0.012	1	162	72	72	1	0.481
1	347	0.012	1	386	72	72	1	0.673
1	348	0.012	1	284	72	72	1	0.754
1	349	0.013	1	523	72	72	1	0.793
1	350	0.011	1	216	72	NaN	0	NaN
1	351	0.017	1	287	72	72	1	0.876
1	352	0.012	1	492	72	72	1	0.882
1	353	0.010	2	364	74	NaN	0	NaN
1	354	0.010	1	458	72	72	1	0.660
1	355	0.009	1	505	72	72	1	0.628
1	356	0.009	1	397	72	72	1	0.684
1	357	0.009	1	358	72	72	1	0.621
1	358	0.008	1	6	72	72	1	0.573
1	359	0.008	1	349	72	72	1	0.693
1	360	0.008	1	326	72	72	1	0.614
1	361	0.007	1	528	72	72	1	0.622
1	362	0.007	1	114	72	72	1	0.510
1	363	0.007	1	453	72	72	1	0.439
1	364	0.007	1	183	72	72	1	0.430
1	365	0.006	2	158	74	74	1	0.719
1	366	0.006	1	294	72	72	1	0.631
1	367	0.005	2	296	74	NaN	0	NaN
1	368	0.005	1	222	72	72	1	0.840
1	369	0.005	1	176	72	72	1	0.641
1	370	0.004	1	362	72	72	1	0.633
1	371	0.004	1	74	72	72	1	0.545
1	372	0.004	1	31	72	72	1	0.570
1	373	0.003	1	339	72	72	1	0.554
1	374	0.003	1	130	72	72	1	0.810
1	375	0.002	1	148	72	72	1	0.675
1	376	0.002	1	116	72	72	1	0.707
1	377	0.002	1	303	72	72	1	0.659
1	378	0.002	1	327	72	72	1	0.579
1	379	0.001	2	344	74	74	1	0.748
1	380	0.001	1	466	72	72	1	0.652
1	381	0.014	1	66	72	72	1	0.663
1	382	0.013	1	112	72	72	1	0.568
1	383	0.013	1	467	72	72	1	0.696
1	384	0.013	1	92	72	72	1	0.721
1	385	0.012	1	1	72	72	1	0.793
1	386	0.012	1	355	72	72	1	0.729
1	387	0.012	1	204	72	72	1	0.594
1	388	0.011	2	97	74	74	1	0.698
1	389	0.011	1	282	72	72	1	0.498
1	390	0.011	1	88	72	72	1	0.611
1	391	0.010	1	517	72	72	1	0.547
1	392	0.010	1	301	72	72	1	0.683
1	393	0.010	1	332	72	72	1	0.612
1	394	0.009	1	158	72	NaN	0	NaN
1	395	0.009	1	429	72	72	1	0.780
1	396	0.009	1	304	72	72	1	0.789
1	397	0.008	1	377	72	72	1	0.853
1	398	0.008	2	464	74	NaN	0	NaN
1	399	0.008	1	64	72	74	0	0.006
1	400	0.007	1	474	72	72	1	0.830
1	401	0.007	1	321	72	NaN	0	NaN
1	402	0.006	1	342	72	NaN	0	NaN
1	403	0.006	1	32	72	72	1	0.071
1	404	0.006	1	329	72	72	1	0.543
1	405	0.005	1	381	72	72	1	0.760
1	406	0.005	1	520	72	NaN	0	NaN
1	407	0.005	1	315	72	72	1	0.256
1	408	0.004	1	433	72	72	1	0.329
1	409	0.004	1	367	72	72	1	0.473
1	410	0.004	1	292	72	72	1	0.418
1	411	0.003	1	440	72	72	1	0.506
1	412	0.003	1	363	72	72	1	0.530
1	413	0.003	1	317	72	72	1	0.555
1	414	0.002	2	246	74	72	0	0.707
1	415	0.002	1	107	72	NaN	0	NaN
1	416	0.002	1	532	72	72	1	0.852
1	417	0.001	1	513	72	NaN	0	NaN
1	418	0.001	1	485	72	72	1	0.004
1	419	0.001	1	418	72	72	1	0.573
1	420	0.014	1	371	72	72	1	0.767
1	421	0.014	1	34	72	72	1	0.847
1	422	0.013	1	481	72	NaN	0	NaN
1	423	0.013	2	61	74	74	1	0.833
1	424	0.012	1	262	72	72	1	0.609
1	425	0.012	1	218	72	72	1	0.857
1	426	0.015	2	488	74	NaN	0	NaN
1	427	0.011	1	220	72	NaN	0	NaN
1	428	0.011	2	382	74	72	0	0.186
1	429	0.011	1	161	72	NaN	0	NaN
1	430	0.010	1	211	72	72	1	0.059
1	431	0.010	1	375	72	72	1	0.451
1	432	0.010	1	547	72	72	1	0.516
1	433	0.009	1	394	72	72	1	0.652
1	434	0.009	1	488	72	72	1	0.564
1	435	0.009	1	548	72	72	1	0.597
1	436	0.008	1	318	72	72	1	0.629
1	437	0.008	1	113	72	72	1	0.542
1	438	0.007	1	435	72	72	1	0.406
1	439	0.007	1	374	72	72	1	0.526
1	440	0.007	1	529	72	72	1	0.695
1	441	0.006	1	234	72	72	1	0.559
1	442	0.006	2	425	74	72	0	0.503
1	443	0.006	1	494	72	72	1	0.527
1	444	0.005	1	323	72	72	1	0.464
1	445	0.005	1	147	72	72	1	0.512
1	446	0.005	1	540	72	72	1	0.472
1	447	0.004	1	48	72	72	1	0.433
1	448	0.004	1	384	72	72	1	0.465
1	449	0.004	1	140	72	72	1	0.346
1	450	0.003	1	43	72	72	1	0.418
1	451	0.004	1	106	72	72	1	0.698
1	452	0.003	1	129	72	72	1	0.667
1	453	0.002	1	295	72	72	1	0.547
1	454	0.002	1	52	72	72	1	0.619
1	455	0.002	1	229	72	72	1	0.500
1	456	0.001	1	251	72	72	1	0.556
1	457	0.001	2	515	74	72	0	0.460
1	458	0.001	1	103	72	72	1	0.533
1	459	0.014	1	256	72	72	1	0.543
1	460	0.013	1	104	72	72	1	0.456
1	461	0.013	2	298	74	74	1	0.712
1	462	0.012	1	299	72	72	1	0.505
1	463	0.012	1	30	72	72	1	0.537
1	464	0.012	1	470	72	72	1	0.585
1	465	0.011	1	425	72	72	1	0.650
1	466	0.011	1	465	72	NaN	0	NaN
1	467	0.011	2	394	74	72	0	0.066
1	468	0.011	1	530	72	72	1	0.739
1	469	0.010	1	227	72	NaN	0	NaN
1	470	0.010	1	79	72	72	1	0.068
1	471	0.009	1	27	72	72	1	0.724
1	472	0.009	1	379	72	72	1	0.732
1	473	0.009	1	408	72	72	1	0.709
1	474	0.008	1	40	72	72	1	0.568
1	475	0.008	2	360	74	72	0	0.477
1	476	0.008	1	387	72	72	1	0.293
1	477	0.007	1	512	72	72	1	0.822
1	478	0.007	1	212	72	NaN	0	NaN
1	479	0.007	1	150	72	72	1	0.007
1	480	0.006	1	504	72	72	1	0.375
1	481	0.006	1	346	72	72	1	0.735
1	482	0.006	1	263	72	72	1	0.616
1	483	0.005	2	533	74	74	1	0.713
1	484	0.005	1	59	72	72	1	0.528
1	485	0.005	1	175	72	72	1	0.441
1	486	0.004	1	20	72	72	1	0.503
1	487	0.004	1	316	72	72	1	0.513
1	488	0.004	1	345	72	72	1	0.610
1	489	0.003	1	195	72	72	1	0.618
1	490	0.003	1	252	72	72	1	0.602
1	491	0.002	1	186	72	72	1	0.565
1	492	0.002	1	305	72	72	1	0.499
1	493	0.002	1	524	72	72	1	0.819
1	494	0.001	1	16	72	72	1	0.836
1	495	0.001	1	61	72	NaN	0	NaN
1	496	0.001	2	29	74	72	0	0.017
1	497	0.014	1	200	72	72	1	0.751
1	498	0.013	1	84	72	72	1	0.808
1	499	0.013	1	188	72	72	1	0.800
1	500	0.013	1	434	72	72	1	0.832

*********************************************
* Sustained Attention and Recognition Memory Experiment - Memory Test v.1.0
* Date/Time: 03-Feb-2015 14:49:15
* Seed: 208482.4
* Subject Number: 67
* Subject Name: MB
* Run Number: 1
* debug: 0
*********************************************

1	1	1	3	248	50	1	4.437
1	2	1	1	232	49	0	1.854
1	3	2	2	431	52	1	3.176
1	4	1	1	279	51	1	2.023
1	5	1	1	530	52	1	1.389
1	6	2	2	55	49	0	1.910
1	7	2	4	423	49	1	3.703
1	8	2	4	47	51	0	2.545
1	9	1	3	143	51	0	2.087
1	10	1	1	214	49	0	2.174
1	11	1	3	422	51	0	1.831
1	12	2	4	363	50	1	4.646
1	13	1	1	138	52	1	3.682
1	14	2	4	247	51	0	4.449
1	15	2	4	333	52	0	1.875
1	16	1	1	531	52	1	4.001
1	17	2	2	299	52	1	2.126
1	18	2	4	231	50	1	1.932
1	19	1	3	382	51	0	3.072
1	20	2	4	467	50	1	1.383
1	21	2	2	129	51	1	1.701
1	22	2	4	250	49	1	2.790
1	23	2	2	146	52	1	2.752
1	24	2	4	336	50	1	4.801
1	25	2	2	521	52	1	3.008
1	26	2	4	539	49	1	9.621
1	27	2	4	273	51	0	2.894
1	28	1	1	203	49	0	2.543
1	29	2	2	50	52	1	3.083
1	30	1	1	70	52	1	2.276
1	31	2	2	57	49	0	1.974
1	32	2	2	515	51	1	2.175
1	33	2	4	186	50	1	1.835
1	34	1	3	451	52	0	3.865
1	35	1	3	19	49	1	3.077
1	36	2	2	530	49	0	2.956
1	37	1	1	476	50	0	2.341
1	38	1	3	86	52	0	2.378
1	39	1	1	537	50	0	2.125
1	40	1	3	544	51	0	2.503
1	41	1	3	401	49	1	3.213
1	42	2	4	183	49	1	1.703
1	43	2	2	394	52	1	3.648
1	44	2	2	29	52	1	2.375
1	45	1	1	1	52	1	2.165
1	46	1	3	23	50	1	2.182
1	47	1	1	398	50	0	1.912
1	48	2	2	472	52	1	2.184
1	49	2	2	62	50	0	1.722
1	50	1	3	468	52	0	4.123
1	51	1	3	87	52	0	1.378
1	52	2	4	419	49	1	2.304
1	53	2	4	455	49	1	3.511
1	54	1	3	417	51	0	2.403
1	55	2	2	61	52	1	2.535
1	56	2	2	429	52	1	2.195
1	57	2	4	35	52	0	1.553
1	58	2	4	237	52	0	1.594
1	59	1	3	478	49	1	3.262
1	60	2	4	164	50	1	2.674
1	61	2	2	355	52	1	5.425
1	62	1	3	250	50	1	2.350
1	63	1	1	238	51	1	1.618
1	64	2	2	425	52	1	3.176
1	65	2	2	488	52	1	1.257
1	66	2	2	246	52	1	1.098
1	67	1	1	331	49	0	3.502
1	68	2	4	342	49	1	1.868
1	69	2	2	97	50	0	2.150
1	70	2	2	360	50	0	1.772
1	71	1	1	479	49	0	1.960
1	72	1	1	409	52	1	1.881
1	73	1	3	187	49	1	2.120
1	74	2	2	123	49	0	3.134
1	75	2	2	131	52	1	2.269
1	76	1	1	425	50	0	10.830
1	77	1	3	269	51	0	4.746
1	78	2	4	315	50	1	5.911
1	79	1	3	109	52	0	3.689
1	80	1	3	224	52	0	1.584
1	81	1	3	98	49	1	1.532
1	82	1	3	145	49	1	1.045
1	83	2	4	507	52	0	1.950
1	84	1	1	228	52	1	2.529
1	85	2	4	44	49	1	1.789
1	86	1	3	368	49	1	2.601
1	87	1	3	424	49	1	2.610
1	88	1	3	498	50	1	2.108
1	89	1	3	182	52	0	2.647
1	90	1	1	127	52	1	2.393
1	91	2	4	224	51	0	1.333
1	92	1	1	186	51	1	1.336
1	93	2	4	76	49	1	2.428
1	94	2	4	198	52	0	2.418
1	95	1	3	388	52	0	1.326
1	96	2	4	502	49	1	2.223
1	97	1	3	344	50	1	3.624
1	98	1	1	427	51	1	5.207
1	99	1	3	152	50	1	6.039
1	100	2	4	91	50	1	2.199
1	101	2	4	350	49	1	2.256
1	102	1	3	49	52	0	2.441
1	103	2	4	358	49	1	1.960
1	104	1	1	179	52	1	1.660
1	105	2	4	26	49	1	1.719
1	106	2	2	298	49	0	1.454
1	107	2	4	316	49	1	1.081
1	108	1	1	297	52	1	2.564
1	109	1	1	156	51	1	3.088
1	110	1	1	452	49	0	2.730
1	111	2	4	270	50	1	5.158
1	112	1	1	188	52	1	2.792
1	113	2	2	473	49	0	1.809
1	114	1	1	324	52	1	1.451
1	115	1	3	491	49	1	4.201
1	116	2	4	477	49	1	1.397
1	117	2	4	393	49	1	3.785
1	118	2	2	279	49	0	1.912
1	119	1	1	384	52	1	2.946
1	120	1	1	107	50	0	10.405
1	121	1	1	233	51	1	1.550
1	122	1	3	185	50	1	1.800
1	123	1	3	209	49	1	4.480
1	124	1	3	482	49	1	1.061
1	125	1	3	217	52	0	2.688
1	126	2	2	344	52	1	1.764
1	127	1	1	117	49	0	1.960
1	128	2	2	296	52	1	1.407
1	129	1	1	76	52	1	2.565
1	130	2	2	53	50	0	2.051
1	131	1	1	31	52	1	3.885
1	132	1	1	471	52	1	1.988
1	133	1	1	370	52	1	1.213
1	134	2	2	193	49	0	2.329
1	135	2	4	11	49	1	1.202
1	136	2	4	319	49	1	4.624
1	137	2	4	194	49	1	3.068
1	138	1	1	78	52	1	1.558
1	139	2	2	382	49	0	1.527
1	140	2	4	532	49	1	0.992
1	141	2	2	439	49	0	1.265
1	142	1	3	94	52	0	2.679
1	143	1	1	256	52	1	1.414
1	144	2	2	388	49	0	2.519
1	145	2	4	485	49	1	1.568
1	146	2	4	535	49	1	1.284
1	147	2	4	410	49	1	1.050
1	148	1	1	321	52	1	0.976
1	149	1	3	159	50	1	1.542
1	150	2	2	158	50	0	1.666
1	151	1	1	469	50	0	1.237
1	152	2	2	528	50	0	0.947
1	153	2	2	323	49	0	1.551
1	154	2	4	255	50	1	1.288
1	155	1	3	189	49	1	2.078
1	156	2	2	542	52	1	3.709
1	157	1	3	170	49	1	1.361
1	158	2	2	442	52	1	1.271
1	159	1	3	546	49	1	2.752
1	160	1	1	61	52	1	1.489
1	161	2	2	464	52	1	1.960
1	162	1	1	358	50	0	4.921
1	163	2	4	22	52	0	4.944
1	164	2	4	1	52	0	5.312
1	165	1	1	235	49	0	1.755
1	166	1	1	249	50	0	1.062
1	167	1	3	134	52	0	1.576
1	168	2	2	533	52	1	1.127
1	169	2	2	256	49	0	1.259
1	170	2	4	252	50	1	0.833
1	171	2	2	484	50	0	0.804
1	172	1	3	25	50	1	7.744
1	173	1	1	275	52	1	1.894
1	174	1	3	302	49	1	1.602
1	175	1	1	27	49	0	1.632
1	176	2	2	80	50	0	1.364
1	177	1	1	119	51	1	0.956
1	178	1	1	365	51	1	0.634
1	179	2	2	113	49	0	2.950
1	180	2	2	396	49	0	1.300
1	181	1	3	65	49	1	1.075
1	182	2	4	204	51	0	5.289
1	183	1	3	293	49	1	3.126
1	184	1	3	226	52	0	0.933
1	185	2	4	272	49	1	1.349
1	186	1	1	99	49	0	1.830
1	187	1	3	328	52	0	1.066
1	188	1	3	437	49	1	4.792
1	189	2	2	19	49	0	2.290
1	190	1	1	243	49	0	1.200
1	191	1	1	172	49	0	0.887
1	192	2	2	375	50	0	2.128
1	193	2	2	290	51	1	1.790
1	194	2	4	287	49	1	4.961
1	195	1	3	97	49	1	1.318
1	196	2	4	13	51	0	0.986
1	197	1	3	461	51	0	1.472
1	198	2	4	288	49	1	1.532
1	199	1	3	137	51	0	1.701
1	200	2	2	364	52	1	1.334
