
*********************************************
* Sustained Attention and Recognition Memory Experiment - Sustained Attention Task v.1.0
* Date/Time: 02-Feb-2015 10:04:13
* Seed: 208870.1934
* Subject Number: 59
* Subject Name: TB
* Run Number: 1
* debug: 0
*********************************************

run	trl	tdf	sct	simg	crsp	rsp	acc	rt
1	1	0.012	1	226	11	11	1	0.764
1	2	0.012	1	246	11	11	1	0.789
1	3	0.012	1	481	11	11	1	0.765
1	4	0.013	1	513	11	11	1	0.771
1	5	0.013	1	30	11	11	1	0.827
1	6	0.013	1	89	11	11	1	0.801
1	7	0.013	1	63	11	11	1	0.857
1	8	0.013	1	281	11	11	1	0.737
1	9	0.013	1	175	11	11	1	0.747
1	10	0.014	1	260	11	11	1	0.723
1	11	0.014	1	480	11	11	1	0.729
1	12	0.014	1	448	11	11	1	0.817
1	13	0.014	1	179	11	11	1	0.731
1	14	0.001	1	82	11	11	1	0.622
1	15	0.001	1	438	11	11	1	0.759
1	16	0.001	1	532	11	11	1	0.654
1	17	0.002	1	117	11	11	1	0.806
1	18	0.002	1	24	11	11	1	0.735
1	19	0.002	1	433	11	11	1	0.678
1	20	0.002	1	55	11	11	1	0.476
1	21	0.002	2	180	13	11	0	0.102
1	22	0.003	1	367	11	11	1	0.652
1	23	0.003	1	227	11	11	1	0.707
1	24	0.003	1	79	11	11	1	0.731
1	25	0.003	1	449	11	11	1	0.691
1	26	0.003	1	425	11	11	1	0.748
1	27	0.004	1	334	11	11	1	0.756
1	28	0.004	2	212	13	13	1	0.699
1	29	0.004	1	217	11	11	1	0.579
1	30	0.004	1	524	11	11	1	0.733
1	31	0.004	1	143	11	11	1	0.770
1	32	0.005	1	108	11	11	1	0.730
1	33	0.005	1	343	11	11	1	0.786
1	34	0.005	1	51	11	11	1	0.779
1	35	0.005	1	387	11	11	1	0.802
1	36	0.005	1	152	11	11	1	0.746
1	37	0.006	1	476	11	11	1	0.882
1	38	0.006	2	526	13	NaN	0	NaN
1	39	0.006	1	525	11	11	1	0.737
1	40	0.006	1	340	11	11	1	0.649
1	41	0.006	1	502	11	11	1	0.850
1	42	0.007	1	333	11	NaN	0	NaN
1	43	0.007	1	298	11	NaN	0	NaN
1	44	0.007	2	463	13	13	1	0.553
1	45	0.007	1	500	11	11	1	0.751
1	46	0.007	1	62	11	11	1	0.648
1	47	0.007	1	110	11	NaN	0	NaN
1	48	0.008	1	183	11	NaN	0	NaN
1	49	0.008	1	495	11	NaN	0	NaN
1	50	0.008	1	278	11	NaN	0	NaN
1	51	0.008	1	396	11	11	1	0.080
1	52	0.008	1	146	11	11	1	0.168
1	53	0.009	1	423	11	11	1	0.734
1	54	0.009	1	309	11	11	1	0.615
1	55	0.009	1	73	11	11	1	0.592
1	56	0.009	1	458	11	11	1	0.741
1	57	0.009	1	107	11	11	1	0.815
1	58	0.009	2	48	13	13	1	0.678
1	59	0.010	1	135	11	11	1	0.396
1	60	0.010	1	361	11	11	1	0.486
1	61	0.010	1	60	11	11	1	0.686
1	62	0.010	1	154	11	11	1	0.725
1	63	0.011	1	40	11	11	1	0.750
1	64	0.011	1	223	11	NaN	0	NaN
1	65	0.011	1	301	11	NaN	0	NaN
1	66	0.011	1	357	11	NaN	0	NaN
1	67	0.011	2	236	13	13	1	0.604
1	68	0.012	1	153	11	11	1	0.421
1	69	0.012	1	378	11	11	1	0.380
1	70	0.012	1	144	11	11	1	0.402
1	71	0.012	1	485	11	11	1	0.363
1	72	0.012	1	531	11	11	1	0.610
1	73	0.013	1	430	11	11	1	0.538
1	74	0.013	1	266	11	11	1	0.466
1	75	0.013	1	472	11	11	1	0.491
1	76	0.013	1	255	11	11	1	0.466
1	77	0.013	1	274	11	11	1	0.475
1	78	0.013	1	247	11	11	1	0.481
1	79	0.014	1	188	11	11	1	0.555
1	80	0.014	1	80	11	11	1	0.673
1	81	0.014	1	397	11	11	1	0.635
1	82	0.014	1	303	11	11	1	0.785
1	83	0.001	1	352	11	NaN	0	NaN
1	84	0.001	1	497	11	11	1	0.863
1	85	0.001	1	316	11	11	1	0.726
1	86	0.002	1	33	11	11	1	0.670
1	87	0.002	1	47	11	11	1	0.694
1	88	0.002	1	518	11	11	1	0.764
1	89	0.002	1	294	11	11	1	0.662
1	90	0.002	1	156	11	11	1	0.783
1	91	0.003	1	375	11	11	1	0.692
1	92	0.003	1	242	11	11	1	0.621
1	93	0.003	1	121	11	11	1	0.630
1	94	0.003	2	461	13	13	1	0.733
1	95	0.003	1	253	11	11	1	0.357
1	96	0.004	1	406	11	11	1	0.267
1	97	0.004	1	428	11	11	1	0.258
1	98	0.004	1	317	11	11	1	0.235
1	99	0.004	1	102	11	11	1	0.178
1	100	0.004	1	442	11	11	1	0.187
1	101	0.005	1	475	11	11	1	0.210
1	102	0.005	1	297	11	11	1	0.155
1	103	0.005	1	392	11	11	1	0.337
1	104	0.005	1	222	11	11	1	0.378
1	105	0.005	1	527	11	11	1	0.466
1	106	0.006	1	323	11	11	1	0.539
1	107	0.006	1	48	11	11	1	0.481
1	108	0.006	2	66	13	13	1	0.553
1	109	0.006	1	168	11	11	1	0.291
1	110	0.006	1	177	11	11	1	0.280
1	111	0.007	1	185	11	11	1	0.321
1	112	0.007	1	243	11	11	1	0.298
1	113	0.007	1	508	11	11	1	0.528
1	114	0.007	1	307	11	11	1	0.583
1	115	0.007	2	460	13	13	1	0.799
1	116	0.008	1	453	11	11	1	0.521
1	117	0.008	1	238	11	11	1	0.512
1	118	0.008	1	310	11	11	1	0.344
1	119	0.008	1	373	11	11	1	0.399
1	120	0.008	1	335	11	11	1	0.470
1	121	0.008	1	446	11	11	1	0.320
1	122	0.009	1	87	11	11	1	0.424
1	123	0.009	1	114	11	11	1	0.368
1	124	0.009	1	394	11	11	1	0.405
1	125	0.009	1	465	11	11	1	0.350
1	126	0.009	1	76	11	11	1	0.550
1	127	0.010	1	390	11	11	1	0.622
1	128	0.010	1	261	11	11	1	0.598
1	129	0.010	1	106	11	11	1	0.606
1	130	0.010	1	127	11	11	1	0.470
1	131	0.010	1	207	11	11	1	0.476
1	132	0.011	2	475	13	11	0	0.597
1	133	0.011	1	104	11	11	1	0.620
1	134	0.011	1	429	11	11	1	0.693
1	135	0.011	1	165	11	11	1	0.652
1	136	0.011	1	419	11	11	1	0.643
1	137	0.012	1	443	11	11	1	0.667
1	138	0.012	1	92	11	11	1	0.707
1	139	0.012	1	91	11	11	1	0.650
1	140	0.012	1	318	11	11	1	0.611
1	141	0.012	1	383	11	11	1	0.635
1	142	0.013	1	509	11	11	1	0.628
1	143	0.013	2	140	13	13	1	0.604
1	144	0.013	1	236	11	11	1	0.386
1	145	0.013	1	17	11	11	1	0.377
1	146	0.013	1	74	11	11	1	0.387
1	147	0.014	1	272	11	11	1	0.346
1	148	0.014	1	408	11	11	1	0.321
1	149	0.014	2	19	13	11	0	0.297
1	150	0.014	1	241	11	11	1	0.291
1	151	0.001	1	42	11	11	1	0.328
1	152	0.001	1	159	11	11	1	0.333
1	153	0.001	1	265	11	11	1	0.325
1	154	0.001	2	227	13	11	0	0.382
1	155	0.002	1	22	11	11	1	0.487
1	156	0.002	1	514	11	11	1	0.382
1	157	0.002	2	350	13	11	0	0.340
1	158	0.002	1	141	11	11	1	0.397
1	159	0.002	1	353	11	11	1	0.374
1	160	0.003	2	520	13	13	1	0.556
1	161	0.003	1	520	11	11	1	0.372
1	162	0.003	1	209	11	11	1	0.460
1	163	0.003	1	464	11	11	1	0.710
1	164	0.003	1	191	11	11	1	0.524
1	165	0.004	1	99	11	11	1	0.339
1	166	0.004	1	401	11	11	1	0.347
1	167	0.004	1	248	11	11	1	0.373
1	168	0.004	1	263	11	11	1	0.365
1	169	0.004	1	463	11	11	1	0.338
1	170	0.005	1	41	11	11	1	0.300
1	171	0.005	1	431	11	11	1	0.371
1	172	0.005	1	488	11	11	1	0.314
1	173	0.005	1	43	11	11	1	0.401
1	174	0.005	1	507	11	11	1	0.315
1	175	0.006	1	160	11	11	1	0.322
1	176	0.006	1	84	11	11	1	0.331
1	177	0.006	2	501	13	11	0	0.355
1	178	0.006	1	103	11	11	1	0.378
1	179	0.006	1	374	11	11	1	0.449
1	180	0.007	1	291	11	11	1	0.410
1	181	0.007	1	535	11	11	1	0.338
1	182	0.007	1	18	11	11	1	0.377
1	183	0.007	1	96	11	11	1	0.369
1	184	0.007	1	100	11	11	1	0.328
1	185	0.008	1	365	11	11	1	0.401
1	186	0.008	1	162	11	11	1	0.391
1	187	0.008	1	269	11	11	1	0.320
1	188	0.008	2	215	13	11	0	0.391
1	189	0.008	1	311	11	11	1	0.399
1	190	0.008	1	486	11	11	1	0.342
1	191	0.009	2	334	13	11	0	0.398
1	192	0.009	1	444	11	11	1	0.311
1	193	0.009	1	376	11	11	1	0.399
1	194	0.009	1	329	11	11	1	0.517
1	195	0.009	1	286	11	11	1	0.429
1	196	0.010	1	257	11	11	1	0.407
1	197	0.010	1	452	11	11	1	0.526
1	198	0.010	1	515	11	11	1	0.340
1	199	0.010	1	284	11	11	1	0.350
1	200	0.010	1	345	11	11	1	0.390
1	201	0.011	2	313	13	13	1	0.509
1	202	0.011	1	280	11	11	1	0.323
1	203	0.011	1	208	11	11	1	0.302
1	204	0.011	1	119	11	11	1	0.339
1	205	0.011	1	543	11	11	1	0.395
1	206	0.012	1	537	11	11	1	0.420
1	207	0.012	2	161	13	11	0	0.477
1	208	0.012	1	276	11	11	1	0.405
1	209	0.012	2	113	13	13	1	0.698
1	210	0.012	1	459	11	11	1	0.322
1	211	0.013	1	409	11	11	1	0.362
1	212	0.013	1	131	11	11	1	0.372
1	213	0.013	1	196	11	11	1	0.379
1	214	0.013	1	198	11	11	1	0.450
1	215	0.013	1	504	11	11	1	0.540
1	216	0.014	1	142	11	11	1	0.609
1	217	0.014	1	371	11	11	1	0.458
1	218	0.014	1	289	11	11	1	0.337
1	219	0.014	1	189	11	11	1	0.298
1	220	0.001	1	506	11	11	1	0.559
1	221	0.001	1	221	11	11	1	0.453
1	222	0.001	1	332	11	11	1	0.399
1	223	0.002	1	199	11	11	1	0.471
1	224	0.002	1	171	11	11	1	0.413
1	225	0.002	1	283	11	11	1	0.390
1	226	0.002	1	169	11	11	1	0.414
1	227	0.002	1	176	11	11	1	0.358
1	228	0.002	2	397	13	13	1	0.684
1	229	0.003	1	467	11	11	1	0.421
1	230	0.003	1	149	11	11	1	0.412
1	231	0.003	1	259	11	11	1	0.388
1	232	0.003	2	389	13	13	1	0.509
1	233	0.003	1	478	11	11	1	0.357
1	234	0.004	1	468	11	11	1	0.523
1	235	0.004	1	252	11	11	1	0.517
1	236	0.004	1	20	11	11	1	0.427
1	237	0.004	1	517	11	11	1	0.421
1	238	0.004	1	124	11	11	1	0.571
1	239	0.005	1	200	11	11	1	0.515
1	240	0.005	1	182	11	11	1	0.443
1	241	0.005	1	186	11	11	1	0.483
1	242	0.005	1	358	11	11	1	0.443
1	243	0.005	1	279	11	11	1	0.643
1	244	0.006	1	501	11	11	1	0.635
1	245	0.006	1	347	11	11	1	0.721
1	246	0.006	1	38	11	11	1	0.616
1	247	0.006	1	522	11	11	1	0.626
1	248	0.006	1	134	11	11	1	0.601
1	249	0.006	1	470	11	11	1	0.690
1	250	0.007	1	249	11	11	1	0.648
1	251	0.007	1	339	11	11	1	0.721
1	252	0.007	1	2	11	11	1	0.888
1	253	0.007	1	399	11	NaN	0	NaN
1	254	0.007	1	132	11	11	1	0.009
1	255	0.008	1	314	11	11	1	0.128
1	256	0.008	1	498	11	11	1	0.311
1	257	0.008	1	516	11	11	1	0.255
1	258	0.008	1	69	11	11	1	0.295
1	259	0.008	2	10	13	11	0	0.240
1	260	0.009	1	388	11	11	1	0.439
1	261	0.009	1	163	11	11	1	0.318
1	262	0.009	1	201	11	11	1	0.327
1	263	0.009	1	322	11	11	1	0.398
1	264	0.009	1	461	11	11	1	0.389
1	265	0.010	1	356	11	11	1	0.350
1	266	0.010	1	315	11	11	1	0.548
1	267	0.010	1	540	11	11	1	0.412
1	268	0.010	1	111	11	11	1	0.388
1	269	0.010	1	511	11	11	1	0.317
1	270	0.011	1	521	11	11	1	0.405
1	271	0.011	1	326	11	11	1	0.348
1	272	0.011	1	450	11	11	1	0.356
1	273	0.011	1	308	11	11	1	0.443
1	274	0.011	1	412	11	11	1	0.547
1	275	0.012	1	477	11	11	1	0.603
1	276	0.012	1	219	11	11	1	0.452
1	277	0.012	2	429	13	13	1	0.602
1	278	0.012	1	190	11	11	1	0.403
1	279	0.012	1	426	11	11	1	0.330
1	280	0.013	1	229	11	11	1	0.372
1	281	0.013	1	94	11	11	1	0.348
1	282	0.013	1	440	11	11	1	0.404
1	283	0.013	1	211	11	11	1	0.282
1	284	0.013	1	239	11	11	1	0.355
1	285	0.014	1	338	11	11	1	0.649
1	286	0.014	1	129	11	11	1	0.499
1	287	0.014	1	197	11	11	1	0.394
1	288	0.014	1	405	11	11	1	0.416
1	289	0.001	1	550	11	11	1	0.391
1	290	0.001	1	81	11	11	1	0.414
1	291	0.001	1	214	11	11	1	0.469
1	292	0.002	1	321	11	11	1	0.510
1	293	0.002	1	158	11	11	1	0.437
1	294	0.002	1	484	11	11	1	0.478
1	295	0.002	1	451	11	11	1	0.453
1	296	0.002	1	31	11	11	1	0.430
1	297	0.002	1	145	11	11	1	0.422
1	298	0.003	1	275	11	11	1	0.366
1	299	0.003	1	474	11	11	1	0.421
1	300	0.003	1	157	11	11	1	0.414
1	301	0.003	1	441	11	11	1	0.373
1	302	0.003	1	348	11	11	1	0.347
1	303	0.004	2	11	13	13	1	0.483
1	304	0.004	1	58	11	11	1	0.315
1	305	0.004	2	101	13	11	0	0.325
1	306	0.004	1	122	11	11	1	0.476
1	307	0.004	1	250	11	11	1	0.611
1	308	0.005	1	59	11	11	1	0.476
1	309	0.005	1	19	11	11	1	0.388
1	310	0.005	1	113	11	11	1	0.714
1	311	0.005	2	292	13	13	1	0.594
1	312	0.005	1	49	11	11	1	0.345
1	313	0.006	1	351	11	11	1	0.610
1	314	0.006	1	181	11	11	1	0.411
1	315	0.006	1	541	11	11	1	0.418
1	316	0.006	1	547	11	11	1	0.408
1	317	0.006	1	71	11	11	1	0.530
1	318	0.007	1	93	11	11	1	0.810
1	319	0.007	1	245	11	11	1	0.767
1	320	0.007	1	377	11	11	1	0.730
1	321	0.007	1	454	11	NaN	0	NaN
1	322	0.007	1	172	11	11	1	0.823
1	323	0.007	1	271	11	11	1	0.753
1	324	0.008	1	192	11	NaN	0	NaN
1	325	0.008	1	437	11	11	1	0.111
1	326	0.008	1	460	11	11	1	0.760
1	327	0.008	1	435	11	11	1	0.639
1	328	0.009	1	331	11	11	1	0.422
1	329	0.009	1	116	11	11	1	0.318
1	330	0.009	1	410	11	11	1	0.391
1	331	0.009	1	346	11	11	1	0.238
1	332	0.009	1	139	11	11	1	0.392
1	333	0.009	1	306	11	11	1	0.399
1	334	0.010	1	432	11	11	1	0.421
1	335	0.010	1	350	11	11	1	0.398
1	336	0.010	1	416	11	11	1	0.421
1	337	0.010	1	526	11	11	1	0.461
1	338	0.010	1	277	11	11	1	0.388
1	339	0.011	1	230	11	11	1	0.349
1	340	0.011	1	85	11	11	1	0.308
1	341	0.011	1	25	11	11	1	0.444
1	342	0.011	1	379	11	11	1	0.326
1	343	0.011	1	493	11	11	1	0.283
1	344	0.012	1	52	11	11	1	0.260
1	345	0.012	1	536	11	11	1	0.331
1	346	0.012	1	489	11	11	1	0.420
1	347	0.012	1	519	11	11	1	0.490
1	348	0.012	2	297	13	11	0	0.483
1	349	0.013	2	125	13	11	0	0.764
1	350	0.013	1	45	11	11	1	0.804
1	351	0.013	1	360	11	11	1	0.874
1	352	0.013	1	234	11	11	1	0.788
1	353	0.013	1	136	11	11	1	0.714
1	354	0.014	1	70	11	11	1	0.659
1	355	0.014	1	512	11	11	1	0.522
1	356	0.014	1	231	11	11	1	0.562
1	357	0.014	1	28	11	11	1	0.826
1	358	0.001	2	239	13	13	1	0.637
1	359	0.001	1	548	11	11	1	0.392
1	360	0.001	1	370	11	11	1	0.383
1	361	0.002	1	483	11	11	1	0.375
1	362	0.002	1	215	11	11	1	0.510
1	363	0.002	1	287	11	11	1	0.375
1	364	0.002	1	466	11	11	1	0.397
1	365	0.002	1	86	11	11	1	0.533
1	366	0.002	2	130	13	13	1	0.541
1	367	0.003	1	355	11	11	1	0.356
1	368	0.003	1	32	11	11	1	0.379
1	369	0.003	1	359	11	11	1	0.357
1	370	0.003	1	204	11	11	1	0.428
1	371	0.003	1	324	11	11	1	0.597
1	372	0.004	1	39	11	11	1	0.444
1	373	0.004	1	523	11	11	1	0.771
1	374	0.004	2	74	13	13	1	0.572
1	375	0.004	1	97	11	11	1	0.370
1	376	0.004	1	539	11	11	1	0.412
1	377	0.005	1	471	11	11	1	0.322
1	378	0.005	1	337	11	11	1	0.490
1	379	0.005	1	319	11	11	1	0.402
1	380	0.005	2	278	13	13	1	0.602
1	381	0.005	2	471	13	11	0	0.356
1	382	0.006	2	7	13	11	0	0.555
1	383	0.006	1	232	11	NaN	0	NaN
1	384	0.006	1	23	11	11	1	0.057
1	385	0.006	2	315	13	13	1	0.576
1	386	0.006	1	473	11	11	1	0.650
1	387	0.007	1	8	11	11	1	0.560
1	388	0.007	1	50	11	11	1	0.457
1	389	0.007	1	125	11	11	1	0.480
1	390	0.007	1	180	11	11	1	0.585
1	391	0.007	1	225	11	11	1	0.431
1	392	0.008	1	546	11	11	1	0.441
1	393	0.008	1	88	11	11	1	0.367
1	394	0.008	1	384	11	11	1	0.424
1	395	0.008	1	258	11	11	1	0.639
1	396	0.008	1	150	11	11	1	0.470
1	397	0.009	1	35	11	11	1	0.446
1	398	0.009	1	173	11	11	1	0.598
1	399	0.009	2	128	13	13	1	0.638
1	400	0.009	1	126	11	11	1	0.584
1	401	0.009	1	372	11	11	1	0.446
1	402	0.009	1	15	11	11	1	0.471
1	403	0.010	1	499	11	11	1	0.671
1	404	0.010	1	414	11	11	1	0.644
1	405	0.010	1	421	11	11	1	0.718
1	406	0.010	1	46	11	11	1	0.870
1	407	0.010	1	161	11	NaN	0	NaN
1	408	0.011	1	389	11	11	1	0.229
1	409	0.011	2	408	13	13	1	0.558
1	410	0.011	1	349	11	11	1	0.404
1	411	0.011	1	436	11	11	1	0.620
1	412	0.011	1	29	11	11	1	0.437
1	413	0.012	1	64	11	11	1	0.317
1	414	0.012	1	545	11	11	1	0.293
1	415	0.012	1	195	11	11	1	0.315
1	416	0.012	1	174	11	11	1	0.371
1	417	0.012	1	54	11	11	1	0.442
1	418	0.013	1	391	11	11	1	0.388
1	419	0.013	1	101	11	11	1	0.348
1	420	0.013	1	118	11	11	1	0.323
1	421	0.013	1	510	11	11	1	0.425
1	422	0.013	1	53	11	11	1	0.355
1	423	0.014	1	325	11	11	1	0.330
1	424	0.014	1	256	11	11	1	0.337
1	425	0.014	1	95	11	11	1	0.313
1	426	0.014	1	487	11	11	1	0.338
1	427	0.001	1	385	11	11	1	0.406
1	428	0.001	1	479	11	11	1	0.351
1	429	0.001	1	72	11	11	1	0.566
1	430	0.002	1	166	11	11	1	0.365
1	431	0.002	1	327	11	11	1	0.373
1	432	0.002	1	366	11	11	1	0.349
1	433	0.002	1	300	11	11	1	0.486
1	434	0.002	1	206	11	11	1	0.350
1	435	0.003	1	411	11	11	1	0.389
1	436	0.003	1	330	11	11	1	0.396
1	437	0.003	1	505	11	11	1	0.372
1	438	0.003	1	304	11	11	1	0.509
1	439	0.003	2	499	13	13	1	0.595
1	440	0.003	1	224	11	11	1	0.444
1	441	0.004	2	33	13	13	1	0.533
1	442	0.004	1	407	11	11	1	0.347
1	443	0.004	1	170	11	11	1	0.403
1	444	0.004	2	396	13	13	1	0.556
1	445	0.004	1	140	11	11	1	0.516
1	446	0.004	1	36	11	11	1	0.460
1	447	0.005	1	381	11	11	1	0.323
1	448	0.005	1	336	11	11	1	0.556
1	449	0.005	1	530	11	11	1	0.435
1	450	0.005	1	7	11	11	1	0.393
1	451	0.006	1	393	11	11	1	0.513
1	452	0.006	1	220	11	11	1	0.555
1	453	0.006	1	5	11	11	1	0.530
1	454	0.006	1	386	11	11	1	0.584
1	455	0.006	1	364	11	11	1	0.449
1	456	0.007	2	400	13	13	1	0.586
1	457	0.007	2	216	13	13	1	0.576
1	458	0.007	1	402	11	11	1	0.712
1	459	0.007	1	194	11	11	1	0.543
1	460	0.007	1	44	11	11	1	0.569
1	461	0.008	2	298	13	13	1	0.513
1	462	0.008	1	205	11	11	1	0.567
1	463	0.008	1	418	11	11	1	0.576
1	464	0.008	1	273	11	11	1	0.488
1	465	0.008	1	98	11	11	1	0.848
1	466	0.009	1	202	11	11	1	0.599
1	467	0.009	1	285	11	11	1	0.734
1	468	0.009	1	151	11	11	1	0.711
1	469	0.009	1	11	11	11	1	0.527
1	470	0.009	2	393	13	13	1	0.550
1	471	0.009	1	251	11	11	1	0.383
1	472	0.010	1	328	11	11	1	0.487
1	473	0.010	1	369	11	11	1	0.430
1	474	0.010	1	212	11	11	1	0.471
1	475	0.010	1	503	11	11	1	0.446
1	476	0.010	1	270	11	11	1	0.454
1	477	0.011	2	504	13	13	1	0.621
1	478	0.011	1	34	11	11	1	0.484
1	479	0.011	2	262	13	13	1	0.555
1	480	0.011	1	404	11	11	1	0.357
1	481	0.011	1	282	11	11	1	0.508
1	482	0.012	1	312	11	11	1	0.420
1	483	0.012	1	538	11	11	1	0.413
1	484	0.012	2	117	13	13	1	0.467
1	485	0.012	1	313	11	11	1	0.314
1	486	0.012	2	76	13	11	0	0.307
1	487	0.013	1	244	11	11	1	0.538
1	488	0.013	1	75	11	11	1	0.419
1	489	0.013	1	21	11	NaN	0	NaN
1	490	0.013	1	293	11	11	1	0.866
1	491	0.013	1	57	11	11	1	0.794
1	492	0.014	1	1	11	11	1	0.737
1	493	0.014	1	130	11	11	1	0.665
1	494	0.014	1	83	11	11	1	0.722
1	495	0.014	1	491	11	11	1	0.682
1	496	0.001	1	164	11	11	1	0.765
1	497	0.001	1	264	11	11	1	0.790
1	498	0.001	1	90	11	11	1	0.783
1	499	0.002	1	292	11	11	1	0.823
1	500	0.002	1	37	11	11	1	0.799

*********************************************
* Sustained Attention and Recognition Memory Experiment - Memory Test v.1.0
* Date/Time: 02-Feb-2015 10:17:00
* Seed: 207988.2997
* Subject Number: 59
* Subject Name: TB
* Run Number: 1
* debug: 0
*********************************************

1	1	2	4	6	30	1	6.479
1	2	1	1	135	31	0	9.247
1	3	2	4	171	30	1	1.952
1	4	1	1	7	31	0	7.825
1	5	2	4	274	30	1	2.283
1	6	2	4	114	33	0	1.446
1	7	2	4	217	30	1	1.867
1	8	2	2	216	30	0	3.791
1	9	2	4	188	33	0	3.121
1	10	2	4	468	30	1	5.435
1	11	1	3	529	32	0	5.937
1	12	2	4	535	30	1	1.843
1	13	2	4	359	30	1	1.189
1	14	1	3	341	30	1	5.091
1	15	1	1	282	33	1	3.029
1	16	2	2	125	30	0	2.036
1	17	2	4	20	30	1	3.198
1	18	1	3	235	30	1	2.510
1	19	2	2	471	33	1	2.851
1	20	2	4	96	31	1	10.270
1	21	2	2	19	30	0	3.043
1	22	1	3	26	30	1	7.826
1	23	1	1	416	30	0	3.315
1	24	1	3	380	32	0	5.289
1	25	1	3	9	30	1	4.245
1	26	2	4	139	30	1	1.431
1	27	2	2	113	33	1	4.215
1	28	1	3	267	30	1	8.835
1	29	1	1	348	30	0	3.286
1	30	2	4	427	30	1	1.669
1	31	1	3	290	30	1	1.400
1	32	1	3	549	30	1	1.817
1	33	1	1	165	30	0	3.861
1	34	2	4	547	30	1	1.024
1	35	2	2	499	32	1	3.755
1	36	1	3	420	30	1	2.955
1	37	2	2	7	30	0	1.174
1	38	1	3	344	31	1	1.897
1	39	2	4	121	30	1	4.258
1	40	2	4	534	30	1	1.151
1	41	2	4	100	30	1	2.829
1	42	2	2	315	30	0	2.050
1	43	1	3	403	30	1	1.483
1	44	1	3	109	30	1	1.889
1	45	2	2	292	30	0	1.102
1	46	2	2	262	33	1	3.552
1	47	2	4	249	30	1	1.253
1	48	1	1	124	30	0	4.357
1	49	1	3	137	30	1	0.931
1	50	1	3	462	30	1	1.712
1	51	2	4	224	30	1	0.957
1	52	1	1	22	30	0	1.457
1	53	1	1	180	30	0	3.512
1	54	1	3	382	30	1	1.208
1	55	1	3	10	33	0	2.765
1	56	2	4	457	30	1	1.543
1	57	1	1	276	31	0	3.086
1	58	1	1	257	33	1	8.925
1	59	2	2	460	31	0	7.775
1	60	1	1	371	32	1	2.512
1	61	1	1	208	31	0	7.433
1	62	2	2	429	32	1	4.450
1	63	2	4	386	30	1	2.768
1	64	1	1	11	30	0	1.116
1	65	1	3	216	30	1	1.119
1	66	1	1	211	30	0	2.528
1	67	2	4	327	30	1	0.892
1	68	2	4	31	32	0	3.160
1	69	1	3	544	33	0	2.292
1	70	1	3	68	32	0	4.765
1	71	2	4	44	30	1	3.818
1	72	2	2	161	30	0	2.463
1	73	1	3	434	30	1	2.261
1	74	2	4	75	30	1	2.702
1	75	2	2	11	30	0	6.461
1	76	2	2	520	30	0	1.262
1	77	1	1	188	32	1	9.842
1	78	1	3	447	31	1	2.600
1	79	1	1	507	30	0	5.581
1	80	1	1	271	30	0	2.031
1	81	2	4	426	31	1	5.198
1	82	1	1	461	30	0	4.131
1	83	1	3	13	32	0	4.194
1	84	1	1	126	32	1	4.374
1	85	1	1	336	32	1	9.735
1	86	2	4	40	30	1	1.462
1	87	1	3	112	32	0	8.599
1	88	1	3	455	30	1	1.465
1	89	2	2	389	33	1	7.669
1	90	1	1	474	30	0	5.366
1	91	2	4	68	32	0	2.944
1	92	2	2	215	30	0	3.935
1	93	2	2	239	30	0	3.714
1	94	1	1	241	30	0	1.518
1	95	2	2	10	30	0	0.865
1	96	2	4	229	33	0	2.519
1	97	1	1	71	30	0	1.874
1	98	2	2	475	33	1	3.454
1	99	2	4	422	30	1	1.272
1	100	1	1	449	31	0	6.829
1	101	2	4	221	30	1	2.897
1	102	1	1	36	32	1	4.404
1	103	1	3	184	30	1	4.166
1	104	2	2	130	30	0	2.843
1	105	2	2	48	30	0	5.011
1	106	1	3	233	30	1	3.505
1	107	2	2	140	30	0	1.379
1	108	2	2	501	30	0	0.864
1	109	2	2	128	32	1	4.732
1	110	2	4	94	30	1	1.018
1	111	1	1	243	30	0	1.995
1	112	1	3	288	30	1	2.878
1	113	2	2	298	32	1	4.229
1	114	1	3	148	30	1	5.453
1	115	2	2	74	30	0	0.707
1	116	2	2	526	30	0	1.014
1	117	1	1	485	30	0	1.031
1	118	2	4	412	30	1	1.241
1	119	2	4	328	30	1	1.511
1	120	1	1	192	31	0	3.900
1	121	1	1	367	30	0	2.498
1	122	1	1	196	33	1	2.231
1	123	1	3	295	33	0	1.903
1	124	2	2	313	30	0	1.953
1	125	2	2	76	33	1	2.550
1	126	1	1	463	33	1	3.325
1	127	1	3	203	30	1	2.196
1	128	1	3	299	31	1	7.727
1	129	2	4	382	30	1	1.432
1	130	2	2	400	30	0	3.484
1	131	2	2	334	30	0	3.581
1	132	1	3	193	32	0	5.389
1	133	2	2	393	32	1	3.552
1	134	1	1	361	32	1	4.555
1	135	1	3	268	31	1	7.209
1	136	2	4	448	30	1	1.841
1	137	1	3	4	32	0	3.129
1	138	1	1	222	32	1	6.290
1	139	2	4	513	30	1	2.140
1	140	2	2	408	33	1	6.036
1	141	1	1	525	30	0	2.894
1	142	2	2	278	30	0	1.050
1	143	1	3	77	30	1	1.685
1	144	1	3	542	30	1	1.237
1	145	1	3	424	30	1	1.064
1	146	1	3	439	30	1	1.120
1	147	1	1	225	32	1	3.044
1	148	2	4	545	30	1	5.876
1	149	2	4	330	30	1	3.312
1	150	2	4	42	30	1	1.381
1	151	1	1	44	30	0	2.269
1	152	2	2	461	30	0	3.069
1	153	1	1	515	33	1	2.088
1	154	1	1	48	33	1	1.908
1	155	2	2	227	30	0	1.959
1	156	2	4	268	30	1	1.248
1	157	1	1	379	32	1	2.679
1	158	1	1	502	32	1	1.522
1	159	2	2	396	30	0	3.413
1	160	1	1	388	32	1	3.918
1	161	1	1	69	32	1	1.426
1	162	2	4	376	30	1	1.494
1	163	2	4	439	30	1	0.820
1	164	1	3	27	30	1	2.836
1	165	1	3	120	32	0	3.921
1	166	2	4	26	30	1	1.160
1	167	1	1	256	30	0	2.125
1	168	1	3	61	32	0	4.448
1	169	1	1	24	33	1	2.521
1	170	1	3	320	30	1	1.794
1	171	2	2	350	31	0	6.761
1	172	2	2	397	30	0	1.464
1	173	2	2	236	30	0	5.766
1	174	1	3	155	30	1	1.548
1	175	2	2	33	30	0	1.006
1	176	1	1	402	32	1	4.199
1	177	1	3	400	32	0	3.223
1	178	1	1	366	31	0	3.981
1	179	1	1	93	32	1	4.706
1	180	2	2	117	32	1	4.027
1	181	1	3	16	32	0	1.931
1	182	2	2	463	30	0	2.274
1	183	2	4	21	30	1	1.672
1	184	2	2	297	32	1	7.712
1	185	2	4	71	30	1	1.046
1	186	1	3	354	30	1	1.617
1	187	2	4	193	30	1	0.808
1	188	2	2	101	33	1	2.354
1	189	2	2	212	32	1	4.403
1	190	1	3	3	32	0	1.211
1	191	1	3	78	32	0	0.877
1	192	2	4	32	31	1	4.049
1	193	2	2	180	30	0	3.045
1	194	2	4	246	30	1	1.170
1	195	2	4	14	30	1	2.079
1	196	1	1	253	30	0	1.314
1	197	2	2	66	30	0	1.827
1	198	2	2	504	30	0	2.551
1	199	1	1	300	31	0	8.158
1	200	1	3	228	32	0	1.204
