
*********************************************
* Sustained Attention and Recognition Memory Experiment - Sustained Attention Task v.1.0
* Date/Time: 16-Feb-2015 14:58:30
* Seed: 211860.7104
* Subject Number: 78
* Subject Name: OT
* Run Number: 1
* debug: 0
*********************************************

run	trl	tdf	sct	simg	crsp	rsp	acc	rt
1	1	0.012	2	299	11	11	1	0.655
1	2	0.013	2	440	11	NaN	0	NaN
1	3	0.013	2	55	11	11	1	0.591
1	4	0.013	2	363	11	NaN	0	NaN
1	5	0.013	2	280	11	11	1	0.575
1	6	0.013	2	275	11	13	0	0.726
1	7	0.014	2	93	11	11	1	0.576
1	8	0.014	2	485	11	11	1	0.520
1	9	0.014	1	430	13	13	1	0.704
1	10	0.014	2	436	11	11	1	0.597
1	11	0.001	2	92	11	11	1	0.637
1	12	0.001	2	544	11	11	1	0.564
1	13	0.001	2	274	11	11	1	0.507
1	14	0.002	2	173	11	11	1	0.484
1	15	0.002	2	520	11	11	1	0.475
1	16	0.002	1	515	13	13	1	0.546
1	17	0.002	2	185	11	11	1	0.602
1	18	0.002	2	379	11	11	1	0.593
1	19	0.002	2	179	11	11	1	0.539
1	20	0.003	2	137	11	11	1	0.466
1	21	0.003	2	239	11	11	1	0.491
1	22	0.003	2	422	11	11	1	0.483
1	23	0.003	2	515	11	11	1	0.409
1	24	0.003	2	149	11	11	1	0.465
1	25	0.003	2	198	11	11	1	0.443
1	26	0.004	2	204	11	11	1	0.482
1	27	0.004	1	17	13	13	1	0.776
1	28	0.004	2	202	11	11	1	0.592
1	29	0.004	2	263	11	11	1	0.522
1	30	0.005	2	476	11	11	1	0.575
1	31	0.005	2	356	11	11	1	0.487
1	32	0.005	2	115	11	11	1	0.400
1	33	0.005	2	156	11	11	1	0.519
1	34	0.005	2	36	11	11	1	0.481
1	35	0.006	2	88	11	11	1	0.583
1	36	0.006	2	33	11	11	1	0.639
1	37	0.006	2	169	11	11	1	0.503
1	38	0.006	2	218	11	11	1	0.494
1	39	0.006	2	388	11	11	1	0.566
1	40	0.007	1	147	13	11	0	0.527
1	41	0.007	2	80	11	11	1	0.503
1	42	0.007	2	94	11	11	1	0.494
1	43	0.007	2	325	11	11	1	0.453
1	44	0.007	2	243	11	11	1	0.460
1	45	0.008	2	451	11	11	1	0.646
1	46	0.008	2	484	11	11	1	0.638
1	47	0.008	2	336	11	11	1	0.774
1	48	0.008	2	69	11	11	1	0.637
1	49	0.008	2	405	11	11	1	0.566
1	50	0.009	1	199	13	13	1	0.493
1	51	0.009	2	425	11	11	1	0.644
1	52	0.009	2	267	11	11	1	0.523
1	53	0.009	2	400	11	11	1	0.532
1	54	0.009	2	326	11	11	1	0.508
1	55	0.009	2	389	11	11	1	0.501
1	56	0.010	1	473	13	11	0	0.555
1	57	0.010	2	128	11	11	1	0.594
1	58	0.010	2	45	11	11	1	0.555
1	59	0.010	2	248	11	11	1	0.593
1	60	0.010	2	448	11	11	1	0.490
1	61	0.011	2	163	11	11	1	0.564
1	62	0.011	2	49	11	11	1	0.667
1	63	0.011	2	454	11	11	1	0.866
1	64	0.011	2	117	11	11	1	0.616
1	65	0.011	2	260	11	11	1	0.593
1	66	0.012	2	112	11	11	1	0.713
1	67	0.012	2	51	11	11	1	0.674
1	68	0.012	2	523	11	11	1	0.665
1	69	0.012	2	254	11	11	1	0.640
1	70	0.012	2	406	11	11	1	0.569
1	71	0.013	2	91	11	11	1	0.560
1	72	0.013	2	24	11	11	1	0.537
1	73	0.013	2	268	11	11	1	0.512
1	74	0.013	2	310	11	11	1	0.520
1	75	0.013	2	442	11	11	1	0.560
1	76	0.014	2	71	11	11	1	0.536
1	77	0.014	2	18	11	11	1	0.575
1	78	0.014	2	306	11	11	1	0.519
1	79	0.014	2	519	11	11	1	0.559
1	80	0.001	2	334	11	11	1	0.532
1	81	0.001	2	251	11	11	1	0.682
1	82	0.001	2	513	11	11	1	0.771
1	83	0.002	2	529	11	11	1	0.731
1	84	0.002	1	486	13	13	1	0.578
1	85	0.002	2	74	11	11	1	0.571
1	86	0.002	2	507	11	11	1	0.578
1	87	0.002	2	524	11	11	1	0.540
1	88	0.003	2	350	11	11	1	0.561
1	89	0.003	2	320	11	11	1	0.603
1	90	0.003	2	371	11	11	1	0.561
1	91	0.003	2	516	11	11	1	0.778
1	92	0.003	2	127	11	11	1	0.723
1	93	0.004	2	100	11	11	1	0.682
1	94	0.004	2	493	11	11	1	0.754
1	95	0.004	2	458	11	11	1	0.746
1	96	0.004	2	465	11	11	1	0.768
1	97	0.004	2	78	11	11	1	0.856
1	98	0.004	2	265	11	11	1	0.833
1	99	0.005	2	329	11	11	1	0.871
1	100	0.005	2	256	11	11	1	0.863
1	101	0.005	2	346	11	11	1	0.822
1	102	0.005	2	87	11	11	1	0.817
1	103	0.005	1	456	13	13	1	0.615
1	104	0.006	2	242	11	11	1	0.576
1	105	0.006	2	435	11	11	1	0.519
1	106	0.006	2	439	11	11	1	0.447
1	107	0.006	2	311	11	11	1	0.470
1	108	0.006	2	61	11	11	1	0.480
1	109	0.006	2	473	11	11	1	0.485
1	110	0.007	1	381	13	13	1	0.511
1	111	0.007	2	291	11	11	1	0.518
1	112	0.007	2	375	11	11	1	0.526
1	113	0.007	2	469	11	11	1	0.613
1	114	0.008	2	77	11	11	1	0.541
1	115	0.008	2	162	11	11	1	0.518
1	116	0.008	2	189	11	11	1	0.573
1	117	0.008	2	533	11	11	1	0.677
1	118	0.008	2	52	11	11	1	0.685
1	119	0.009	1	378	13	13	1	0.580
1	120	0.009	2	495	11	11	1	0.541
1	121	0.009	2	132	11	11	1	0.531
1	122	0.009	2	278	11	11	1	0.476
1	123	0.009	2	468	11	11	1	0.643
1	124	0.009	2	308	11	11	1	0.604
1	125	0.010	2	338	11	11	1	0.642
1	126	0.010	2	110	11	11	1	0.684
1	127	0.010	2	449	11	11	1	0.676
1	128	0.010	2	131	11	11	1	0.682
1	129	0.010	1	519	13	13	1	0.801
1	130	0.011	2	474	11	11	1	0.682
1	131	0.011	2	216	11	11	1	0.593
1	132	0.011	2	345	11	11	1	0.585
1	133	0.011	2	191	11	11	1	0.515
1	134	0.011	2	122	11	11	1	0.745
1	135	0.012	2	386	11	11	1	0.817
1	136	0.012	2	535	11	11	1	0.618
1	137	0.012	2	7	11	11	1	0.624
1	138	0.012	2	288	11	11	1	0.568
1	139	0.012	2	416	11	11	1	0.640
1	140	0.013	2	223	11	11	1	0.665
1	141	0.013	2	214	11	11	1	0.720
1	142	0.013	2	102	11	11	1	0.681
1	143	0.013	2	67	11	11	1	0.769
1	144	0.013	2	390	11	11	1	0.792
1	145	0.014	2	13	11	11	1	0.847
1	146	0.014	2	292	11	11	1	0.872
1	147	0.014	2	360	11	11	1	0.782
1	148	0.014	2	193	11	11	1	0.791
1	149	0.001	2	412	11	11	1	0.700
1	150	0.001	2	357	11	11	1	0.645
1	151	0.001	2	395	11	11	1	0.522
1	152	0.002	2	313	11	11	1	0.562
1	153	0.002	2	259	11	11	1	0.506
1	154	0.002	2	14	11	11	1	0.564
1	155	0.002	2	394	11	11	1	0.620
1	156	0.002	2	277	11	11	1	0.723
1	157	0.003	2	90	11	11	1	0.811
1	158	0.003	2	303	11	11	1	0.754
1	159	0.003	2	9	11	11	1	0.794
1	160	0.003	2	172	11	11	1	0.850
1	161	0.003	2	54	11	11	1	0.809
1	162	0.003	2	525	11	11	1	0.866
1	163	0.004	2	543	11	11	1	0.873
1	164	0.004	2	443	11	NaN	0	NaN
1	165	0.004	2	221	11	11	1	0.807
1	166	0.004	2	227	11	11	1	0.721
1	167	0.004	2	207	11	11	1	0.568
1	168	0.005	2	528	11	11	1	0.545
1	169	0.005	2	489	11	11	1	0.521
1	170	0.005	2	302	11	11	1	0.559
1	171	0.005	2	300	11	11	1	0.552
1	172	0.005	2	168	11	11	1	0.592
1	173	0.006	2	60	11	11	1	0.520
1	174	0.006	1	151	13	NaN	0	NaN
1	175	0.006	2	258	11	11	1	0.694
1	176	0.006	2	518	11	11	1	0.622
1	177	0.006	2	522	11	11	1	0.582
1	178	0.007	2	135	11	11	1	0.510
1	179	0.007	2	12	11	11	1	0.632
1	180	0.007	2	327	11	11	1	0.589
1	181	0.007	2	542	11	11	1	0.566
1	182	0.007	2	396	11	11	1	0.573
1	183	0.008	2	58	11	11	1	0.503
1	184	0.008	2	415	11	11	1	0.494
1	185	0.008	2	225	11	11	1	0.580
1	186	0.008	1	335	13	13	1	0.653
1	187	0.008	2	428	11	11	1	0.550
1	188	0.009	2	471	11	11	1	0.510
1	189	0.009	2	348	11	11	1	0.533
1	190	0.009	2	538	11	11	1	0.635
1	191	0.009	1	510	13	13	1	0.659
1	192	0.009	2	504	11	11	1	0.571
1	193	0.009	2	301	11	11	1	0.451
1	194	0.010	2	16	11	11	1	0.652
1	195	0.010	2	483	11	11	1	0.577
1	196	0.010	2	457	11	11	1	0.698
1	197	0.010	1	265	13	13	1	0.722
1	198	0.010	2	494	11	11	1	0.634
1	199	0.011	1	495	13	13	1	0.546
1	200	0.011	2	492	11	11	1	0.555
1	201	0.011	2	501	11	11	1	0.611
1	202	0.011	2	240	11	11	1	0.618
1	203	0.011	2	34	11	11	1	0.641
1	204	0.012	2	144	11	11	1	0.665
1	205	0.012	2	330	11	11	1	0.626
1	206	0.012	2	139	11	11	1	0.649
1	207	0.012	2	491	11	11	1	0.559
1	208	0.012	1	508	13	13	1	0.538
1	209	0.013	2	282	11	11	1	0.465
1	210	0.013	2	50	11	11	1	0.504
1	211	0.013	1	175	13	13	1	0.609
1	212	0.013	2	231	11	11	1	0.630
1	213	0.013	2	421	11	11	1	0.545
1	214	0.014	2	419	11	11	1	0.519
1	215	0.014	2	284	11	11	1	0.558
1	216	0.014	2	253	11	11	1	0.568
1	217	0.014	1	548	13	13	1	0.542
1	218	0.001	2	500	11	11	1	0.500
1	219	0.001	2	209	11	11	1	0.492
1	220	0.001	2	6	11	11	1	0.517
1	221	0.002	1	220	13	13	1	0.763
1	222	0.002	2	196	11	11	1	0.771
1	223	0.002	2	145	11	11	1	0.604
1	224	0.002	2	72	11	11	1	0.593
1	225	0.002	2	85	11	11	1	0.587
1	226	0.002	2	95	11	11	1	0.515
1	227	0.003	2	2	11	11	1	0.684
1	228	0.003	2	133	11	11	1	0.865
1	229	0.003	2	136	11	11	1	0.617
1	230	0.003	2	381	11	11	1	0.609
1	231	0.004	2	175	11	11	1	0.586
1	232	0.004	2	10	11	11	1	0.560
1	233	0.004	2	318	11	11	1	0.456
1	234	0.004	2	503	11	11	1	0.465
1	235	0.004	2	497	11	11	1	0.458
1	236	0.004	2	464	11	11	1	0.431
1	237	0.005	2	411	11	11	1	0.457
1	238	0.005	2	31	11	11	1	0.465
1	239	0.005	2	26	11	11	1	0.566
1	240	0.005	1	460	13	13	1	0.544
1	241	0.005	1	420	13	13	1	0.584
1	242	0.006	2	155	11	11	1	0.512
1	243	0.006	2	228	11	11	1	0.678
1	244	0.006	2	38	11	11	1	0.576
1	245	0.006	2	46	11	11	1	0.392
1	246	0.006	2	496	11	11	1	0.399
1	247	0.007	2	107	11	11	1	0.437
1	248	0.007	2	324	11	11	1	0.415
1	249	0.007	2	340	11	11	1	0.533
1	250	0.007	2	188	11	11	1	0.463
1	251	0.007	2	316	11	11	1	0.503
1	252	0.008	2	211	11	11	1	0.445
1	253	0.008	2	372	11	11	1	0.583
1	254	0.008	2	89	11	11	1	0.461
1	255	0.008	2	255	11	11	1	0.518
1	256	0.008	2	153	11	11	1	0.398
1	257	0.009	2	455	11	11	1	0.405
1	258	0.009	2	349	11	11	1	0.524
1	259	0.009	2	86	11	11	1	0.533
1	260	0.009	2	383	11	11	1	0.620
1	261	0.009	2	286	11	11	1	0.563
1	262	0.010	2	105	11	11	1	0.508
1	263	0.010	2	480	11	11	1	0.563
1	264	0.010	2	387	11	11	1	0.507
1	265	0.010	2	57	11	11	1	0.546
1	266	0.010	2	463	11	11	1	0.588
1	267	0.010	2	450	11	11	1	0.562
1	268	0.011	2	323	11	11	1	0.585
1	269	0.011	2	272	11	11	1	0.562
1	270	0.011	2	235	11	11	1	0.601
1	271	0.011	2	238	11	11	1	0.577
1	272	0.011	2	344	11	11	1	0.552
1	273	0.012	2	3	11	11	1	0.594
1	274	0.012	2	366	11	11	1	0.650
1	275	0.012	2	83	11	11	1	0.673
1	276	0.012	2	183	11	11	1	0.616
1	277	0.012	1	403	13	13	1	0.752
1	278	0.013	2	309	11	11	1	0.696
1	279	0.013	2	423	11	11	1	0.641
1	280	0.013	2	281	11	11	1	0.489
1	281	0.013	2	11	11	11	1	0.383
1	282	0.013	1	269	13	13	1	0.503
1	283	0.014	2	232	11	11	1	0.433
1	284	0.014	2	273	11	11	1	0.454
1	285	0.014	2	237	11	11	1	0.558
1	286	0.014	2	490	11	11	1	0.536
1	287	0.001	2	212	11	11	1	0.491
1	288	0.001	2	140	11	11	1	0.484
1	289	0.001	2	241	11	11	1	0.476
1	290	0.002	2	431	11	11	1	0.500
1	291	0.002	2	167	11	11	1	0.523
1	292	0.002	2	245	11	11	1	0.579
1	293	0.002	2	508	11	11	1	0.652
1	294	0.002	1	280	13	NaN	0	NaN
1	295	0.003	1	166	13	13	1	0.634
1	296	0.003	2	297	11	11	1	0.563
1	297	0.003	2	126	11	11	1	0.521
1	298	0.003	2	41	11	11	1	0.625
1	299	0.003	1	208	13	13	1	0.859
1	300	0.004	2	355	11	11	1	0.515
1	301	0.004	2	114	11	11	1	0.632
1	302	0.004	2	378	11	11	1	0.544
1	303	0.004	2	63	11	11	1	0.505
1	304	0.004	2	15	11	11	1	0.367
1	305	0.004	1	344	13	13	1	0.490
1	306	0.005	2	279	11	11	1	0.432
1	307	0.005	2	230	11	11	1	0.553
1	308	0.005	2	505	11	11	1	0.623
1	309	0.005	2	177	11	11	1	0.567
1	310	0.005	2	283	11	11	1	0.464
1	311	0.006	2	312	11	11	1	0.359
1	312	0.006	2	43	11	NaN	0	NaN
1	313	0.006	2	393	11	11	1	0.518
1	314	0.006	2	532	11	11	1	0.591
1	315	0.006	2	247	11	11	1	0.567
1	316	0.006	2	47	11	11	1	0.527
1	317	0.007	2	509	11	11	1	0.437
1	318	0.007	1	243	13	11	0	0.366
1	319	0.007	1	315	13	11	0	0.501
1	320	0.007	2	354	11	11	1	0.686
1	321	0.008	1	393	13	13	1	0.740
1	322	0.008	2	444	11	11	1	0.621
1	323	0.008	2	380	11	11	1	0.597
1	324	0.008	2	70	11	11	1	0.542
1	325	0.008	2	506	11	11	1	0.484
1	326	0.009	2	146	11	11	1	0.555
1	327	0.009	2	222	11	11	1	0.596
1	328	0.009	2	108	11	11	1	0.539
1	329	0.009	1	467	13	13	1	0.597
1	330	0.009	1	180	13	13	1	0.716
1	331	0.010	2	97	11	11	1	0.562
1	332	0.010	2	79	11	11	1	0.508
1	333	0.010	2	215	11	11	1	0.532
1	334	0.010	2	315	11	11	1	0.539
1	335	0.010	2	541	11	11	1	0.546
1	336	0.010	2	384	11	11	1	0.604
1	337	0.011	2	81	11	11	1	0.580
1	338	0.011	1	81	13	13	1	0.506
1	339	0.011	2	517	11	11	1	0.466
1	340	0.011	2	534	11	11	1	0.442
1	341	0.011	2	437	11	11	1	0.498
1	342	0.012	2	479	11	11	1	0.474
1	343	0.012	2	540	11	11	1	0.482
1	344	0.012	2	426	11	11	1	0.554
1	345	0.012	2	233	11	11	1	0.529
1	346	0.012	2	182	11	11	1	0.584
1	347	0.013	2	409	11	11	1	0.513
1	348	0.013	1	364	13	13	1	0.505
1	349	0.013	2	328	11	11	1	0.545
1	350	0.013	2	382	11	11	1	0.536
1	351	0.013	1	54	13	13	1	0.608
1	352	0.014	2	17	11	11	1	0.505
1	353	0.014	2	467	11	11	1	0.558
1	354	0.014	1	501	13	13	1	0.501
1	355	0.014	2	364	11	11	1	0.445
1	356	0.001	2	8	11	11	1	0.483
1	357	0.001	2	4	11	11	1	0.603
1	358	0.001	2	27	11	11	1	0.563
1	359	0.002	2	446	11	11	1	0.540
1	360	0.002	2	370	11	11	1	0.546
1	361	0.002	2	234	11	11	1	0.523
1	362	0.002	2	499	11	11	1	0.514
1	363	0.002	2	213	11	11	1	0.505
1	364	0.003	2	123	11	11	1	0.465
1	365	0.003	2	75	11	11	1	0.521
1	366	0.003	2	550	11	11	1	0.483
1	367	0.003	2	148	11	11	1	0.505
1	368	0.003	2	549	11	11	1	0.418
1	369	0.004	2	531	11	13	0	0.712
1	370	0.004	2	317	11	11	1	0.546
1	371	0.004	2	514	11	11	1	0.521
1	372	0.004	2	129	11	11	1	0.513
1	373	0.004	2	453	11	11	1	0.601
1	374	0.004	2	29	11	11	1	0.498
1	375	0.005	1	372	13	13	1	0.647
1	376	0.005	2	19	11	11	1	0.673
1	377	0.005	2	68	11	11	1	0.585
1	378	0.005	2	414	11	11	1	0.687
1	379	0.005	2	475	11	11	1	0.631
1	380	0.006	2	201	11	11	1	0.672
1	381	0.006	2	293	11	11	1	0.631
1	382	0.006	2	547	11	11	1	0.592
1	383	0.006	2	420	11	11	1	0.486
1	384	0.006	2	294	11	11	1	0.494
1	385	0.007	2	22	11	11	1	0.581
1	386	0.007	2	208	11	11	1	0.543
1	387	0.007	2	197	11	11	1	0.486
1	388	0.007	2	53	11	11	1	0.527
1	389	0.007	2	486	11	11	1	0.581
1	390	0.008	1	45	13	13	1	0.622
1	391	0.008	2	174	11	11	1	0.500
1	392	0.008	2	159	11	11	1	0.459
1	393	0.008	2	186	11	11	1	0.612
1	394	0.008	2	224	11	11	1	0.523
1	395	0.008	2	65	11	11	1	0.435
1	396	0.009	2	410	11	11	1	0.397
1	397	0.009	2	545	11	11	1	0.531
1	398	0.009	1	462	13	13	1	0.540
1	399	0.009	2	290	11	11	1	0.483
1	400	0.010	1	190	13	11	0	0.555
1	401	0.010	2	362	11	11	1	0.660
1	402	0.010	2	1	11	11	1	0.684
1	403	0.010	2	199	11	11	1	0.644
1	404	0.010	2	152	11	11	1	0.507
1	405	0.010	2	143	11	11	1	0.545
1	406	0.011	2	5	11	11	1	0.571
1	407	0.011	2	200	11	11	1	0.657
1	408	0.011	2	44	11	11	1	0.634
1	409	0.011	1	231	13	13	1	0.594
1	410	0.011	2	109	11	11	1	0.554
1	411	0.012	2	305	11	11	1	0.513
1	412	0.012	2	210	11	11	1	0.586
1	413	0.012	2	358	11	11	1	0.544
1	414	0.012	2	404	11	11	1	0.584
1	415	0.012	2	99	11	11	1	0.546
1	416	0.013	2	322	11	11	1	0.504
1	417	0.013	2	170	11	11	1	0.511
1	418	0.013	2	206	11	11	1	0.503
1	419	0.013	2	418	11	11	1	0.511
1	420	0.013	2	510	11	11	1	0.457
1	421	0.014	2	262	11	11	1	0.432
1	422	0.014	2	130	11	11	1	0.487
1	423	0.014	1	432	13	13	1	0.638
1	424	0.014	1	475	13	13	1	0.712
1	425	0.001	2	64	11	11	1	0.651
1	426	0.001	1	294	13	13	1	0.643
1	427	0.001	2	252	11	11	1	0.586
1	428	0.002	2	295	11	11	1	0.516
1	429	0.002	2	124	11	11	1	0.523
1	430	0.002	1	75	13	13	1	0.658
1	431	0.002	2	32	11	11	1	0.587
1	432	0.002	2	171	11	11	1	0.596
1	433	0.003	2	271	11	11	1	0.603
1	434	0.003	2	219	11	11	1	0.593
1	435	0.003	2	190	11	11	1	0.650
1	436	0.003	2	25	11	11	1	0.641
1	437	0.003	2	82	11	11	1	0.651
1	438	0.004	2	482	11	11	1	0.642
1	439	0.004	2	111	11	11	1	0.664
1	440	0.004	2	151	11	11	1	0.657
1	441	0.004	2	141	11	11	1	0.570
1	442	0.004	2	20	11	13	0	0.737
1	443	0.005	2	176	11	11	1	0.792
1	444	0.005	2	257	11	11	1	0.720
1	445	0.005	2	276	11	11	1	0.776
1	446	0.005	2	98	11	11	1	0.671
1	447	0.005	2	407	11	11	1	0.665
1	448	0.005	2	337	11	11	1	0.608
1	449	0.006	2	512	11	11	1	0.519
1	450	0.006	2	249	11	11	1	0.544
1	451	0.006	2	397	11	11	1	0.552
1	452	0.006	2	359	11	11	1	0.622
1	453	0.006	2	296	11	11	1	0.566
1	454	0.007	1	494	13	13	1	0.797
1	455	0.007	2	269	11	11	1	0.631
1	456	0.007	2	339	11	11	1	0.591
1	457	0.007	2	103	11	11	1	0.599
1	458	0.007	2	62	11	11	1	0.508
1	459	0.008	2	184	11	11	1	0.518
1	460	0.008	2	527	11	11	1	0.399
1	461	0.008	2	369	11	11	1	0.453
1	462	0.008	2	427	11	11	1	0.398
1	463	0.008	2	466	11	11	1	0.437
1	464	0.009	1	359	13	13	1	0.491
1	465	0.009	2	353	11	11	1	0.467
1	466	0.009	2	511	11	11	1	0.555
1	467	0.009	2	432	11	11	1	0.533
1	468	0.009	2	121	11	11	1	0.412
1	469	0.010	1	24	13	13	1	0.597
1	470	0.010	2	537	11	11	1	0.604
1	471	0.010	2	481	11	11	1	0.610
1	472	0.010	2	142	11	11	1	0.523
1	473	0.010	2	413	11	11	1	0.466
1	474	0.010	2	192	11	11	1	0.442
1	475	0.011	2	205	11	11	1	0.530
1	476	0.011	2	217	11	11	1	0.443
1	477	0.011	2	285	11	11	1	0.433
1	478	0.011	2	134	11	11	1	0.410
1	479	0.011	2	23	11	11	1	0.448
1	480	0.012	2	178	11	11	1	0.393
1	481	0.012	2	536	11	11	1	0.416
1	482	0.012	2	462	11	11	1	0.426
1	483	0.012	2	166	11	11	1	0.607
1	484	0.012	2	403	11	11	1	0.552
1	485	0.013	2	165	11	11	1	0.463
1	486	0.013	2	461	11	11	1	0.471
1	487	0.013	2	160	11	11	1	0.479
1	488	0.013	2	56	11	11	1	0.503
1	489	0.013	2	118	11	11	1	0.575
1	490	0.014	2	401	11	11	1	0.487
1	491	0.014	2	373	11	11	1	0.478
1	492	0.014	2	430	11	11	1	0.455
1	493	0.014	2	40	11	11	1	0.494
1	494	0.001	2	530	11	11	1	0.469
1	495	0.001	1	436	13	13	1	0.506
1	496	0.001	2	164	11	11	1	0.514
1	497	0.002	2	429	11	11	1	0.603
1	498	0.002	2	392	11	11	1	0.610
1	499	0.002	2	220	11	11	1	0.585
1	500	0.002	2	76	11	11	1	0.515

*********************************************
* Sustained Attention and Recognition Memory Experiment - Memory Test v.1.0
* Date/Time: 16-Feb-2015 15:09:21
* Seed: 206932.0314
* Subject Number: 78
* Subject Name: OT
* Run Number: 1
* debug: 0
*********************************************

1	1	2	1	439	31	0	3.912
1	2	2	3	546	30	1	2.392
1	3	2	3	365	32	0	3.218
1	4	1	2	486	30	0	3.027
1	5	2	3	181	31	1	2.964
1	6	2	3	236	31	1	2.821
1	7	2	1	99	33	1	1.869
1	8	1	4	46	31	1	3.344
1	9	2	1	235	33	1	1.609
1	10	2	1	454	33	1	2.361
1	11	2	1	69	33	1	1.606
1	12	2	1	26	33	1	2.929
1	13	1	2	180	32	1	3.295
1	14	1	2	315	33	1	2.385
1	15	2	1	411	32	1	6.632
1	16	2	1	428	30	0	3.619
1	17	2	3	391	30	1	5.818
1	18	1	4	209	30	1	3.209
1	19	2	1	475	31	0	2.287
1	20	2	3	147	31	1	3.093
1	21	2	3	73	30	1	2.147
1	22	2	1	65	33	1	1.730
1	23	2	3	289	32	0	2.989
1	24	2	1	389	31	0	2.444
1	25	2	1	231	32	1	1.572
1	26	1	4	332	30	1	4.665
1	27	2	1	354	32	1	7.563
1	28	2	3	314	31	1	1.496
1	29	1	4	145	30	1	2.758
1	30	2	1	329	32	1	1.994
1	31	2	3	161	31	1	3.590
1	32	1	2	515	33	1	1.748
1	33	2	3	447	31	1	2.175
1	34	1	2	208	33	1	1.248
1	35	1	4	101	30	1	4.643
1	36	1	4	346	30	1	3.365
1	37	2	1	239	31	0	5.647
1	38	2	3	21	33	0	1.717
1	39	2	1	360	33	1	4.033
1	40	2	1	148	30	0	3.636
1	41	1	2	190	32	1	3.625
1	42	1	2	243	32	1	2.441
1	43	2	3	487	32	0	6.208
1	44	1	2	495	31	0	3.021
1	45	2	1	132	33	1	2.204
1	46	1	4	172	30	1	1.912
1	47	2	3	266	32	0	4.421
1	48	2	1	296	32	1	5.047
1	49	1	2	151	33	1	2.458
1	50	2	3	398	31	1	3.271
1	51	1	2	432	33	1	1.216
1	52	1	4	72	30	1	2.488
1	53	1	2	17	31	0	3.592
1	54	1	2	462	33	1	1.985
1	55	1	2	335	33	1	1.137
1	56	1	2	166	33	1	0.859
1	57	1	2	467	30	0	2.147
1	58	2	3	84	30	1	3.880
1	59	1	2	269	32	1	3.308
1	60	1	2	508	32	1	3.941
1	61	1	2	475	32	1	3.143
1	62	1	4	537	31	1	3.414
1	63	2	3	226	30	1	2.722
1	64	2	3	125	31	1	2.414
1	65	1	4	249	30	1	1.981
1	66	2	3	438	32	0	2.131
1	67	2	3	264	30	1	1.658
1	68	1	2	393	33	1	1.232
1	69	2	3	37	31	1	2.273
1	70	2	3	402	31	1	4.420
1	71	1	4	95	30	1	2.357
1	72	1	4	4	30	1	3.434
1	73	2	3	203	32	0	2.756
1	74	1	2	359	33	1	1.728
1	75	2	3	229	32	0	3.680
1	76	1	4	206	30	1	2.823
1	77	1	2	381	30	0	3.649
1	78	1	2	460	30	0	1.819
1	79	2	1	63	31	0	2.388
1	80	2	1	378	31	0	4.975
1	81	1	4	423	32	0	3.770
1	82	1	2	344	33	1	1.875
1	83	2	3	548	31	1	11.726
1	84	2	3	477	31	1	1.590
1	85	1	2	372	30	0	2.347
1	86	2	3	456	31	1	1.663
1	87	1	2	403	32	1	3.177
1	88	2	3	333	31	1	2.231
1	89	1	4	11	30	1	1.890
1	90	1	4	22	31	1	3.230
1	91	1	4	43	30	1	5.712
1	92	2	1	481	31	0	2.536
1	93	1	2	199	33	1	1.313
1	94	1	4	527	30	1	4.836
1	95	1	2	378	32	1	2.319
1	96	2	3	376	31	1	2.940
1	97	2	1	214	33	1	2.322
1	98	2	1	395	31	0	2.927
1	99	1	4	342	30	1	2.032
1	100	2	1	121	31	0	3.213
1	101	1	2	364	33	1	1.095
1	102	1	2	175	33	1	1.091
1	103	1	2	473	32	1	4.108
1	104	2	3	361	33	0	1.811
1	105	1	4	261	30	1	1.278
1	106	2	3	101	33	0	2.516
1	107	2	3	270	32	0	3.716
1	108	1	4	250	30	1	3.969
1	109	2	3	417	31	1	4.115
1	110	2	3	30	32	0	3.198
1	111	1	4	38	30	1	1.262
1	112	2	1	457	32	1	6.517
1	113	1	4	262	31	1	2.629
1	114	1	2	420	30	0	2.658
1	115	1	2	456	32	1	2.292
1	116	2	1	533	33	1	1.668
1	117	1	2	231	30	0	1.396
1	118	1	2	430	33	1	1.862
1	119	1	4	317	32	0	1.503
1	120	1	4	48	30	1	1.462
1	121	1	4	110	31	1	3.573
1	122	1	2	548	31	0	1.211
1	123	1	4	311	30	1	1.938
1	124	1	4	504	30	1	1.343
1	125	2	1	200	33	1	1.480
1	126	2	1	384	32	1	1.826
1	127	1	4	200	30	1	1.224
1	128	2	3	352	31	1	2.294
1	129	2	1	71	31	0	1.967
1	130	2	1	241	32	1	5.912
1	131	2	1	382	33	1	4.691
1	132	1	4	431	30	1	1.464
1	133	2	3	307	33	0	1.881
1	134	1	2	519	31	0	2.452
1	135	2	3	194	33	0	4.503
1	136	1	4	255	30	1	1.160
1	137	1	4	323	30	1	2.724
1	138	2	3	460	31	1	2.658
1	139	2	3	28	32	0	3.420
1	140	2	1	248	33	1	1.313
1	141	1	4	408	30	1	2.073
1	142	1	2	220	30	0	0.851
1	143	2	1	182	31	0	4.478
1	144	1	4	197	30	1	1.707
1	145	1	2	54	33	1	2.007
1	146	1	2	45	31	0	2.617
1	147	1	2	501	33	1	1.246
1	148	2	1	299	32	1	2.733
1	149	1	4	135	30	1	1.260
1	150	2	1	349	32	1	4.389
1	151	1	2	75	33	1	4.304
1	152	2	1	404	31	0	3.189
1	153	1	4	390	30	1	1.413
1	154	2	3	478	31	1	1.591
1	155	1	4	445	30	1	0.845
1	156	1	4	303	30	1	0.928
1	157	1	2	147	32	1	1.856
1	158	2	1	230	33	1	1.317
1	159	2	3	113	33	0	2.785
1	160	1	4	167	30	1	1.253
1	161	1	4	305	30	1	1.160
1	162	2	1	427	32	1	3.706
1	163	2	1	401	32	1	2.759
1	164	1	4	379	30	1	1.252
1	165	2	3	106	30	1	3.003
1	166	2	3	42	32	0	2.937
1	167	1	2	436	32	1	4.925
1	168	2	3	287	33	0	1.800
1	169	2	1	60	32	1	1.827
1	170	2	3	472	31	1	2.791
1	171	1	4	320	30	1	1.443
1	172	1	2	24	33	1	1.373
1	173	1	4	47	31	1	1.923
1	174	2	1	77	30	0	3.273
1	175	1	4	251	30	1	1.266
1	176	2	1	206	32	1	6.039
1	177	2	3	441	31	1	2.734
1	178	2	1	153	33	1	1.189
1	179	2	1	142	33	1	1.944
1	180	2	1	340	32	1	1.555
1	181	1	2	494	33	1	5.188
1	182	1	2	280	30	0	2.104
1	183	1	4	71	30	1	1.317
1	184	2	1	127	32	1	2.101
1	185	1	4	160	30	1	0.934
1	186	2	3	261	33	0	2.799
1	187	1	4	56	30	1	1.060
1	188	1	2	294	30	0	1.400
1	189	2	1	255	31	0	4.138
1	190	2	3	408	32	0	1.829
1	191	1	4	119	30	1	0.989
1	192	1	4	279	30	1	1.326
1	193	1	4	425	30	1	0.966
1	194	2	3	104	32	0	3.651
1	195	2	1	275	31	0	2.022
1	196	2	1	330	31	0	6.129
1	197	2	3	35	31	1	1.890
1	198	1	2	265	32	1	2.748
1	199	1	2	81	33	1	1.245
1	200	1	2	510	33	1	0.907
