
*********************************************
* Sustained Attention and Recognition Memory Experiment - Sustained Attention Task v.1.0
* Date/Time: 30-Oct-2015 13:30:11
* Seed: 215245.5852
* Subject Number: 9
* Subject Name: KP
* Run Number: 1
* debug: 0
*********************************************

run	trl	tdf	sct	simg	crsp	rsp	acc	rt
1	1	0.012	1	443	11	NaN	0	NaN
1	2	0.012	1	190	11	11	1	0.016
1	3	0.012	1	238	11	11	1	0.488
1	4	0.012	1	410	11	NaN	0	NaN
1	5	0.013	1	173	11	11	1	0.536
1	6	0.013	1	37	11	11	1	0.856
1	7	0.013	1	531	11	11	1	0.743
1	8	0.013	1	518	11	13	0	0.647
1	9	0.013	1	6	11	11	1	0.671
1	10	0.014	1	353	11	NaN	0	NaN
1	11	0.014	1	506	11	11	1	0.062
1	12	0.014	2	270	13	11	0	0.462
1	13	0.001	2	546	13	13	1	0.700
1	14	0.001	1	182	11	11	1	0.859
1	15	0.001	1	95	11	11	1	0.859
1	16	0.001	1	41	11	11	1	0.579
1	17	0.002	1	87	11	11	1	0.539
1	18	0.002	1	415	11	11	1	0.418
1	19	0.002	1	108	11	11	1	0.410
1	20	0.002	1	339	11	11	1	0.450
1	21	0.002	1	340	11	11	1	0.474
1	22	0.003	1	251	11	11	1	0.393
1	23	0.003	1	174	11	11	1	0.418
1	24	0.003	1	468	11	11	1	0.481
1	25	0.003	1	214	11	11	1	0.457
1	26	0.003	1	252	11	11	1	0.537
1	27	0.004	1	57	11	11	1	0.472
1	28	0.004	1	461	11	11	1	0.384
1	29	0.004	1	299	11	11	1	0.536
1	30	0.004	1	260	11	11	1	0.728
1	31	0.004	1	199	11	11	1	0.520
1	32	0.005	1	63	11	11	1	0.376
1	33	0.005	1	321	11	11	1	0.551
1	34	0.005	1	120	11	11	1	0.391
1	35	0.005	1	368	11	11	1	0.487
1	36	0.005	1	318	11	11	1	0.430
1	37	0.006	1	24	11	11	1	0.431
1	38	0.006	1	132	11	11	1	0.623
1	39	0.006	1	314	11	11	1	0.734
1	40	0.006	2	386	13	13	1	0.646
1	41	0.006	1	503	11	11	1	0.750
1	42	0.007	1	427	11	11	1	0.549
1	43	0.007	1	78	11	11	1	0.549
1	44	0.007	1	140	11	11	1	0.597
1	45	0.007	2	368	13	13	1	0.677
1	46	0.007	1	11	11	11	1	0.557
1	47	0.007	1	125	11	11	1	0.604
1	48	0.008	1	431	11	11	1	0.428
1	49	0.008	1	500	11	11	1	0.413
1	50	0.008	2	318	13	13	1	0.596
1	51	0.008	1	525	11	11	1	0.507
1	52	0.008	1	264	11	NaN	0	NaN
1	53	0.009	1	66	11	11	1	0.035
1	54	0.009	2	86	13	11	0	0.083
1	55	0.009	1	279	11	11	1	0.715
1	56	0.009	1	385	11	11	1	0.699
1	57	0.009	1	446	11	11	1	0.547
1	58	0.010	1	122	11	11	1	0.530
1	59	0.010	1	292	11	11	1	0.482
1	60	0.010	1	246	11	11	1	0.507
1	61	0.010	1	533	11	11	1	0.418
1	62	0.010	1	388	11	11	1	0.393
1	63	0.011	1	67	11	11	1	0.426
1	64	0.011	1	494	11	11	1	0.385
1	65	0.011	1	89	11	11	1	0.441
1	66	0.011	1	188	11	11	1	0.361
1	67	0.011	1	253	11	11	1	0.321
1	68	0.012	1	521	11	11	1	0.305
1	69	0.012	1	396	11	11	1	0.272
1	70	0.012	1	476	11	11	1	0.264
1	71	0.012	1	515	11	11	1	0.311
1	72	0.012	1	13	11	11	1	0.447
1	73	0.012	1	121	11	11	1	0.384
1	74	0.013	1	207	11	11	1	0.400
1	75	0.013	1	59	11	11	1	0.359
1	76	0.013	1	9	11	11	1	0.383
1	77	0.013	1	397	11	11	1	0.463
1	78	0.013	1	416	11	11	1	0.391
1	79	0.014	1	287	11	11	1	0.383
1	80	0.014	1	215	11	11	1	0.374
1	81	0.014	1	166	11	11	1	0.374
1	82	0.001	1	36	11	11	1	0.403
1	83	0.001	1	10	11	11	1	0.435
1	84	0.001	1	82	11	11	1	0.587
1	85	0.001	1	532	11	11	1	0.594
1	86	0.002	1	155	11	11	1	0.498
1	87	0.002	1	151	11	11	1	0.594
1	88	0.002	1	180	11	11	1	0.738
1	89	0.002	2	464	13	13	1	0.722
1	90	0.002	1	240	11	11	1	0.593
1	91	0.003	1	269	11	11	1	0.665
1	92	0.003	1	142	11	11	1	0.497
1	93	0.003	1	475	11	11	1	0.561
1	94	0.003	1	361	11	11	1	0.577
1	95	0.003	1	91	11	11	1	0.561
1	96	0.004	1	102	11	11	1	0.545
1	97	0.004	1	375	11	11	1	0.609
1	98	0.004	1	266	11	11	1	0.536
1	99	0.004	1	201	11	11	1	0.400
1	100	0.004	1	135	11	11	1	0.360
1	101	0.005	1	35	11	11	1	0.311
1	102	0.005	1	423	11	11	1	0.319
1	103	0.005	1	502	11	11	1	0.327
1	104	0.005	1	273	11	11	1	0.343
1	105	0.005	1	191	11	11	1	0.319
1	106	0.006	1	124	11	11	1	0.375
1	107	0.006	1	97	11	11	1	0.326
1	108	0.006	1	296	11	11	1	0.262
1	109	0.006	1	61	11	11	1	0.294
1	110	0.006	1	412	11	11	1	0.350
1	111	0.007	1	175	11	11	1	0.325
1	112	0.007	1	391	11	11	1	0.341
1	113	0.007	1	517	11	11	1	0.365
1	114	0.007	1	21	11	11	1	0.301
1	115	0.007	1	232	11	11	1	0.389
1	116	0.007	1	374	11	11	1	0.420
1	117	0.008	1	49	11	11	1	0.429
1	118	0.008	1	541	11	11	1	0.516
1	119	0.008	1	26	11	11	1	0.468
1	120	0.008	1	100	11	11	1	0.492
1	121	0.008	1	46	11	11	1	0.563
1	122	0.009	1	450	11	11	1	0.571
1	123	0.009	1	257	11	11	1	0.667
1	124	0.009	2	72	13	NaN	0	NaN
1	125	0.009	1	1	11	11	1	0.787
1	126	0.009	1	18	11	11	1	0.539
1	127	0.010	1	523	11	11	1	0.410
1	128	0.010	1	45	11	11	1	0.362
1	129	0.010	1	426	11	11	1	0.354
1	130	0.010	1	417	11	11	1	0.370
1	131	0.010	1	93	11	11	1	0.313
1	132	0.011	1	186	11	11	1	0.378
1	133	0.011	1	390	11	11	1	0.425
1	134	0.011	1	263	11	11	1	0.505
1	135	0.011	1	285	11	11	1	0.393
1	136	0.011	1	496	11	11	1	0.400
1	137	0.012	1	129	11	11	1	0.561
1	138	0.012	1	228	11	11	1	0.512
1	139	0.012	1	88	11	11	1	0.552
1	140	0.012	1	302	11	11	1	0.552
1	141	0.012	1	221	11	11	1	0.631
1	142	0.012	1	198	11	11	1	0.695
1	143	0.013	2	503	13	13	1	0.567
1	144	0.013	1	15	11	11	1	0.503
1	145	0.013	1	123	11	11	1	0.559
1	146	0.013	1	51	11	11	1	0.527
1	147	0.013	1	176	11	11	1	0.527
1	148	0.014	1	195	11	11	1	0.423
1	149	0.014	1	187	11	11	1	0.526
1	150	0.014	1	8	11	11	1	0.542
1	151	0.001	1	354	11	11	1	0.523
1	152	0.001	1	84	11	11	1	0.491
1	153	0.001	1	386	11	11	1	0.691
1	154	0.002	1	92	11	11	1	0.618
1	155	0.002	1	239	11	11	1	0.523
1	156	0.002	1	248	11	11	1	0.690
1	157	0.002	1	495	11	11	1	0.666
1	158	0.002	2	415	13	13	1	0.633
1	159	0.002	1	332	11	11	1	0.642
1	160	0.003	1	405	11	11	1	0.618
1	161	0.003	1	81	11	NaN	0	NaN
1	162	0.003	1	181	11	11	1	0.833
1	163	0.003	2	390	13	13	1	0.705
1	164	0.003	1	211	11	11	1	0.600
1	165	0.004	1	206	11	11	1	0.736
1	166	0.004	1	398	11	11	1	0.504
1	167	0.004	1	505	11	11	1	0.504
1	168	0.004	1	247	11	11	1	0.463
1	169	0.004	1	241	11	11	1	0.631
1	170	0.005	1	484	11	11	1	0.831
1	171	0.005	1	352	11	11	1	0.504
1	172	0.005	1	164	11	11	1	0.630
1	173	0.005	1	365	11	11	1	0.807
1	174	0.005	1	406	11	11	1	0.599
1	175	0.006	1	137	11	11	1	0.535
1	176	0.006	1	327	11	NaN	0	NaN
1	177	0.006	1	331	11	11	1	0.742
1	178	0.006	1	474	11	11	1	0.510
1	179	0.006	1	70	11	11	1	0.510
1	180	0.007	1	288	11	11	1	0.558
1	181	0.007	1	382	11	11	1	0.525
1	182	0.007	1	110	11	11	1	0.517
1	183	0.007	1	138	11	11	1	0.492
1	184	0.007	1	44	11	11	1	0.628
1	185	0.008	1	342	11	11	1	0.525
1	186	0.008	1	477	11	11	1	0.396
1	187	0.008	1	171	11	NaN	0	NaN
1	188	0.008	1	376	11	11	1	0.612
1	189	0.008	1	407	11	11	1	0.476
1	190	0.008	1	454	11	11	1	0.819
1	191	0.009	1	307	11	11	1	0.459
1	192	0.009	1	32	11	11	1	0.443
1	193	0.009	1	345	11	11	1	0.307
1	194	0.009	1	309	11	11	1	0.323
1	195	0.009	2	209	13	11	0	0.314
1	196	0.010	1	528	11	13	0	0.115
1	197	0.010	1	328	11	11	1	0.650
1	198	0.010	1	112	11	11	1	0.466
1	199	0.010	1	378	11	11	1	0.529
1	200	0.010	1	510	11	11	1	0.418
1	201	0.011	1	117	11	11	1	0.345
1	202	0.011	1	179	11	11	1	0.441
1	203	0.011	1	7	11	11	1	0.433
1	204	0.011	1	316	11	11	1	0.729
1	205	0.011	1	508	11	NaN	0	NaN
1	206	0.012	1	229	11	11	1	0.888
1	207	0.012	2	523	13	13	1	0.680
1	208	0.012	1	290	11	11	1	0.472
1	209	0.012	1	281	11	11	1	0.423
1	210	0.012	1	79	11	11	1	0.416
1	211	0.012	1	52	11	11	1	0.367
1	212	0.013	1	400	11	11	1	0.423
1	213	0.013	1	196	11	11	1	0.647
1	214	0.013	1	38	11	11	1	0.623
1	215	0.013	1	62	11	11	1	0.575
1	216	0.013	1	284	11	11	1	0.855
1	217	0.014	1	489	11	11	1	0.647
1	218	0.014	2	136	13	13	1	0.694
1	219	0.014	1	315	11	11	1	0.590
1	220	0.001	1	472	11	11	1	0.619
1	221	0.001	1	537	11	11	1	0.475
1	222	0.001	1	227	11	11	1	0.771
1	223	0.002	1	411	11	11	1	0.586
1	224	0.002	1	512	11	11	1	0.482
1	225	0.002	1	144	11	11	1	0.418
1	226	0.002	1	86	11	11	1	0.426
1	227	0.002	1	439	11	11	1	0.458
1	228	0.003	1	29	11	11	1	0.409
1	229	0.003	1	355	11	11	1	0.889
1	230	0.003	1	384	11	11	1	0.545
1	231	0.003	1	497	11	11	1	0.369
1	232	0.003	1	482	11	11	1	0.409
1	233	0.003	1	156	11	11	1	0.337
1	234	0.004	2	131	13	11	0	0.384
1	235	0.004	1	130	11	11	1	0.536
1	236	0.004	1	107	11	11	1	0.520
1	237	0.004	1	330	11	11	1	0.440
1	238	0.004	1	401	11	11	1	0.375
1	239	0.005	1	113	11	11	1	0.415
1	240	0.005	1	148	11	11	1	0.535
1	241	0.005	1	16	11	11	1	0.415
1	242	0.005	1	277	11	11	1	0.375
1	243	0.005	1	432	11	11	1	0.326
1	244	0.006	1	419	11	11	1	0.430
1	245	0.006	1	320	11	11	1	0.462
1	246	0.006	1	184	11	11	1	0.518
1	247	0.006	1	301	11	11	1	0.678
1	248	0.006	1	71	11	11	1	0.462
1	249	0.007	1	72	11	11	1	0.414
1	250	0.007	1	94	11	11	1	0.533
1	251	0.007	1	2	11	11	1	0.461
1	252	0.007	1	300	11	11	1	0.589
1	253	0.007	1	329	11	11	1	0.493
1	254	0.008	1	437	11	11	1	0.460
1	255	0.008	1	404	11	11	1	0.477
1	256	0.008	1	356	11	11	1	0.525
1	257	0.008	1	204	11	11	1	0.460
1	258	0.008	1	20	11	11	1	0.740
1	259	0.008	1	146	11	11	1	0.572
1	260	0.009	1	452	11	11	1	0.475
1	261	0.009	1	17	11	11	1	0.443
1	262	0.009	1	534	11	11	1	0.715
1	263	0.009	1	27	11	11	1	0.499
1	264	0.009	1	133	11	11	1	0.491
1	265	0.010	1	522	11	11	1	0.418
1	266	0.010	1	109	11	13	0	0.578
1	267	0.010	1	420	11	11	1	0.594
1	268	0.010	1	294	11	11	1	0.562
1	269	0.010	1	520	11	11	1	0.385
1	270	0.010	1	231	11	11	1	0.298
1	271	0.011	1	445	11	11	1	0.193
1	272	0.011	2	286	13	11	0	0.345
1	273	0.011	1	380	11	NaN	0	NaN
1	274	0.011	1	516	11	11	1	0.232
1	275	0.011	1	467	11	11	1	0.369
1	276	0.012	2	312	13	13	1	0.841
1	277	0.012	1	544	11	11	1	0.696
1	278	0.012	1	77	11	11	1	0.712
1	279	0.012	1	48	11	11	1	0.712
1	280	0.013	2	510	13	13	1	0.808
1	281	0.013	1	193	11	11	1	0.751
1	282	0.013	1	275	11	11	1	0.624
1	283	0.013	1	159	11	11	1	0.799
1	284	0.013	2	310	13	NaN	0	NaN
1	285	0.013	1	550	11	13	0	0.079
1	286	0.014	1	73	11	11	1	0.022
1	287	0.014	1	499	11	11	1	0.190
1	288	0.014	2	365	13	11	0	0.294
1	289	0.001	1	99	11	11	1	0.756
1	290	0.001	1	270	11	11	1	0.771
1	291	0.001	1	343	11	11	1	0.723
1	292	0.001	2	531	13	13	1	0.586
1	293	0.002	1	168	11	11	1	0.554
1	294	0.002	1	154	11	11	1	0.506
1	295	0.002	1	150	11	11	1	0.530
1	296	0.002	1	421	11	11	1	0.618
1	297	0.003	1	53	11	11	1	0.730
1	298	0.003	1	527	11	11	1	0.794
1	299	0.003	2	274	13	13	1	0.593
1	300	0.003	1	236	11	11	1	0.449
1	301	0.003	1	265	11	11	1	0.432
1	302	0.003	1	369	11	11	1	0.600
1	303	0.004	1	359	11	11	1	0.688
1	304	0.004	1	338	11	11	1	0.656
1	305	0.004	1	283	11	11	1	0.672
1	306	0.004	1	348	11	11	1	0.568
1	307	0.004	1	306	11	11	1	0.560
1	308	0.005	1	371	11	11	1	0.544
1	309	0.005	1	134	11	11	1	0.455
1	310	0.005	1	295	11	11	1	0.615
1	311	0.005	1	543	11	11	1	0.639
1	312	0.005	1	448	11	11	1	0.807
1	313	0.006	1	149	11	NaN	0	NaN
1	314	0.006	2	115	13	11	0	0.207
1	315	0.006	1	205	11	11	1	0.638
1	316	0.006	1	347	11	NaN	0	NaN
1	317	0.006	1	119	11	11	1	0.134
1	318	0.007	1	5	11	11	1	0.357
1	319	0.007	2	129	13	11	0	0.357
1	320	0.007	1	395	11	11	1	0.445
1	321	0.007	1	456	11	11	1	0.413
1	322	0.007	1	178	11	11	1	0.469
1	323	0.008	1	490	11	11	1	0.477
1	324	0.008	1	465	11	11	1	0.397
1	325	0.008	1	324	11	11	1	0.476
1	326	0.008	1	145	11	11	1	0.403
1	327	0.008	1	501	11	11	1	0.388
1	328	0.008	1	459	11	11	1	0.348
1	329	0.009	1	286	11	11	1	0.380
1	330	0.009	1	350	11	11	1	0.683
1	331	0.009	1	441	11	11	1	0.467
1	332	0.009	1	433	11	11	1	0.363
1	333	0.009	1	274	11	11	1	0.251
1	334	0.010	1	268	11	11	1	0.266
1	335	0.010	2	448	13	11	0	0.234
1	336	0.010	1	399	11	13	0	0.058
1	337	0.010	1	372	11	11	1	0.410
1	338	0.010	1	116	11	11	1	0.314
1	339	0.011	2	356	13	11	0	0.290
1	340	0.011	1	453	11	13	0	0.225
1	341	0.011	1	165	11	11	1	0.409
1	342	0.011	1	289	11	11	1	0.368
1	343	0.011	1	435	11	11	1	0.329
1	344	0.011	1	373	11	11	1	0.241
1	345	0.012	2	398	13	13	1	0.601
1	346	0.012	1	40	11	11	1	0.392
1	347	0.012	1	254	11	11	1	0.600
1	348	0.012	1	54	11	11	1	0.776
1	349	0.012	1	463	11	11	1	0.640
1	350	0.013	2	236	13	13	1	0.559
1	351	0.013	1	402	11	11	1	0.416
1	352	0.013	1	529	11	11	1	0.751
1	353	0.013	1	69	11	11	1	0.590
1	354	0.013	1	507	11	11	1	0.503
1	355	0.014	1	167	11	11	1	0.407
1	356	0.014	1	487	11	11	1	0.534
1	357	0.014	1	47	11	11	1	0.358
1	358	0.001	1	233	11	11	1	0.435
1	359	0.001	1	245	11	11	1	0.355
1	360	0.001	1	436	11	11	1	0.330
1	361	0.002	1	389	11	11	1	0.474
1	362	0.002	1	28	11	11	1	0.242
1	363	0.002	1	438	11	11	1	0.338
1	364	0.002	1	325	11	11	1	0.290
1	365	0.002	2	259	13	11	0	0.281
1	366	0.003	1	55	11	13	0	0.130
1	367	0.003	1	466	11	11	1	0.297
1	368	0.003	1	209	11	11	1	0.401
1	369	0.003	2	161	13	13	1	0.682
1	370	0.003	1	210	11	11	1	0.449
1	371	0.004	1	192	11	11	1	0.424
1	372	0.004	1	128	11	11	1	0.496
1	373	0.004	1	161	11	11	1	0.560
1	374	0.004	1	393	11	11	1	0.487
1	375	0.004	1	549	11	11	1	0.488
1	376	0.004	1	535	11	11	1	0.376
1	377	0.005	1	337	11	11	1	0.408
1	378	0.005	1	147	11	11	1	0.464
1	379	0.005	1	65	11	11	1	0.591
1	380	0.005	1	422	11	11	1	0.751
1	381	0.005	1	224	11	11	1	0.759
1	382	0.006	2	483	13	13	1	0.638
1	383	0.006	1	545	11	11	1	0.535
1	384	0.006	1	200	11	11	1	0.558
1	385	0.006	1	514	11	11	1	0.510
1	386	0.006	1	333	11	11	1	0.622
1	387	0.007	1	313	11	11	1	0.589
1	388	0.007	1	43	11	11	1	0.573
1	389	0.007	1	387	11	11	1	0.557
1	390	0.007	1	272	11	11	1	0.549
1	391	0.007	1	451	11	11	1	0.565
1	392	0.007	1	212	11	11	1	0.613
1	393	0.008	1	31	11	11	1	0.756
1	394	0.008	1	546	11	11	1	0.668
1	395	0.008	2	68	13	13	1	0.660
1	396	0.008	1	460	11	11	1	0.564
1	397	0.009	1	261	11	11	1	0.771
1	398	0.009	1	491	11	11	1	0.692
1	399	0.009	2	90	13	13	1	0.619
1	400	0.009	1	14	11	11	1	0.683
1	401	0.009	1	360	11	11	1	0.611
1	402	0.009	1	163	11	11	1	0.570
1	403	0.010	1	170	11	11	1	0.626
1	404	0.010	1	157	11	11	1	0.666
1	405	0.010	1	429	11	11	1	0.674
1	406	0.010	1	185	11	11	1	0.594
1	407	0.010	1	428	11	11	1	0.482
1	408	0.011	1	249	11	11	1	0.538
1	409	0.011	1	223	11	11	1	0.481
1	410	0.011	1	335	11	11	1	0.601
1	411	0.011	1	493	11	11	1	0.729
1	412	0.011	1	548	11	11	1	0.553
1	413	0.012	1	326	11	11	1	0.600
1	414	0.012	1	323	11	11	1	0.512
1	415	0.012	1	34	11	11	1	0.544
1	416	0.012	1	68	11	11	1	0.472
1	417	0.012	1	103	11	11	1	0.399
1	418	0.012	1	481	11	11	1	0.472
1	419	0.013	1	183	11	11	1	0.423
1	420	0.013	1	250	11	11	1	0.551
1	421	0.013	1	536	11	11	1	0.583
1	422	0.013	1	511	11	11	1	0.494
1	423	0.013	1	153	11	11	1	0.486
1	424	0.014	1	366	11	11	1	0.479
1	425	0.014	1	462	11	11	1	0.758
1	426	0.014	1	104	11	11	1	0.510
1	427	0.001	1	217	11	11	1	0.380
1	428	0.001	1	85	11	11	1	0.675
1	429	0.001	1	538	11	11	1	0.842
1	430	0.001	1	218	11	11	1	0.722
1	431	0.002	2	517	13	13	1	0.690
1	432	0.002	1	303	11	11	1	0.826
1	433	0.002	1	3	11	11	1	0.570
1	434	0.002	1	216	11	11	1	0.721
1	435	0.003	2	320	13	13	1	0.681
1	436	0.003	1	336	11	11	1	0.729
1	437	0.003	1	418	11	11	1	0.601
1	438	0.003	1	111	11	11	1	0.433
1	439	0.003	1	280	11	11	1	0.401
1	440	0.003	1	479	11	11	1	0.488
1	441	0.004	1	230	11	11	1	0.400
1	442	0.004	1	362	11	11	1	0.416
1	443	0.004	1	276	11	11	1	0.352
1	444	0.004	1	189	11	11	1	0.288
1	445	0.004	2	174	13	13	1	0.607
1	446	0.005	1	105	11	11	1	0.423
1	447	0.005	1	334	11	11	1	0.375
1	448	0.005	1	237	11	11	1	0.359
1	449	0.005	1	33	11	11	1	0.327
1	450	0.005	2	306	13	13	1	0.679
1	451	0.006	1	262	11	11	1	0.518
1	452	0.006	1	392	11	11	1	0.334
1	453	0.006	2	218	13	13	1	0.694
1	454	0.006	1	282	11	11	1	0.478
1	455	0.006	1	75	11	11	1	0.509
1	456	0.007	1	311	11	11	1	0.366
1	457	0.007	1	377	11	11	1	0.342
1	458	0.007	1	235	11	11	1	0.677
1	459	0.007	1	471	11	11	1	0.517
1	460	0.007	1	278	11	11	1	0.621
1	461	0.008	1	524	11	11	1	0.492
1	462	0.008	1	194	11	11	1	0.485
1	463	0.008	1	203	11	11	1	0.636
1	464	0.008	1	131	11	11	1	0.452
1	465	0.008	1	22	11	11	1	0.732
1	466	0.009	2	260	13	13	1	0.619
1	467	0.009	2	226	13	13	1	0.803
1	468	0.009	1	83	11	11	1	0.683
1	469	0.009	1	478	11	11	1	0.763
1	470	0.009	1	409	11	11	1	0.507
1	471	0.010	1	143	11	11	1	0.483
1	472	0.010	1	160	11	NaN	0	NaN
1	473	0.010	1	158	11	11	1	0.762
1	474	0.010	1	225	11	11	1	0.674
1	475	0.010	1	319	11	11	1	0.450
1	476	0.010	1	383	11	11	1	0.426
1	477	0.011	1	220	11	11	1	0.530
1	478	0.011	1	298	11	11	1	0.378
1	479	0.011	1	351	11	11	1	0.481
1	480	0.011	1	293	11	11	1	0.489
1	481	0.011	1	486	11	11	1	0.417
1	482	0.012	1	403	11	11	1	0.313
1	483	0.012	1	434	11	11	1	0.320
1	484	0.012	2	211	13	11	0	0.208
1	485	0.012	1	304	11	13	0	0.032
1	486	0.012	1	473	11	11	1	0.552
1	487	0.012	1	226	11	11	1	0.464
1	488	0.013	2	144	13	13	1	0.647
1	489	0.013	1	312	11	11	1	0.583
1	490	0.013	1	344	11	11	1	0.599
1	491	0.013	1	58	11	11	1	0.398
1	492	0.013	1	258	11	11	1	0.359
1	493	0.014	1	483	11	11	1	0.351
1	494	0.014	1	322	11	11	1	0.366
1	495	0.014	2	192	13	13	1	0.742
1	496	0.001	1	346	11	NaN	0	NaN
1	497	0.001	2	61	13	11	0	0.035
1	498	0.001	1	56	11	11	1	0.507
1	499	0.002	1	297	11	11	1	0.691
1	500	0.002	2	436	13	13	1	0.795

*********************************************
* Sustained Attention and Recognition Memory Experiment - Memory Test v.1.0
* Date/Time: 30-Oct-2015 13:42:09
* Seed: 214833.3485
* Subject Number: 9
* Subject Name: KP
* Run Number: 1
* debug: 0
*********************************************

1	1	1	1	508	33	1	3.241
1	2	1	3	162	31	1	1.948
1	3	1	3	222	33	0	1.843
1	4	1	1	13	33	1	1.359
1	5	1	1	288	32	1	1.791
1	6	1	1	193	33	1	1.011
1	7	1	1	369	30	0	1.724
1	8	2	4	484	33	0	1.779
1	9	2	2	546	33	1	0.891
1	10	1	1	249	33	1	1.253
1	11	1	3	357	31	1	2.095
1	12	1	1	260	31	0	1.305
1	13	1	1	268	31	0	1.278
1	14	1	1	129	31	0	1.451
1	15	1	1	397	33	1	1.349
1	16	2	2	464	33	1	0.759
1	17	2	2	211	33	1	0.684
1	18	1	3	234	30	1	1.561
1	19	2	4	400	30	1	1.123
1	20	2	2	368	33	1	1.416
1	21	1	1	411	30	0	2.165
1	22	1	1	422	31	0	1.111
1	23	1	1	210	31	0	1.396
1	24	1	3	413	30	1	1.524
1	25	1	1	112	30	0	1.421
1	26	1	1	83	32	1	2.253
1	27	1	1	206	32	1	1.956
1	28	1	1	2	31	0	1.302
1	29	2	4	24	30	1	1.520
1	30	2	4	373	30	1	0.947
1	31	1	3	379	31	1	1.389
1	32	1	3	19	31	1	1.119
1	33	2	2	218	33	1	2.439
1	34	1	3	449	30	1	1.278
1	35	1	1	376	31	0	1.110
1	36	2	2	386	32	1	1.439
1	37	2	2	161	33	1	0.909
1	38	2	4	299	33	0	0.846
1	39	1	3	464	31	1	1.526
1	40	2	2	260	32	1	2.806
1	41	1	3	540	31	1	2.277
1	42	1	1	190	30	0	1.599
1	43	1	1	421	30	0	1.052
1	44	1	1	155	33	1	1.348
1	45	2	2	390	31	0	2.934
1	46	2	4	402	30	1	1.322
1	47	1	1	121	33	1	1.293
1	48	1	3	492	31	1	1.063
1	49	1	3	267	30	1	1.299
1	50	1	3	542	32	0	1.097
1	51	2	4	243	31	1	1.779
1	52	2	4	249	30	1	1.132
1	53	1	1	428	32	1	2.255
1	54	2	4	222	32	0	1.863
1	55	1	1	144	32	1	1.552
1	56	1	3	358	30	1	1.203
1	57	2	4	515	31	1	1.864
1	58	2	2	274	33	1	1.327
1	59	2	2	236	33	1	1.073
1	60	2	2	523	31	0	4.049
1	61	2	2	209	32	1	1.715
1	62	1	3	485	30	1	1.196
1	63	2	2	483	32	1	1.151
1	64	2	2	448	33	1	1.244
1	65	2	4	457	30	1	1.286
1	66	2	2	398	32	1	1.208
1	67	2	4	168	31	1	1.584
1	68	2	4	262	30	1	1.036
1	69	2	4	14	30	1	0.852
1	70	2	2	144	33	1	1.243
1	71	1	3	208	30	1	1.752
1	72	2	2	310	32	1	1.967
1	73	1	3	114	31	1	1.751
1	74	2	2	174	32	1	3.097
1	75	2	2	531	32	1	1.635
1	76	2	2	115	32	1	2.251
1	77	2	2	61	31	0	1.389
1	78	1	3	42	31	1	1.374
1	79	1	1	495	32	1	1.158
1	80	2	4	441	32	0	2.795
1	81	1	1	33	31	0	0.957
1	82	1	3	349	31	1	1.362
1	83	1	1	321	30	0	1.668
1	84	1	3	414	30	1	1.319
1	85	1	1	277	30	0	2.876
1	86	2	4	364	31	1	1.904
1	87	2	4	289	30	1	1.372
1	88	1	3	310	30	1	1.159
1	89	1	3	430	30	1	0.740
1	90	1	3	440	30	1	0.536
1	91	2	4	462	30	1	1.285
1	92	2	2	86	30	0	0.650
1	93	2	2	510	32	1	1.324
1	94	2	4	490	31	1	1.638
1	95	1	1	438	32	1	1.662
1	96	2	2	129	30	0	1.083
1	97	1	1	362	32	1	1.453
1	98	2	4	151	31	1	2.178
1	99	1	1	326	33	1	1.682
1	100	1	1	265	32	1	1.531
1	101	1	3	457	31	1	3.118
1	102	2	4	438	31	1	1.200
1	103	1	3	480	31	1	0.682
1	104	1	3	519	30	1	2.055
1	105	2	4	147	30	1	1.125
1	106	2	4	282	32	0	1.755
1	107	1	1	390	33	1	1.511
1	108	2	4	135	31	1	1.476
1	109	2	2	503	31	0	0.990
1	110	2	4	380	30	1	1.134
1	111	2	4	341	33	0	1.286
1	112	2	2	365	30	0	2.341
1	113	1	1	456	30	0	3.844
1	114	2	2	312	31	0	1.630
1	115	1	3	498	31	1	1.075
1	116	1	3	23	30	1	1.352
1	117	2	4	479	30	1	0.831
1	118	2	2	131	33	1	2.348
1	119	2	4	409	31	1	1.307
1	120	2	2	270	32	1	1.837
1	121	2	2	306	32	1	1.064
1	122	1	3	96	31	1	1.146
1	123	1	1	32	32	1	1.100
1	124	1	3	98	32	0	1.542
1	125	1	3	425	31	1	1.139
1	126	1	1	436	31	0	1.157
1	127	2	2	136	33	1	1.346
1	128	1	3	64	30	1	1.551
1	129	2	2	356	33	1	1.265
1	130	1	3	118	30	1	1.363
1	131	1	3	90	30	1	2.067
1	132	2	4	230	30	1	1.026
1	133	2	4	208	30	1	0.773
1	134	2	4	54	30	1	1.103
1	135	1	1	218	33	1	1.868
1	136	1	1	401	30	0	1.235
1	137	2	4	288	30	1	0.843
1	138	2	2	226	30	0	1.095
1	139	2	2	72	30	0	0.932
1	140	2	2	415	30	0	1.199
1	141	1	3	305	33	0	1.518
1	142	2	4	106	31	1	1.808
1	143	2	2	68	31	0	1.603
1	144	1	3	243	32	0	1.127
1	145	1	1	3	32	1	1.436
1	146	1	3	213	30	1	1.395
1	147	1	3	526	30	1	1.446
1	148	2	4	443	30	1	1.421
1	149	1	1	445	30	0	1.231
1	150	2	2	320	30	0	1.588
1	151	2	4	507	30	1	0.865
1	152	1	1	388	30	0	1.251
1	153	1	1	95	31	0	1.397
1	154	2	4	1	31	1	0.906
1	155	1	3	530	32	0	1.919
1	156	2	4	374	31	1	1.188
1	157	1	3	370	32	0	1.197
1	158	2	2	90	33	1	0.963
1	159	2	2	259	32	1	1.221
1	160	1	1	309	32	1	1.042
1	161	2	4	384	31	1	1.207
1	162	1	3	242	31	1	2.364
1	163	2	4	19	30	1	1.558
1	164	1	1	360	32	1	2.141
1	165	2	4	504	31	1	1.066
1	166	2	4	285	30	1	2.143
1	167	1	1	168	30	0	4.553
1	168	2	2	436	30	0	1.297
1	169	1	3	513	32	0	1.855
1	170	1	3	308	33	0	1.894
1	171	2	4	455	31	1	0.974
1	172	1	1	145	32	1	1.483
1	173	1	3	25	30	1	6.069
1	174	1	1	85	30	0	1.100
1	175	1	1	396	32	1	1.329
1	176	2	4	214	31	1	0.978
1	177	2	4	52	31	1	0.685
1	178	1	3	115	32	0	1.000
1	179	2	2	286	33	1	1.148
1	180	1	1	54	32	1	0.991
1	181	1	3	106	31	1	1.707
1	182	1	3	39	32	0	0.944
1	183	2	2	318	30	0	1.426
1	184	1	3	509	31	1	0.930
1	185	2	2	517	33	1	1.700
1	186	1	1	186	33	1	1.015
1	187	1	3	271	30	1	4.076
1	188	2	4	293	30	1	1.240
1	189	2	2	192	33	1	0.970
1	190	1	3	136	31	1	1.487
